1000 2
2884 1715
3714 4179
6899 1917
6956 6498
3525 3133
156 7535
2316 9504
1039 5495
3643 62
1807 2892
4855 768
9426 3499
6187 33
8006 1004
8271 9508
3884 1155
1223 7599
5334 8122
9517 2291
4621 3042
5425 4777
578 7741
4282 1617
3236 7925
1680 5044
818 6535
5813 245
35 2000
278 8042
3004 8550
7550 6889
9706 8773
4489 5041
6896 4006
7332 1518
7049 2758
6296 7627
500 578
9245 3737
8504 926
8781 9322
7461 4594
9567 7497
6595 9846
5539 9599
8397 3089
6489 8103
1863 978
3144 8760
4985 477
278 2035
3236 6574
9663 3736
7153 8908
7473 5657
9834 6254
4980 7296
849 4548
4794 7444
4395 333
7044 2792
3423 3534
895 5287
4513 4040
4047 9498
4518 4325
1534 7754
900 1197
1490 8053
105 8964
3710 9940
5219 8691
7237 6068
3239 2031
3512 7634
2365 557
427 5789
4091 1323
1076 8604
5363 5123
8103 9882
9449 9637
7637 349
835 9128
8402 941
8092 2113
881 3311
805 8119
9379 4045
151 2892
1680 2517
3450 2107
8306 7542
3430 9383
6147 8794
4506 4250
8676 3956
3888 6314
4305 4723
5442 2708
5665 3534
4822 6547
6846 5627
4666 6225
9672 4818
9118 1352
7335 2569
3460 5642
111 6890
5025 6258
5684 9532
509 4361
3488 4397
675 7794
9121 6117
502 4787
9652 5325
1334 6498
952 6000
2724 625
819 1842
1978 8155
4411 5438
3797 4523
2328 8823
781 8013
8355 1290
2374 1844
5688 3050
9638 4810
9167 141
9597 8820
5466 931
5318 6419
6932 8042
7044 7751
9885 9023
5906 4297
4461 9704
8820 6790
8528 9601
4804 6883
892 7179
8728 6580
229 8367
1391 9397
8508 988
8217 3974
1920 3536
394 8852
1578 7439
6604 1463
6462 2511
5761 924
2215 4581
7714 743
4183 2518
7627 5075
9697 6356
1656 9927
4723 3047
9324 3231
4036 7542
7206 5956
1078 7600
4809 2656
5039 1413
4120 1501
3924 9881
2426 6140
4463 140
6883 8646
2659 4511
3722 2357
867 5379
2285 5590
8426 1609
8822 2463
9151 6028
8419 230
3629 3228
2886 8669
4642 7007
171 8566
6889 2597
4706 1353
2738 1590
0 5397
6102 3722
7755 6969
9102 40
2560 7529
1650 1383
9992 802
7411 8411
1032 1041
1640 3919
9710 6282
927 9881
4849 7816
2479 9556
9169 5217
1147 9169
614 7249
2892 8370
4219 1994
8411 6779
9523 61
8162 9516
863 5574
7927 1896
6616 9568
5815 6326
5851 6742
6208 700
4559 8687
257 3728
3904 1404
2898 4519
8653 5791
2890 2872
7786 1301
9652 7309
1362 7815
6825 2226
3389 4753
4122 5
4322 9938
6332 174
6680 2541
874 1240
1228 1132
4969 5133
2536 7867
9652 1190
3659 2543
4062 1445
3844 3715
8755 5207
1530 5581
7434 4920
335 1556
4926 4658
1495 1259
4832 8175
3800 5707
9416 5029
6839 4385
162 9375
2253 9815
565 5912
2358 4628
7358 6202
8343 6113
1410 9874
1695 8844
4794 2031
401 9721
6689 1896
980 1521
72 4780
7228 9488
9809 4067
3873 9971
3443 6126
9787 4009
2039 2145
8638 9397
8348 6982
5511 9758
6856 7207
8603 1651
9238 9004
1372 5928
900 2353
7449 972
7133 4678
460 6943
8746 4334
6915 2189
461 6702
6199 2500
8848 4837
1898 7196
1819 7410
6955 8676
4617 5558
328 3856
4562 1700
9784 5463
4054 7233
6435 1187
1911 6896
8131 658
1230 5046
2847 1692
1748 9047
4192 596
3884 6091
7793 5704
3501 4748
4381 8118
307 4709
1974 4870
6410 1759
333 464
8992 6768
1652 904
3665 9783
1563 4895
4829 4410
6588 6578
3458 780
7175 7342
6871 4968
3047 372
9717 7428
8491 24
2138 466
4894 8548
2225 5227
9013 1218
1996 665
2123 5661
448 3686
557 5278
8097 7145
1856 1555
7926 9031
8898 4798
4000 1946
5170 3717
9375 3662
3742 1513
4129 8637
62 6355
3865 9075
7574 5862
9741 9697
1523 190
3384 2081
5468 1482
9227 7325
3038 7153
6357 1937
1951 357
3883 7122
4075 3259
785 7818
4773 4914
6456 4835
1269 321
3911 8843
6183 3652
8541 7707
3843 1926
9788 9312
3409 9015
6637 6447
6169 2995
8384 8120
3352 2268
5243 7428
5528 6028
5247 301
942 1703
5136 2212
2025 9048
1056 8208
2701 9597
5916 6544
1524 5705
5856 4933
4721 2494
1380 890
5489 9765
9011 8842
2034 4254
6271 7562
282 1518
7863 1225
3222 3000
3437 5247
2048 4493
3456 4749
4091 9372
1294 5615
5077 7151
549 9798
9645 1929
688 5134
1695 9700
3977 3730
3954 248
1292 4236
1766 9156
5461 4988
2156 8899
236 4204
3392 3692
8954 7484
3064 248
3100 8142
7399 3649
7941 7045
5579 8630
2179 7274
8330 6157
1004 2284
6405 2297
6521 8171
1453 1983
3160 3609
882 3396
7814 4275
7089 6769
1759 154
7018 4859
8297 4418
8509 6238
1463 4088
4868 3643
1363 3199
9800 2367
5483 6205
4665 2005
4377 6118
3988 7538
9728 4870
935 7543
9146 8024
4312 906
8178 1330
5766 6475
5748 4275
2714 7212
8363 7583
855 9726
782 655
2094 6265
6861 6759
8270 1238
2878 2259
8776 2607
7130 9711
150 6276
7736 4463
7182 5915
5794 2948
2391 1543
7223 5105
8755 5587
2688 9611
5313 3470
266 7408
9736 7128
4167 8007
8366 7046
266 7143
9654 7396
6855 9805
3672 4591
4268 855
506 63
3803 2897
1606 1027
8003 362
6614 691
9973 1927
4162 240
9336 3899
7368 3503
1906 5735
550 2173
2878 205
9569 9733
10 3242
4325 4279
4098 4832
4342 7901
7729 5949
8929 5733
6312 5543
6425 6285
7471 587
6526 6807
4487 3895
311 6393
9630 862
8567 2509
1067 8136
2243 1077
1379 6568
5356 5478
1400 9699
3380 9130
5648 2309
4864 1960
7852 1289
8246 5324
1877 4773
2132 6364
8668 2443
2758 8299
3305 1325
808 4373
9462 3051
5450 842
9620 807
6320 1021
507 9700
152 6156
2009 5016
8117 9862
6306 6363
5187 8183
1137 7319
4548 9805
9762 7306
8104 3068
8631 8912
7442 8094
1964 2893
8936 1585
3700 5256
2606 4207
4956 2759
364 6966
7775 8481
6829 4081
4844 2016
2265 5981
9335 6813
5787 9098
4119 3891
2167 2751
2804 9609
845 4769
2502 9782
6354 6203
5038 8961
411 9995
1720 775
6962 9496
9256 3791
3578 4101
5807 5843
83 5143
2657 5870
4241 6777
9762 6409
9529 2566
6019 374
7336 8521
157 3690
4725 5195
2651 5137
5191 4372
5912 2153
3868 5169
5944 7447
9271 1752
3290 9354
6895 5948
5225 1137
2725 4987
7546 2254
7554 3566
2629 4891
2088 2786
8581 6813
7982 1233
1950 3173
5606 7863
5326 9475
3033 1270
6922 2304
3022 213
1658 9918
6161 6884
1055 8887
1872 8602
1141 9426
2168 3771
4318 4256
6557 2899
1070 4539
4133 3020
7712 9739
884 3039
9214 3917
4310 6137
6221 7333
6350 7880
7251 2512
4764 8306
1399 6636
6909 2540
6063 9077
6312 381
3334 2869
3281 4404
7409 7414
7425 5122
7154 8309
8161 6369
2227 2472
2506 8449
9805 8856
6329 7056
1369 1094
5363 2768
7731 2272
5309 3795
1350 1621
4177 4684
4491 7458
9088 1900
4873 6513
7022 2028
4823 5184
8397 7050
7656 904
5499 7461
9761 1829
4518 1130
2924 9881
3898 655
2154 9207
4451 3505
829 8628
8189 5320
6087 7278
7220 961
3792 4243
2989 8615
9427 1387
5666 7084
2291 1166
4546 2052
2995 9064
3182 5919
8946 7081
6575 1101
6289 1026
4606 7118
9654 2796
2438 5741
74 9659
6703 3866
3902 9692
2482 3330
1080 8148
415 3371
9314 4961
5424 2310
4026 8607
8230 2972
5688 4805
4073 1977
5831 8680
9096 5486
1476 1534
1228 1550
1193 7931
5417 5096
7624 7900
8427 8704
6048 8842
2076 5363
3803 7501
7674 7830
6108 5904
802 1797
710 4876
3775 6541
3557 2871
2028 5033
4406 3256
6584 5600
1188 2002
696 8812
9902 9124
7517 5951
7966 9593
1314 1770
7094 8989
9600 3203
4893 403
5000 5603
5280 8776
2145 8837
1647 4173
3870 6053
7430 455
1653 8618
2457 2350
7431 2359
1474 4948
8310 9441
4541 9625
1212 1636
8614 812
4840 3508
1216 9840
9112 6496
8617 1257
5333 264
5431 9203
6318 2862
9658 7972
1480 2115
323 8911
4475 1798
3860 2785
1239 8401
2411 2451
38 1025
3264 4878
4533 4480
4719 3646
976 3336
4903 6309
3601 335
5513 9919
3197 5172
7892 4678
7288 8215
3590 1763
13 7450
4549 1252
5852 6960
3704 5890
7986 6969
769 2519
1450 5489
6165 2426
8826 1069
8736 2427
1405 4250
2347 4602
9422 239
9281 6711
8454 2871
8475 8467
321 3024
9720 6174
9985 3425
2065 7971
394 2834
490 1844
8323 6656
4271 7150
7726 3008
9577 9131
7258 1924
3734 6681
2163 3015
3392 618
5887 1867
9085 6209
4892 8806
2383 4877
2231 4448
2848 2626
7283 3339
4471 5607
9996 8742
2757 7722
1750 2334
6854 9009
4259 589
5690 6422
3605 9083
7041 9492
951 6126
5702 5843
4933 8085
720 7164
2534 3568
9791 9817
6908 4262
5424 6904
3004 8181
4627 4755
515 1481
3765 4774
2071 9455
1197 5676
8539 8238
5169 9490
4365 871
5333 9299
8957 6053
6463 1491
9622 6254
1308 6530
517 6732
3435 3521
4913 8062
8277 5429
9544 2042
204 1615
1498 1402
7292 37
9641 2461
9527 4007
3333 4861
3306 2290
915 9770
3781 537
6024 5089
7068 6542
1822 503
63 6736
8566 8341
2165 8110
383 2370
9726 1882
3772 7018
1920 3414
9480 1447
7421 2813
6309 727
5104 7224
497 8885
7762 6522
3975 4831
3064 5797
5335 3128
2534 3901
1469 4699
2012 1853
7070 1738
3735 843
8757 5656
4257 8238
7103 1678
1052 3413
2405 6156
637 2903
5042 8400
9425 9017
3231 2490
4815 8566
5618 7349
2468 7088
2049 4481
8941 9120
6220 2677
9963 4977
8333 4220
3216 5437
5898 4268
8851 8304
424 9488
1208 5466
7889 634
4484 1120
3124 9299
9687 8743
6649 2156
5831 8699
6637 4773
7819 2857
7451 7782
7835 5785
2002 1051
1223 7901
5319 74
6206 5743
9563 7414
1210 7452
8049 5694
8573 1173
4994 8261
9916 1643
417 5748
342 7054
521 8161
9911 7972
5944 7747
3757 7947
8798 4980
5849 4117
5055 2055
9861 4618
9470 1071
2071 7519
6765 644
8693 1759
8905 8610
3403 9323
4358 3745
6377 4879
1907 6289
2852 7852
4036 6610
5799 2835
1590 1648
6952 6646
3704 6813
1264 3175
7884 3335
695 4650
3980 9388
6409 2886
7999 9812
2209 2357
3558 8586
7236 5466
4876 88
3318 8913
6698 9117
1748 8289
766 8701
4936 4470
5514 6200
7646 3399
9536 8341
8049 3516
7730 4459
6403 5729
4271 8612
8086 7830
7199 5323
3296 2075
5412 6615
989 2111
5733 2738
400 6499
1439 5337
970 6953
1537 8616
353 1074
6958 8402
4591 4688
2861 994
417 7133
9606 8504
4964 6805
3827 8261
8881 9239
4876 9871
1350 609
2609 1751
7109 4049
7088 8079
1003 8626
6696 1356
9701 3654
9758 4292
8342 2620
5287 8760
9754 4894
7264 4718
1700 1092
2979 582
332 7855
453 1683
8465 3063
3435 5574
7112 524
3653 8115
9150 350
9472 8852
4004 9230
3145 2347
1851 8432
1107 1605
3327 8372
6323 5027
9465 9302
5609 9797
7158 6063
1480 5623
9126 4915
1198 6239
5439 4852
4355 4590
5202 3827
3443 9206
3058 6588
1554 4910
5021 2661
6515 8348
1034 2839
3375 499
2142 8985
297 9300
5048 1778
4924 4175
6693 6122
415 2133
974 4770
6724 6177
8598 167
5384 1657
6755 6938
6567 1777
