1000 2
7857 6983
2041 2394
6467 475
9610 9933
1166 9130
1748 3688
3634 214
5631 8103
4066 5069
3199 8523
3235 2646
2563 3201
8990 6715
6290 4874
5840 9557
3283 3697
6541 5324
6092 3008
5799 5702
2941 6966
4832 4690
655 8467
4904 6286
6571 8970
1355 9770
7494 4591
2416 57
7792 1407
6773 4083
6282 2613
3640 9565
6310 181
4890 2402
3189 690
8105 6130
7656 2938
820 8311
1405 5724
4597 7977
4695 5953
7747 2189
545 164
2247 8337
1571 9021
2420 7854
1634 6061
7419 7945
6242 2310
347 9431
3000 8453
5562 657
1391 6383
8968 2797
2108 3566
774 6804
9520 8522
8993 65
8686 1241
8403 257
262 824
8112 1897
6885 5531
9842 3128
7841 190
2559 842
8644 8122
1499 35
4505 468
2833 6613
4035 3607
3417 3556
2129 2411
3622 816
3653 2026
1074 3916
2850 9186
5814 9736
4717 5657
2864 2559
5847 5424
3402 4492
3546 4901
4527 8052
5370 7361
4665 9405
969 8083
2962 3098
495 6584
3915 4148
8610 4989
8065 1461
4175 3879
1197 8893
9536 4062
1453 5384
9486 4855
9876 3033
9756 4404
1085 5127
1765 5751
4532 2734
3834 7494
5833 4330
4079 9748
8479 2689
4737 6544
4151 8913
423 5349
7807 9960
9411 9260
5344 8898
4115 5221
1931 3872
9625 3016
8999 1391
8768 3532
4125 2602
1027 9959
6933 5106
9707 5412
7796 4445
1956 1947
3359 2380
7296 1166
2340 6708
426 7685
5606 4542
2907 7538
8414 2532
555 7414
3924 9323
946 8049
1926 1973
8009 8859
7080 7717
4271 4876
2162 6227
6824 5522
8608 4121
6688 949
830 7115
8635 6436
1657 1542
3975 72
4075 4530
7486 7999
3853 8432
6048 5779
406 4058
4638 7486
1775 8910
2363 3938
5137 9187
9460 3746
3309 6149
4695 4139
3265 3330
576 4922
4873 4551
4995 8948
9082 2481
6947 2935
913 2996
8715 1320
7054 3353
8806 8829
2263 1169
2767 7401
357 2227
1148 3666
8377 5843
7806 1642
9174 8382
6565 4047
2934 1560
2995 2016
4041 9943
4951 4955
2939 3667
6275 9993
7020 5081
8822 9284
6251 1589
6686 6609
3817 7834
275 2194
3678 8082
3837 2853
6465 402
6901 9399
1962 9897
1415 6003
9840 6367
958 2779
35 7234
2772 7056
2316 1595
6340 8567
3184 3027
5176 7002
862 5452
9197 4540
3534 3034
7394 9999
3436 4295
9399 5399
4192 815
1402 4032
7183 2361
6812 7218
9595 9584
4274 1911
1179 615
479 4364
3642 5656
1367 4505
1108 564
9046 4643
3599 6440
4643 7035
735 4042
2435 4928
4857 3838
8961 2041
6199 5773
9259 5795
5358 3533
7707 6538
4149 8187
902 7792
3843 2270
2297 4951
2834 1343
9595 6433
7783 4238
3469 8519
8280 5904
3448 3138
9742 2409
5179 5942
8183 4439
1738 3542
7973 9446
80 2122
7633 983
9914 1476
3253 2211
6428 6087
3555 6023
2521 1338
262 5990
9858 8543
1895 3307
1682 1638
5716 6861
7580 3900
1301 9319
7442 9274
8765 7522
1396 6398
8506 1311
7875 1759
3523 4304
7847 7078
328 368
8417 590
6359 8276
9133 8254
1583 815
9892 7300
7677 7473
1200 8978
6792 8642
8253 5557
6165 9650
1956 4671
961 9831
6431 4485
4135 4278
1563 4464
4647 9981
5054 1006
8257 4188
9260 9840
5004 9153
7140 2681
6626 8341
1660 3419
6984 9914
8976 3150
9564 932
7821 526
764 4253
5011 4900
8531 6575
9364 3178
6556 4419
4185 4813
8607 3446
4654 3611
2599 1795
6293 9226
136 7953
2646 7120
7867 1622
270 7432
2555 8092
7958 3320
2346 2969
8220 877
9544 7585
4056 6101
2004 8242
914 611
1688 5569
4223 4287
7364 516
3514 7501
8470 6160
4622 6337
7783 4893
3770 339
2985 1728
3659 5331
4698 1880
6209 4243
9466 266
344 1470
8508 1259
2082 196
6829 6305
4484 4193
6821 7999
1694 5291
4160 6317
1629 1943
1210 5400
2283 4195
7128 5943
9527 1827
7823 5737
6070 7290
6003 6415
8760 4512
7675 842
4708 4504
7148 9193
8697 3969
7192 392
9261 1352
6709 891
3296 7920
6291 5579
2115 3420
1522 1643
5247 9346
7380 1318
6636 3384
7733 5397
7896 5408
6239 2605
9913 3388
1799 8611
7357 8991
9003 6619
344 5713
7511 3641
3633 3802
9220 5749
7222 743
7393 2470
90 4774
3788 6727
8158 1522
2124 6055
6931 8364
8661 6844
1752 460
5455 9110
9452 4459
5730 9796
173 3241
3438 3806
7043 2659
9556 4266
3402 6950
6737 3493
1724 525
220 9883
2048 2344
5938 8979
709 4600
5823 2461
5060 1278
1572 4512
5738 7302
4309 5911
543 7747
9718 7587
407 9275
1854 3809
6225 8591
7303 7949
9117 7523
7832 1165
9868 3771
144 578
8371 5968
3040 3432
7247 4612
7945 2985
1915 2255
8896 2458
3 8614
46 410
7889 1901
4220 4115
492 1523
2064 9610
9047 9897
775 8915
3668 920
9494 2040
6888 2534
5473 4135
7146 3418
7121 9061
5674 6017
1520 5677
4632 1567
6088 2522
3468 308
6637 3961
1832 8702
3571 879
8599 4347
9795 2268
5267 9289
4308 2155
1823 9782
6291 8970
3201 3412
8031 8875
9430 9552
4553 4062
1119 641
6585 4587
950 3222
8549 2782
1924 2120
3661 524
6467 3456
2792 1735
2746 7101
3891 4569
6883 182
3539 84
3595 1571
8960 3025
1123 3513
7088 2243
4155 3673
6830 5106
6896 5379
7888 8821
7500 1550
9346 3968
5007 2138
5703 7753
9239 9594
2323 6123
9777 5863
6207 3372
7434 5168
6398 8558
8682 3487
801 2837
7161 7632
7943 4057
3012 5832
2879 512
7382 2225
4480 2389
4364 184
143 3603
9778 2466
9726 9555
8329 5934
2928 5764
1103 9327
4322 9785
2814 5123
2623 9975
2755 567
4033 5767
6399 6912
6280 3782
9138 761
6172 3502
945 6315
7106 724
8782 6833
279 7111
2768 3208
2876 3871
2535 7198
3656 5350
2322 6280
5325 5077
6847 9358
845 3247
6271 7126
7030 5410
7887 3202
8912 8832
9518 6018
9556 8300
2851 9836
5412 5619
3045 8288
9491 5581
5487 3148
931 7809
9428 6257
2887 6276
5615 3732
9524 1887
859 6555
7297 8746
9758 6210
7579 9276
2229 7136
7577 5081
6973 2990
701 18
1278 192
5599 6766
3340 6531
4575 2769
2788 7462
9046 8404
1195 8570
291 2054
5125 7589
800 4883
3800 8380
4160 6029
5516 1737
1110 2489
4727 1811
2508 6006
2003 8107
2772 5344
4638 7348
8113 7427
4810 7159
5831 6005
5730 6123
8059 856
3712 8860
5740 7513
7240 9900
3542 2756
1638 4652
5246 6366
6464 7754
2373 8468
5861 5146
3812 500
2494 1926
7928 7304
9086 3759
3310 4816
9882 1369
5673 3595
230 1413
1108 7470
1314 4650
227 2952
9303 5473
9319 5767
3227 1692
4235 9089
6838 8048
9590 9332
9974 7518
6637 9061
1277 9947
3878 1160
1317 9551
4755 1547
964 5863
9017 2278
514 9244
5231 9817
4718 4550
5585 7945
6242 9821
7034 3081
7870 6625
2414 7845
4143 9051
6906 5421
8999 784
6581 316
335 1336
1864 1300
7200 882
3579 7714
127 8811
7532 4845
3361 3118
2791 9604
2940 9825
2685 810
6451 5099
8656 594
4151 5562
6016 3150
6347 2597
3467 6683
3934 5331
7984 1134
6214 1563
8849 6341
375 6382
1186 3736
9501 3977
3341 2441
3803 6027
3252 255
1127 1909
850 5278
7472 6866
8429 3819
9464 1897
502 3398
7229 8487
4533 3443
51 3383
9784 426
9766 971
4163 9267
4949 7504
1709 8753
3531 4962
9008 4658
6871 9858
9937 4343
6725 8367
8163 6189
264 8666
9587 7494
7153 4121
937 7204
7504 722
7631 7271
1694 1794
6538 6643
9298 8248
5397 2830
3210 4405
7489 82
4264 7427
4426 989
5794 2589
7179 6059
1256 6767
3553 8409
888 4491
5614 8393
5213 3245
5664 6907
5039 2203
3551 4338
451 8948
7168 3662
3354 4658
3744 7618
2085 8170
8608 7880
760 5787
3939 2016
2554 7493
426 3443
1984 6040
1837 7197
9286 7501
4105 4326
9705 7656
8664 156
6604 5833
3818 9958
491 7563
7577 2577
5733 6186
457 6494
1973 4397
8510 4528
1891 8937
7972 3875
4977 9809
1073 4264
7310 5178
8590 7015
2834 7254
7172 9439
3088 990
9398 3580
8554 6975
6158 4288
3161 6616
782 5135
1013 9293
9664 2905
8230 7636
6781 3208
7445 7854
7472 4756
3033 6062
1771 5868
3317 8944
5307 6406
9935 4705
9986 8489
1681 6144
2777 4842
2761 3559
9978 3775
2853 9642
6680 1083
7278 3461
4291 4723
1315 1764
9479 4349
7826 1251
217 1144
195 5524
7551 131
230 7538
8620 1911
3683 1398
6754 6444
4957 6732
219 7811
6374 6899
8894 3652
360 3186
8376 1676
4950 7856
6025 2777
9107 6243
3921 9303
1767 1473
9435 1998
9011 8055
3910 2694
9454 664
9138 4412
7397 9357
2223 3771
6256 1117
7424 6617
4303 5801
8294 9253
3657 4320
2030 2765
563 5952
2069 2331
7425 1504
4330 6436
9560 8240
9130 9014
8904 8269
3426 6301
7626 5649
73 3883
6767 7498
501 1070
3299 8795
324 6957
3116 2354
9722 3680
8307 1791
6011 5733
3296 341
2170 2856
8582 1301
1871 7486
9570 5297
3788 7197
947 3862
1080 7714
1360 1581
8785 4660
377 9109
1617 3494
1464 1339
7174 9772
3131 3186
5505 6427
3527 7675
9284 2109
8977 1156
9596 8547
6453 3385
5744 7401
7248 6825
5116 8609
8407 3901
3269 8784
3010 4887
2279 4475
6227 9453
4247 9359
2639 9752
5787 6167
7428 5071
8277 6405
6227 7874
4952 2681
1260 697
83 8508
7522 5199
7117 5929
9100 387
4714 2111
5275 6993
6586 1502
6447 834
861 9086
586 6648
5253 8015
1720 3531
4420 7948
1405 9373
630 2665
71 713
1173 7593
5913 8291
3523 5014
8679 8237
7125 3954
5231 3712
5456 1678
4547 6318
764 5134
2967 6018
3149 4687
9549 7569
2635 954
6943 3266
3620 7014
3979 4793
4608 9892
3085 8131
4907 1764
6369 2033
5719 1601
5746 1176
3279 293
7494 4044
5427 461
63 8576
5149 9613
6146 7785
567 3090
1051 4188
104 5031
8982 4713
4924 2067
2844 9831
3832 9214
1864 9551
815 7610
727 4095
7903 8222
8140 3331
8684 8203
1907 3833
7816 8054
1619 8384
1144 2670
2572 1248
7702 1554
5961 2626
3622 8806
2457 7454
8021 4322
7006 8837
1933 7733
2932 9837
5956 1072
3168 4640
9276 5075
8474 7093
3129 93
5477 4274
2764 8050
5522 467
9605 1484
3093 3227
291 5551
682 8312
9874 7688
7150 1807
5421 82
1644 1378
1155 4812
6018 431
9888 4493
7524 3018
4587 3002
7292 7351
1052 2815
7818 658
4299 912
3885 4591
6464 4567
2904 6338
2256 54
8145 7677
137 9790
9056 1292
4602 5074
1724 4490
9568 9248
7509 4155
2251 4801
1507 3304
7616 9326
3962 1916
238 7848
6508 6702
2416 9412
3041 4672
9467 1186
2350 9604
976 1406
896 5579
6481 2620
70 6049
1869 7579
204 4121
2380 1711
7425 9997
1037 1387
1913 1276
9236 8421
7979 1652
7834 1020
6324 7301
2207 8675
6905 3184
81 7802
8764 6563
423 8834
2612 2292
6413 2817
6413 8794
4528 3839
8791 5566
5227 705
6843 4463
9126 4822
6116 6960
5843 2440
4261 8051
1116 1167
1235 1197
8969 9999
7760 9392
8834 373
1685 5248
3190 8099
4043 7719
1938 2834
3285 7165
3539 129
1629 2666
4951 7745
9627 795
186 3889
8846 1302
5056 81
2500 4025
81 261
3418 8916
634 5103
4165 3825
3202 8208
1544 5141
1042 4830
2307 4582
4959 3936
7249 9911
1682 6876
706 1868
765 9552
3171 5821
