1000 2
5869 9054
5237 3565
5998 6755
1983 1854
7974 299
6086 6470
6465 4121
3515 6085
3561 94
4412 7111
3107 8633
8839 1417
1174 3289
334 6222
1908 5507
8221 7778
4562 3459
1343 560
214 3327
2415 8188
3626 8501
4659 91
2623 8174
6177 6185
8268 589
3296 1375
9223 2136
2793 397
5425 3128
6619 7334
8635 4841
5112 3197
8300 6456
3758 8515
9783 6173
6703 3409
4675 1362
3500 7298
9536 9677
3484 7805
267 6780
9180 9490
8916 1974
9887 4342
5102 6507
1677 3738
1349 6789
6936 9650
3245 694
8165 3028
6868 4868
6438 1543
6231 9938
8842 5768
9616 2326
3573 9884
9107 2754
9374 8024
4728 9262
2366 9831
5770 4044
3569 7119
833 506
6769 4078
1200 4934
7107 8069
9803 3545
9613 6034
3484 8455
1802 3101
782 5376
2985 9889
8130 2359
7914 2858
1622 281
2690 7392
4325 6259
4512 5158
6765 1282
9237 7966
6217 6345
6035 6020
9890 5649
2055 3375
4105 3858
6476 4887
9234 9461
4777 7365
1821 2691
223 3444
2972 2913
837 7297
9173 5349
2456 5939
6632 1693
3906 2849
8039 9942
8870 7930
5591 925
1305 9696
4784 7781
4583 4019
7243 9361
1384 9065
2052 1608
2509 5025
4522 3347
2323 3695
8696 4779
9635 5329
6473 3541
8178 4512
3483 7048
2442 9074
7974 3748
8770 2759
1530 3354
6778 8773
2715 8163
7839 4768
9771 348
9794 4293
3695 2117
7989 2392
6897 7624
7722 3370
1165 5900
7883 4648
2949 326
3723 924
4074 2494
3683 5604
5849 462
4377 8564
8625 2216
3333 8397
2565 3127
2690 6261
5245 680
8654 2142
8304 6376
5512 9470
2277 3395
4119 5226
3722 7842
6150 7796
336 9834
3400 6185
296 7778
4750 8922
9995 8084
7319 2560
1212 10
8822 6457
690 7477
8599 8995
3854 4112
8465 6131
7508 2584
1358 1230
426 7508
9026 763
7343 2426
6949 7639
204 1700
6561 200
9785 3881
2761 997
3891 1583
7455 4582
9061 6054
3577 2915
167 2042
9047 7675
4626 405
8905 5053
7914 7931
5817 5257
358 2767
2897 563
4468 9458
763 4254
3339 3524
5251 7231
5108 2706
1813 4169
8761 5390
7085 8928
7432 6132
6604 2059
6538 5509
7113 4452
3441 2931
9709 3800
5699 2606
4363 168
2065 5127
4422 5405
8651 9674
2636 3760
2381 4450
7930 1142
9840 5015
71 7273
1148 6675
9333 7686
2185 6447
2138 5626
9379 1848
9426 5078
4455 3790
5247 6521
8917 9669
1926 7569
9343 4563
1329 1724
9013 9259
2867 8853
4274 2939
6127 5422
9614 5460
3109 1799
1908 5247
7426 1287
7096 6853
6366 1551
643 1613
8072 9560
1282 9999
7129 626
4562 8459
2350 3576
7718 5218
2430 1993
8157 8557
7416 7772
4018 525
9572 5926
5773 6998
7214 2869
3852 3580
4420 4495
5193 2493
4056 6476
2492 1185
7102 7055
9645 9453
631 7363
4671 3061
9357 2829
1619 6773
601 5638
7299 173
1564 3072
7172 8779
5941 1024
2359 362
5520 7553
2855 9576
4030 5347
762 1132
2403 407
586 3034
7770 5257
6096 7127
8086 7716
3901 8688
3354 1200
8862 4919
4272 6035
3698 214
7060 6058
576 2580
3611 3431
2157 7642
8779 2919
8774 1183
3326 9360
4218 1097
4618 314
8225 2705
8030 2127
1394 1384
3327 256
6303 7600
6292 2
7815 3352
6060 8391
5933 9672
1823 8090
7314 603
1010 6089
1786 4336
5450 6005
5434 68
6319 3660
2774 4350
5787 4168
5734 9115
4425 2038
6716 717
2040 4531
4070 8101
2923 4
7773 4747
8094 5087
5350 9105
1177 7137
3442 6627
3142 8876
6696 9462
2537 9470
3812 8324
3639 9547
7439 8065
1586 4156
8783 3627
8687 2853
1728 1610
2857 9501
6357 952
4589 1708
58 5766
8846 3500
2393 1989
2377 9089
1451 4914
8560 5264
3238 2200
4811 678
265 6398
4834 9048
25 3522
1901 1753
5132 4759
1255 1490
5712 5844
3199 5771
1610 2046
9271 4004
4035 1648
3093 5486
6562 1654
751 9801
3854 5563
480 4119
1961 5314
3167 1986
8836 5069
3740 3969
9829 4995
5460 5542
840 8660
1313 2450
706 584
6454 4741
2233 9548
228 8796
1203 979
8597 5057
6542 9078
9176 8504
4392 2344
491 3229
7414 4232
7199 7243
9227 2660
2786 67
1321 4099
2518 2027
4684 8973
6769 6918
8522 6997
5714 9725
7977 4312
4783 4520
3390 3959
3024 7783
6304 3516
1013 3718
7748 8213
962 6975
874 3749
7043 2195
7849 9562
4222 2533
8536 991
9452 7058
7989 5166
6784 5967
9479 1567
487 2870
5527 3512
653 1832
7028 1667
5551 4776
9880 6513
1752 755
263 8796
2950 8112
8359 7172
646 6895
8164 98
3954 6154
5264 738
2121 4744
2306 2609
7614 7833
6121 8268
9665 3149
9935 5217
7926 9816
1730 9678
571 1994
8475 3521
106 6834
694 752
3729 8859
850 7684
5014 6115
8422 7135
859 729
9745 8473
8562 5866
6741 8228
9016 6677
3445 6943
6493 5176
6622 7065
7170 5097
587 7277
1931 1281
8029 5661
141 8879
3345 5155
4995 1768
2291 5854
2497 2036
4327 1060
7903 1069
9289 6920
7746 2735
3863 4240
7912 485
1305 5083
5582 1892
2360 7514
3174 389
3175 3315
9269 6520
8471 4264
8288 763
119 786
2799 4447
1846 703
5516 1135
7623 3263
3870 1487
7503 1782
1972 8808
6865 7555
701 9226
5070 3875
9615 8245
7191 8885
4766 5662
3150 3055
6425 3269
3841 9225
7716 5688
9929 3233
6823 7552
6496 694
9040 4000
2477 1012
2808 9343
8568 3509
8569 3638
7385 8185
1884 4576
7071 6651
239 221
9707 6665
3491 3548
5891 1208
9237 5820
4442 6061
3373 938
6755 2413
4938 9233
3426 7747
8576 1994
1257 7145
5633 8642
5330 7518
3219 2401
4169 3459
2623 3877
124 6114
7425 6015
7323 6663
1836 1765
2724 5209
2704 9479
7622 7642
8712 1049
5390 7289
3044 6647
4434 8677
5290 9765
6196 8509
2167 366
1968 4790
4243 2093
905 1669
8109 8229
8332 9945
9994 1056
5154 2698
536 2777
341 9249
3826 5731
6538 6870
2379 973
5548 7669
738 1745
6179 2906
2111 8147
7696 6354
241 8602
8023 8350
6831 6356
8295 6826
7413 3450
9524 7949
6227 9866
7199 54
5597 3737
6925 7977
4710 2473
5646 5449
4218 1825
8355 6330
9973 6052
2684 215
4654 708
8565 1486
7065 6860
8312 4478
311 7837
2427 6538
7704 9626
6593 3302
3364 3518
1279 8075
5992 6925
3524 210
8751 1880
6541 8725
7932 9225
8940 2587
9934 7505
4074 7000
4366 2387
1478 4678
225 3906
1216 7929
3533 7810
1231 6897
1328 2510
4973 7320
9436 8497
7531 8188
378 4072
6913 8311
3298 5854
899 3233
3360 4973
233 7727
7361 1712
2405 7586
5618 3622
5515 9151
1432 6747
6049 2760
9257 1022
81 8694
9520 7613
6882 9898
1685 3795
8210 4984
9650 9109
8218 3010
4083 8451
737 1445
163 3142
9031 5781
6764 4547
4933 8197
1294 982
957 552
2004 1039
9246 1525
8652 6128
1424 338
9924 9634
5322 9574
8744 3540
2584 2827
1992 3322
4272 2156
6465 3304
7938 3230
7852 2871
1427 9146
3854 2385
9698 5859
3424 8945
7384 2077
5073 8808
2415 4998
8442 7738
4572 7186
1279 7157
14 3271
480 4287
5427 6945
7591 3365
175 5443
6237 1602
4590 91
3988 4289
5950 7412
3234 3335
9489 8308
2143 1904
3306 586
9643 7879
7773 922
5037 7787
4194 5517
2074 9621
2463 9666
2987 2638
5110 9225
4241 9700
9316 8229
3990 5267
5642 7224
8602 5131
5533 746
7036 8839
1332 6680
6719 9105
7602 1756
6893 1796
7274 8968
1418 9737
8635 4405
2376 3745
3630 6618
3445 2947
4848 7435
8215 490
4660 6817
5622 193
7563 2659
9033 8896
9339 5753
8002 6941
7510 4895
8738 4785
3864 156
4522 2499
4562 6899
6244 8193
3518 9690
1141 8366
7126 9356
8857 1786
6173 4480
1980 3737
7139 1014
2633 6478
6768 635
3420 4278
5531 2159
9063 9395
2315 3586
1894 6877
486 8139
5071 4004
7829 6212
2370 4955
5568 1228
6742 1741
5708 8723
5479 2847
9738 8112
9326 6506
8748 2747
784 4280
4906 9848
3675 7222
3434 5570
4100 3920
3709 9171
7925 1538
5383 296
6494 952
1524 3237
2693 7232
1961 8173
80 1699
6285 9407
8205 5034
2155 8990
9314 7061
8839 2990
4284 2274
8561 8384
6195 2270
7555 4120
3809 2939
4416 304
3891 5940
3541 6585
3173 5503
4758 3254
7202 1044
2661 5408
6079 4816
4399 5394
1878 3238
8384 6162
5512 6945
4547 1708
9216 2102
5828 3026
5042 244
3330 8933
6185 6872
5519 9359
2375 277
2613 9577
1321 5275
4986 7401
92 9385
2795 1970
2623 1179
8133 8136
8125 2680
9844 7342
4783 5673
368 9825
5917 3698
8759 2103
571 4278
1463 2946
4556 4076
2524 5878
9352 7510
3279 9444
6895 6074
1415 9519
7253 9549
7656 5379
2230 7500
2721 7013
3173 3089
6839 9091
6788 5599
1195 7359
9877 2658
305 4433
6735 2829
311 6087
340 3590
5531 7235
9665 6946
6755 6918
6495 4411
2298 8725
1912 5019
5739 5085
8109 2579
4177 4897
8178 5373
2257 8056
8031 2562
2490 4766
5392 2801
853 5732
6392 6384
2968 6058
3331 9723
2977 9827
4135 5275
8553 6047
295 4292
1133 8404
6871 5310
3302 5050
683 5559
3106 8715
8122 5596
3481 3515
8398 4335
9248 4791
720 2216
849 4051
1940 3826
3879 6076
9102 2432
2123 9397
6725 3256
7802 3597
8567 1105
8647 9251
6665 1754
7967 4788
7350 1449
8303 5749
5784 7551
541 6504
9768 1390
556 1709
5217 4436
7786 4319
6868 9909
3717 3594
3166 1519
7191 1734
2625 5839
986 9290
7593 8953
4078 4944
402 2382
694 6187
9934 1235
2691 9703
2626 3248
1413 7843
7684 9199
2163 4553
9109 5880
8148 2275
7400 5339
4009 26
1179 4996
9316 8773
3949 3395
3717 4352
5778 4412
539 5712
5647 3231
5416 8273
6480 6829
6117 4165
6029 8281
8718 5138
4162 6867
7413 1563
2207 1423
1589 3386
6419 906
2159 369
4302 5877
4721 80
289 5260
5793 5937
8492 1209
4211 4972
8039 328
9137 4068
8610 7856
9206 2772
4723 6619
4335 6930
8043 5924
316 4463
6831 2476
4832 1133
8353 9554
1213 8643
4814 7006
4581 3307
8216 8792
8279 6255
9121 7416
323 7731
5273 9529
504 9996
6149 4839
6926 4193
764 7243
8656 7595
9720 3488
8728 8074
3042 9941
6718 7857
6948 1299
1165 5164
91 9444
1419 9212
6861 1743
6944 2134
1272 7448
2130 7422
2287 9057
1615 3052
6301 272
647 6022
3760 9376
4096 6803
9317 814
4661 6266
2113 5826
1431 2204
5271 2850
1417 2132
4594 8362
4267 5866
5810 6398
3289 8098
5456 4905
1150 1758
5177 1798
7780 8938
1174 1876
5742 492
2690 403
6758 4804
6230 8189
7009 1502
1040 8427
3635 5634
6789 7902
1501 2599
4300 4791
698 9756
9696 1848
1514 4873
3647 9294
3811 4821
1171 9554
5313 3862
9958 2071
8666 6189
261 5676
7691 1302
4103 1326
6936 892
9228 8437
3492 3529
3228 4190
3285 2925
6039 4800
7798 9686
4095 1610
4508 5266
1165 9821
9129 1123
1893 7795
7312 2155
3471 5003
3457 7575
6329 393
8467 5558
8831 1960
9087 2060
6150 2373
4985 2190
7174 2784
1877 1269
4395 6385
6536 5560
6206 5665
6683 8100
3461 3996
255 6932
8999 3712
4507 5329
4106 2975
888 2937
4935 9975
4998 1086
2349 9984
3276 9523
2769 5154
793 7164
1539 7329
2725 7746
2994 9409
5846 6455
3405 6102
3388 2404
9814 7896
7734 3921
871 8622
