1000 2
900 5178
2603 8217
3523 4863
4667 2217
588 7211
0 6189
5493 3306
2010 7875
1134 8511
7889 5698
4036 3668
7374 2689
9345 8959
2214 2464
5333 5163
3225 6234
341 5829
4452 3864
692 9119
6082 1281
6330 6082
7470 1824
9389 9481
9699 524
7992 7589
6222 2029
1257 3597
4718 603
2556 6932
3067 7889
2095 6293
4124 2437
2123 8576
6302 2815
7695 2384
4096 4026
8467 1567
5850 7856
1049 5549
8380 9042
3138 4603
1071 4396
8200 5790
4999 756
2723 8067
8646 4818
4361 2770
7256 6484
1346 3558
9299 9042
5943 3396
3068 4410
4964 8919
2267 6014
4468 648
5056 7607
5252 6128
2003 3452
1918 7002
4209 4641
5070 2856
9460 9431
5626 6717
5915 6973
275 5215
6015 6219
8612 9084
630 3577
8003 2897
9592 2472
3546 4648
79 8798
777 2083
2251 2695
9086 6461
7337 4156
9317 6798
3588 4943
3515 9503
1917 3791
4719 7933
10 3332
7018 640
6910 5021
3538 6502
7494 7084
1151 7574
5883 1928
9657 8134
4624 8743
4595 1961
2899 3913
8760 6487
8857 2276
5991 774
6067 711
8708 6077
4044 5726
6718 954
748 256
7456 8242
7341 8608
5816 3224
536 5473
1358 5160
4217 5954
7122 7117
9867 5883
3605 8724
8159 9596
9499 4226
308 8207
303 4352
3933 7022
5306 4681
7278 2763
2924 4619
1372 8740
7843 1908
4214 9202
7069 8431
5157 4191
5549 5025
74 9154
3749 8233
8750 3248
2460 9059
1456 2763
3411 5389
9786 8718
71 7064
1482 2995
1684 2854
1735 9528
4763 5950
8730 1832
4382 3888
6023 9931
8913 6098
9085 2663
4332 7836
5911 6792
6895 7368
9556 307
2757 9342
9026 2828
6407 508
5823 8091
3363 7559
7619 8126
3509 6350
9958 7892
238 5982
7823 9152
2081 6909
1815 6413
4745 7727
3205 1641
5095 2762
1949 7852
2104 975
681 8511
1483 6505
6603 4847
4064 4222
2973 7574
573 2932
5466 812
8915 3290
9964 996
199 1779
7410 4945
9507 615
6587 4602
3377 8536
2455 5482
9511 3136
3994 995
9642 597
5842 3706
4820 8816
1281 5393
1749 6747
6205 664
38 6170
1660 238
7950 9070
5184 7457
9686 1771
2060 3064
308 4515
8547 9820
7652 2541
815 7294
3138 6658
1001 7958
5474 2282
3352 7223
9030 9557
7888 9068
5728 9549
9307 3678
8620 4491
1136 8306
6263 3196
1371 6572
7711 9919
6392 5364
2460 7208
2658 5599
3866 3659
3558 9341
5942 6910
6564 4972
6468 4452
4041 2196
4002 3348
5875 2622
7840 7011
929 4104
207 2300
676 7919
2219 7069
3283 4680
4277 5942
279 8143
9602 3837
7484 5544
748 4049
516 7216
8502 4557
9413 2504
7906 5288
5126 5746
2299 6055
9851 2507
8356 527
427 576
7596 3710
5256 1874
9653 5536
17 9255
9374 7502
4799 122
1551 5316
7338 53
9873 6752
2558 7780
2040 7684
3526 4340
3739 3377
6847 2096
3905 7274
2672 1502
985 7928
3376 638
3465 3394
9893 2839
896 4693
2961 2447
9 300
2501 9883
7053 5059
7663 9093
2743 1190
3433 6483
4568 281
8580 8474
7555 1252
9976 8541
9181 3353
9180 2646
6747 9074
5486 7643
3767 8447
91 3777
8748 2592
3660 5801
7652 1323
4895 396
2514 8328
6880 7082
8610 5460
5556 6166
6712 5533
4707 5894
8886 3887
8540 5634
2961 4026
3277 6729
2474 3369
506 1223
5961 4167
7025 3613
5491 1921
4010 8005
249 890
5088 8860
6350 645
5026 3063
6178 9734
8957 5065
3621 7498
699 6583
1525 3976
3313 3999
7345 3819
5223 3307
7986 2249
6921 3477
4170 931
1483 4420
1822 6571
3280 8172
7216 8306
1235 3395
8040 193
8460 1662
7691 9159
8246 9217
3136 1559
3217 482
5379 8440
3789 3366
689 711
6844 4860
1643 8327
9280 3465
4898 2561
1637 2115
868 2873
5510 8908
3067 3970
571 759
3130 8818
9976 6266
377 3193
6748 5756
1634 538
9122 2324
1249 5966
7184 2893
4294 6465
6358 9193
9026 7996
1308 9894
870 6819
8803 3937
790 9374
4697 3920
8192 4673
186 8570
7867 6934
4327 9501
7473 3450
1825 8723
9417 9009
1616 3711
5474 7975
2904 4501
5971 4213
4395 6842
1033 3198
779 1823
2573 5476
5743 766
150 5929
9337 8017
2864 3664
7518 338
7114 9343
9061 6531
8353 678
243 3828
8653 3148
8329 4625
7362 2725
1467 8395
5923 2247
218 8497
7724 5962
9263 7874
1892 8600
5892 4757
2265 3411
5095 9379
2755 4157
5911 1108
4835 6154
4937 3489
9303 3266
8114 6665
5991 9582
5060 1915
1829 5279
412 9554
1242 9676
7429 3134
8277 3321
7891 542
6732 2986
9922 9487
7144 5834
596 1979
1989 5533
5469 1292
8800 3584
7957 4792
3166 3018
6708 4996
8298 7121
4550 9540
6797 1980
2674 5075
5301 566
5618 2034
3553 5540
1522 697
1374 2118
2676 3363
7652 8146
4656 6452
1730 2614
1245 4896
5633 7953
9893 3931
5075 4444
3472 1872
6424 6147
6948 1725
6713 2566
3760 266
8106 5282
964 9481
7400 3641
2845 5052
1787 7501
1505 3517
115 2751
8413 5748
705 8307
9680 5780
2751 3152
7653 9175
9300 4601
901 6014
7167 4661
6281 5274
9943 7245
4756 7344
886 7601
2397 2673
5102 3902
6190 5218
6654 4604
966 7359
2911 646
3139 5662
3799 792
4838 3100
5394 5739
9114 2562
400 5395
7836 344
2641 2593
7688 3527
194 85
6200 5297
3988 2391
515 642
6996 1482
8002 9907
2129 1142
5570 5929
1935 409
9029 7329
6148 8143
9891 6549
3539 7728
6894 6180
321 4583
9708 516
4668 5909
5813 8657
8300 6329
9300 5296
7811 7302
5204 9940
8444 775
5869 379
1184 4899
7708 7333
3042 7600
3883 6582
5329 777
2763 5651
5360 2471
6167 29
8380 1981
8686 6681
8310 7986
1978 6122
5289 7182
6063 3733
7958 1933
4112 9142
6832 1821
6476 9875
9421 359
6457 4751
1137 9221
402 6497
1692 6569
6527 72
8551 5213
6754 6861
3200 8732
2984 8489
5914 9047
2223 3873
980 6335
3016 7812
8157 9492
7688 7579
9852 4145
2330 989
3366 2732
7487 5059
9302 4014
5132 7853
9228 1886
4715 2429
618 7699
919 6533
6747 3142
406 7727
9477 3422
5540 7635
2914 3228
5214 2767
7374 7544
3756 741
276 1244
5800 9579
5259 932
7432 4488
2818 2147
6917 3437
9847 7836
9970 6594
978 376
4322 456
3799 9862
8092 6714
3091 3306
9481 465
850 3238
1206 1127
4483 7006
706 9742
7939 8138
4230 758
286 1148
4195 134
8984 4166
6728 9963
4543 1050
420 8342
913 8512
5056 4004
1818 4537
4469 2669
7776 5675
3796 2259
2682 4503
2001 622
2642 6232
1380 2929
7380 5576
3063 6365
9742 9791
6329 4285
842 6750
2628 1755
5262 7684
5759 7081
2222 228
9751 9999
5904 3548
2258 8586
8051 4260
9209 694
493 590
3623 7873
6166 6686
4239 5909
6477 568
195 7319
7318 2823
9074 2581
508 4834
9663 2731
5062 9414
2730 966
2963 4988
9553 1014
9249 8763
1709 9742
9353 5332
7616 5519
2018 1855
1429 8496
2423 1624
5816 9742
4448 4891
2323 4956
9725 1987
7687 4787
1402 418
5754 4365
5407 5308
5380 4656
4071 7089
4399 3424
2421 2015
8944 4440
3870 373
2937 6294
1998 8753
6036 6446
3644 8360
1402 3369
348 9090
8157 1750
9508 3912
6115 4915
9221 1495
9572 3292
8584 3971
6717 1006
5987 5662
5446 9857
6035 8384
6152 8034
7137 2189
4480 782
550 5883
4152 898
4974 2309
2648 4482
6222 8763
9398 5443
258 8971
8736 8843
2942 5454
9849 8930
1116 5296
8787 7152
3680 4940
5186 818
7129 9666
1600 7679
5550 5752
8577 524
8062 1225
5007 4284
9988 4406
9728 247
3377 8465
9090 6320
3919 8940
5250 5036
4237 4038
2188 7918
8978 7375
8736 6108
7042 336
3787 2592
6088 2365
3116 4151
3590 8124
8436 3579
2530 8164
3827 5908
6630 2917
2228 549
1858 7479
5585 6095
1517 7774
4013 496
5149 2749
6604 2191
3086 392
4784 9175
2757 7901
3326 6348
6025 1762
9927 8556
9927 3754
4464 6558
6672 6693
7107 8531
4173 2693
4626 5691
468 8640
6187 5618
1390 2792
7809 4476
3184 2594
3652 5942
495 6978
2290 6520
8741 2218
5077 8669
5972 9542
5227 2645
6235 2335
1176 409
5029 5803
6100 5497
4444 2288
1115 5834
5081 8925
311 8266
1520 3963
4208 2015
941 6498
8536 9683
8716 3613
8353 4689
3155 3580
7335 9391
5916 8512
9801 945
4315 5902
6443 8759
8190 7559
4594 3272
6485 4905
1538 8005
8868 5746
21 9810
2245 8557
9493 961
2171 7847
5651 5327
1427 2986
4719 7344
1498 4520
8290 5814
422 4733
4574 8613
2293 9168
1885 8779
4073 3423
6784 2941
9170 6805
2751 1415
5363 2245
2376 7534
92 8027
2862 1520
1014 7581
8864 2513
2101 7155
8327 2524
1888 2901
1137 4182
2069 3023
2961 6143
6446 9746
9084 5616
6552 1836
7032 1915
4081 9408
9450 4173
7436 2312
5693 8451
9893 4558
964 1995
1713 9291
4520 3602
2193 5658
7785 4263
8681 746
406 5128
492 9490
745 7044
1326 7777
8960 5408
7185 8410
9581 4622
723 5275
3073 617
9834 4038
2613 1548
3330 7133
5150 5523
2791 2935
9786 1473
3682 192
6601 4174
9683 7346
1219 1010
5123 179
6418 2309
8590 6000
6932 9314
1275 6
9931 1110
4044 2544
2658 7374
9678 7808
2898 2469
744 2685
3942 4426
2877 544
8601 2561
7890 9821
3571 3013
1 9990
5323 8592
5990 2255
7906 7266
2261 7838
8376 6306
382 1034
3680 61
8843 6579
2531 9588
9264 6474
4014 2142
7018 2616
4703 4908
2438 8275
7922 2439
8265 3246
1032 4256
5501 8938
1522 7763
6776 9898
4069 7159
932 7750
7220 9776
4329 9751
9364 3593
6225 3379
5735 3243
5996 439
8152 8434
8714 6075
874 6980
9321 1906
1236 4823
844 2758
2586 7621
2656 6656
4780 3589
4406 2001
3366 8735
1753 2730
2329 7978
6109 8064
1222 2105
8504 9375
540 7218
5450 1414
4199 4772
3320 5435
9595 4165
8193 2181
1787 850
8837 6568
4440 3244
8569 7806
1980 322
536 4309
8301 6646
2374 9524
8752 878
8899 9292
8097 4350
707 2296
9122 4028
7731 8717
8193 5925
899 9981
6776 9737
6549 1216
2981 5119
9023 4961
5442 9559
9270 3744
6206 1645
3268 4958
2524 2167
4251 621
6518 4958
2917 5640
8986 649
4357 7180
6574 5256
7161 3351
4993 3711
4567 7975
8830 3590
2936 4273
3150 2207
8017 9356
3853 1285
4315 6377
3453 8567
6998 9971
3525 9916
5612 2511
565 9969
9692 7140
5226 6854
491 220
565 5059
8195 9396
8649 1132
3669 1800
3340 1687
1157 7193
2973 5473
3570 6427
4040 568
6398 7565
485 2011
77 1050
1980 9769
8191 7207
6623 8682
7427 7189
3742 5622
6585 2391
6755 255
4192 95
1942 5349
7288 4915
822 858
1342 4862
1427 7741
2428 1912
9752 2505
2963 1733
2275 1154
8940 8899
9837 6367
6088 3579
1990 2674
5971 8746
2929 164
8841 4871
5513 6129
9787 6336
6988 1129
1199 8416
8870 3627
328 8623
6133 3292
356 8408
4447 9297
7308 4285
5665 3397
7865 7656
6071 3837
6402 9000
4001 5243
3872 9514
1373 3659
5851 8361
4789 7050
6777 3660
677 7106
2283 6811
399 2640
5219 4846
1937 2528
9132 7602
5925 6997
5258 1996
834 1660
997 4835
6903 4870
4350 8276
8530 201
6638 3319
7252 3415
6979 7930
522 9263
4741 921
1903 9961
5768 3840
2489 4900
1443 8414
1897 6701
411 2732
8362 1409
