1000 2
7567 5266
6280 1918
3543 4810
2119 181
8130 9372
3597 5109
7302 4120
4373 2043
5041 6276
2005 810
117 4494
5710 1560
2909 7608
8262 3321
340 6624
4730 7907
1890 1010
9825 5434
5821 1945
5615 3951
1318 9213
9061 8620
3333 3434
664 8375
9711 2669
9185 9828
7164 4895
1388 73
2504 9650
3394 2844
6275 8125
752 8166
9136 578
3600 4957
2524 9216
8909 3842
8429 7971
2462 1762
1405 3127
138 1116
5797 9323
945 2961
4219 2333
3034 6723
1984 6429
9567 8260
4554 319
6426 3690
897 27
8648 3421
9243 7558
7264 7672
5529 9727
9435 6934
2854 9573
8051 8651
8896 8996
1612 3115
1330 4647
9838 3314
1076 9406
1575 5631
9726 8001
9321 623
8028 7970
4045 7271
5528 1310
4944 1057
1037 4380
7992 3891
3953 6043
2543 2850
5040 4156
5966 6370
8803 5805
9685 9879
5211 1260
5510 4937
9262 4832
5561 7291
2802 9607
4563 8331
917 9507
9388 1955
3887 7380
5846 7841
3424 8390
691 8464
2546 6658
4834 1349
2463 4520
1229 7674
5780 6740
2612 5043
1573 8174
2334 4375
7782 6897
2707 8699
6405 2095
654 293
9475 6501
8134 2900
4891 8826
1364 7437
5484 6199
8787 7947
719 16
5622 6500
6757 8235
1543 8330
6409 3877
2706 4192
775 5413
2891 7181
7508 3546
7474 6984
48 5609
9884 4940
4435 1249
2378 9920
7448 1165
7868 8167
1182 3491
4667 7940
1726 6210
6270 8136
88 8976
2328 864
4390 5220
8045 1899
8767 5519
8884 8816
1129 8768
3756 5565
18 6135
5485 7466
7301 3354
5634 8484
6845 301
6424 8572
6512 2695
6709 6601
1672 9038
7466 6062
4259 5511
7961 3026
1031 6845
1843 2160
5614 5600
7725 5633
1735 3211
3099 9037
6565 8733
7521 3410
9035 3946
1983 5548
6641 8692
2150 8313
7730 9616
4376 1989
5127 2337
5016 6159
9183 6860
8319 4798
2460 6045
431 4196
9256 3531
3233 5822
2265 754
9233 1300
4701 1216
6849 1342
9909 8999
9656 7640
8615 4032
9630 3743
6370 4647
9902 5554
1507 8222
352 3967
4268 784
8163 3525
4315 1396
9347 6581
2151 8581
7882 6852
9797 4731
8195 9707
3731 7851
7347 2347
1884 6977
6090 8254
1625 5993
3808 3132
4215 4161
7099 8484
4946 5263
2009 9262
6659 1357
5843 8811
9938 3725
5664 9736
8457 3859
9443 2188
1711 6790
4535 3595
3768 626
1849 5393
6619 5658
8525 835
9820 5625
9319 4766
888 1329
4028 7548
2686 9872
6359 2624
3598 2023
2360 2055
5883 1803
4244 7594
8594 8780
1189 2363
9406 3039
7757 6026
8698 6282
6862 8518
1908 6181
3285 2796
7511 7314
345 197
7186 6704
2822 784
8728 5182
2840 4611
6986 7084
2205 5581
5865 3395
7945 5271
6435 5702
1298 5133
1985 8160
3652 3893
4342 6937
6690 1853
4251 7035
2050 1438
3740 4872
2222 2468
55 5063
7079 7042
2148 9285
2624 8013
2681 569
3285 9116
6271 4583
4249 8256
2743 7901
2150 7085
4839 8840
8939 9090
5876 989
529 9616
5862 2752
2084 5918
7815 9164
2960 9963
8450 5584
7976 1131
6154 1261
247 2425
5845 4497
682 8588
2398 2832
5674 7238
1673 4613
6328 7549
5603 6858
7165 1465
9610 9250
7384 7425
8415 344
7389 6866
5929 5365
7997 2083
6627 8245
4509 2472
2743 5191
1061 5142
8024 6736
2380 9697
1350 8709
7246 6953
5567 4412
8419 5177
3663 5803
2603 2078
6148 9992
8945 2077
5358 6943
4161 1985
5189 8671
4458 7932
3862 5520
3074 1887
2256 5454
1584 3606
4163 8830
560 9731
3243 8979
4908 6906
4783 7511
8985 931
7504 7931
3009 2862
4874 7171
4848 63
5842 9306
7995 9705
4827 1070
1592 7083
6525 3176
690 689
2007 1250
420 5251
230 5329
2158 5013
2840 1143
5944 345
9074 8954
3207 3949
6125 8055
4012 1967
7362 2008
1673 2189
3078 3265
9273 9604
6442 9963
293 8450
1213 713
3701 1443
6042 5859
6457 8883
7003 2401
9228 6078
1355 2436
27 7481
491 4040
9448 7854
6049 1122
43 9128
4388 9316
8732 830
9280 9025
9280 493
9739 2982
1937 5781
8842 8394
4665 5845
796 3894
1923 2152
6330 1951
9633 6821
5992 9082
4676 2041
204 4719
1169 4592
4036 9901
5423 3316
8926 4703
3810 8665
7686 5747
4447 6528
4142 9113
2373 4938
3007 4297
7090 9337
6249 6724
6159 2241
5806 835
4282 6010
5555 5451
603 9591
5352 6026
2907 4279
730 6718
2945 8416
2465 7393
4944 6608
6506 7318
1546 9513
1616 8637
8850 7865
5361 5010
107 1168
5845 4389
7178 1401
9841 7782
992 5194
3808 3900
9473 4538
618 2419
2955 3084
9812 7899
9692 6318
5218 1239
5831 6834
9877 4682
4700 5239
9693 4807
6407 5539
9197 3585
6940 9039
1367 7932
4233 5176
1833 3707
9714 2451
6126 2669
5536 5938
569 5228
2257 5788
6468 8089
2623 6345
2772 7324
1584 2465
2132 7991
8004 1329
1577 4945
368 2945
2877 4602
8121 4711
8309 7836
7163 4435
506 2699
374 1076
7928 2631
6865 4396
721 9488
742 3493
6812 2327
5958 8944
318 3963
274 1896
8908 643
4841 1786
5245 2963
6497 3554
800 3661
7990 1307
6360 8364
2384 4289
996 9249
8686 1717
8737 9428
5210 5550
1755 1169
4494 2074
5133 4769
3970 4042
5412 8812
5828 657
1776 2326
4212 2577
5987 2202
3885 2348
567 6269
6637 1563
5518 5323
3281 4256
4752 8492
9806 6508
9662 4301
8582 4795
9071 2553
8837 4483
1366 4666
5141 3143
6992 9353
5721 2979
1556 9606
5328 2123
5875 1965
3687 1394
7289 6968
5650 2041
5460 5457
8549 5122
9759 7132
9918 8830
9686 8755
3314 1052
3421 8456
4195 414
7809 9916
3394 9366
9523 8722
1489 5398
687 5176
6793 7976
2145 2444
18 7605
7902 8568
2728 7661
5700 2646
6492 5386
1402 9806
6439 4824
8262 634
5239 6072
551 8633
5439 75
7355 6929
5474 8043
2106 2267
6020 4251
4712 6039
1857 2614
4607 4585
276 307
7232 6768
5694 8635
6575 2133
3460 4838
2768 8699
911 3320
7333 6350
3395 4688
3279 8869
2732 5385
1137 8753
9637 5849
4792 1494
8463 9399
6080 8739
9707 3313
5507 5401
1948 2083
7535 5409
6921 303
4108 7833
3623 1441
4183 7018
6130 7463
5888 8863
2849 7025
7616 2486
2874 2409
3981 1337
1809 61
77 1516
3375 5585
6918 5324
7668 4453
733 4590
4757 4842
2423 8380
6284 6606
5399 2415
4070 1288
1278 6920
8313 8895
9406 1188
1305 3388
2526 3114
3449 2603
4631 6825
8188 1549
2149 5857
6003 2882
447 760
7725 2870
9141 4009
9477 4541
6424 3548
5829 7703
468 4143
6599 9875
5331 7904
3263 7858
1018 6713
461 5649
3538 8650
7199 5687
4507 3203
8570 4955
3964 6295
7825 3105
305 7303
7646 6730
851 3476
4433 1319
7619 1032
1194 2951
8937 4458
809 9955
1171 1270
5605 4709
9921 2805
397 4429
6008 8967
9384 9972
5263 7210
3077 5568
4514 724
2298 5365
4200 6732
6685 1820
7765 7880
4771 6702
2338 5580
6658 3510
6851 2263
8219 6772
5068 8617
1202 1076
7585 586
1049 2848
7797 4126
8417 2311
4851 716
7677 9052
7449 4362
872 5214
2243 5643
1917 4581
1224 8575
8091 8075
838 6311
4848 5907
4928 6050
6984 2514
6637 8033
5363 4434
2160 3780
6745 7011
4497 4422
6064 1947
8785 6936
7161 1028
2580 9079
5610 3804
7654 3702
1880 8493
14 6728
4400 4943
2779 1384
7457 9416
9418 2820
3851 1578
6601 597
8590 1099
5020 4654
3046 3805
1591 208
4834 4172
9287 445
7977 6941
4147 9857
5434 4162
6586 9835
9105 9365
1220 6562
8782 638
9383 2633
2217 5984
3230 807
7084 8250
5462 130
2056 7054
339 6890
1227 9626
7335 9204
6568 1483
9062 2003
5645 5648
1838 4750
5014 3059
1313 3797
3697 697
6430 5915
6682 9661
6723 3766
7911 2186
3897 9967
9240 4236
6858 468
3863 4194
9672 432
5677 8734
2435 1323
4383 4274
6074 9398
7334 7388
3195 1032
8085 9626
6947 4767
9287 3670
8533 7198
5856 2430
7166 5097
6667 4025
5565 531
8219 5237
963 3897
3972 3399
5220 8356
7674 1295
7754 5008
8683 950
6040 6768
576 2987
1535 9863
6658 69
7062 2514
2500 4229
7611 9167
8254 3176
9699 6473
8414 662
370 2386
4062 5591
742 1737
6886 8497
6745 5570
9447 2786
2338 24
5774 3874
9888 2432
3943 6951
4946 6444
1180 2558
5612 9435
5734 5311
5908 4148
5974 6279
6535 36
1871 7277
1773 8758
5775 8519
4328 5223
1305 6666
5247 7080
540 5136
9512 4484
2087 4459
928 3268
7017 6540
2703 2752
1852 8612
6900 7826
4891 3435
7862 6763
713 9636
5521 6489
8155 9849
1712 9461
6515 6960
6542 7056
2096 6054
1541 4184
514 2470
7452 7532
9011 155
284 863
8768 7185
8689 3659
621 6552
423 1334
6189 5944
7823 4344
5793 9536
3806 2309
6496 348
9366 8593
6403 908
2777 6917
3379 229
4450 2390
385 4734
3254 9153
1919 1944
2813 2540
8496 3236
3875 4685
9181 1699
9030 4975
1236 2837
7285 7732
3186 6652
6325 9589
7560 9103
6507 939
9333 957
3330 9719
5691 6584
8873 7611
8528 1686
152 7025
4923 4028
1711 4105
5727 742
9080 6963
3579 6365
4696 6766
3017 1022
6355 578
125 2863
1518 9459
3820 4848
9178 9512
1432 8051
7124 9961
9738 7276
6986 4662
1304 8698
8767 7032
9440 7848
3996 3020
4214 8692
9786 7231
9715 6142
7810 9841
9005 9328
9300 2826
4176 8479
2339 5609
6531 9463
5570 6269
6740 2557
932 8044
1255 9699
5077 696
7548 9073
3716 1762
7766 3502
8993 7482
9645 6803
7323 8650
6132 6624
1477 308
5103 3816
5917 1634
3279 1488
7904 19
4046 8836
8064 5301
8536 3141
5997 6084
2215 9714
7846 9982
3217 6840
7464 2862
3644 4788
1513 9776
1412 2990
85 6516
6806 6003
8151 85
7491 6055
105 1537
4892 8169
6839 3428
1311 2837
9513 3526
2551 7359
3508 5768
4199 973
8630 7844
5761 143
7620 7174
3133 7705
3690 9939
3708 1841
25 1200
7896 130
2738 2789
8299 9577
6217 9610
2414 5730
3137 4966
3090 6646
734 7290
7619 9365
5134 3381
9508 2754
555 2642
460 4245
2582 4169
6086 2608
5369 3983
2738 8107
6772 1038
7685 2990
649 100
8721 3787
5066 1812
433 5800
9102 8053
5165 4236
1434 4674
6991 1989
7317 7451
6235 9899
1620 2321
2508 6990
6305 5246
5097 3078
6285 2783
6069 6935
2883 4790
722 7949
6602 1156
3750 5705
9209 8915
9941 643
3590 6932
2633 907
4384 8868
807 6005
1190 3315
2995 7495
8562 8092
574 4848
876 6643
1783 3759
1434 2506
1708 8037
3662 5459
3742 2871
4374 3684
3515 7965
617 6148
8873 5001
5016 9680
1007 6206
2996 4002
3702 1558
2095 4277
6407 2971
920 8190
6730 2355
696 8439
393 4358
3898 4135
7230 8273
7820 745
6238 8437
6894 5112
3439 1910
4792 4446
8117 7789
8448 1820
9348 544
6097 5755
3515 7018
3946 246
9374 4642
8685 9767
9001 2584
3903 6232
857 1723
6977 7096
161 3872
2209 3600
5783 7001
8047 3900
4791 6496
5721 4139
7040 1819
9894 555
8837 3840
801 8211
8483 9487
7978 7485
2071 1881
3717 2929
3605 695
26 3766
4567 2235
7366 350
9237 5414
4251 4029
1910 9973
8168 8950
1792 8063
9506 629
1904 308
8841 388
9795 6820
7873 1867
8701 1591
4797 2307
2287 4824
6073 6855
7059 3440
7206 6297
8854 1458
326 765
1431 8495
9715 3223
6558 9222
