1000 2
8735 5158
7231 4741
325 413
922 1743
5833 2030
1860 280
1046 6377
4818 8677
7823 736
8981 2554
1400 7884
5323 1520
2365 7898
6499 8825
1672 4491
8176 408
9649 5408
5149 9975
5821 6071
1719 1655
8102 3579
1935 9149
9957 6753
7827 7780
7490 6808
335 8891
4693 5659
412 7059
3557 6911
5885 5230
1402 4062
5638 1051
9470 788
1026 5291
6860 2745
6947 4962
6325 8882
4112 6282
5636 1940
4063 3126
8748 4399
2017 3442
58 2429
501 3616
9340 6387
8846 742
449 4485
1794 9919
5273 2820
5211 2133
5566 2158
7096 1891
1041 1208
8174 6677
3149 2238
9804 1897
6637 1821
5340 6696
4251 5842
313 3592
2229 9160
4335 2678
3645 6129
2598 8918
8950 7810
1052 4517
9968 8148
6409 1010
9357 4583
7687 2506
6822 7491
4404 3460
9313 9745
157 3565
5587 470
7158 7817
9630 1493
495 3275
7623 3094
2194 6574
904 3247
1091 873
1395 7500
1883 753
2084 9571
3260 8906
7063 7665
2367 6377
7410 2524
9942 2997
2994 7101
814 2625
8594 1310
5901 6218
4405 8095
2792 5310
1342 3883
6183 2738
1384 8067
3492 3468
7639 6752
2375 4703
4417 4742
1080 1827
7267 1023
4825 262
8124 5640
2887 6719
6950 8788
2937 1355
6884 5729
6665 8227
9613 2849
965 997
917 4457
4466 8557
1210 6841
3260 5628
1584 4341
7456 8852
5364 2281
9114 3489
7921 2001
208 4872
790 3146
6228 7674
8875 2894
5901 8489
5744 6867
9486 6661
1325 3952
5219 2535
794 8479
8164 2379
2820 5620
1231 8185
7902 345
1675 5824
2347 1883
696 3137
5030 6925
811 3905
9819 6713
2394 5563
3580 1881
2225 4906
5833 7444
7442 6628
5924 5606
9007 8745
1227 238
6931 9129
583 8606
4954 2931
489 5651
6068 5519
2576 6880
9425 2396
3594 1820
7960 7175
3702 186
2081 9535
7630 9523
6164 3555
5130 5171
2300 6357
5410 9231
5487 5994
7837 441
8925 8327
6093 4993
3847 8669
1874 3273
1066 5468
5094 9026
2643 8796
9212 4724
8332 6843
4248 4496
399 9378
9668 2700
5736 5078
1931 1223
1073 9769
1665 9998
8097 7758
4992 1945
6428 6866
5219 7495
2335 313
6521 4978
9109 5734
9703 7442
2578 3951
1938 2977
3330 1607
5677 9066
6686 7609
290 7759
7379 1956
7757 5477
9715 2750
7422 6143
9616 2641
3638 1952
2955 160
6930 2065
5895 6634
9507 8473
586 1446
1451 3916
3053 7129
2983 9739
4738 3273
7498 2117
5230 5256
7594 4945
8006 5017
1088 7623
7659 4727
9575 615
4888 6506
2680 784
3140 2188
9258 3727
3634 709
7643 6688
7838 627
6428 2577
3901 3927
4694 9131
9183 2289
4076 7190
7307 5165
4814 4967
9893 4389
5582 4781
896 8262
5565 4037
450 4824
7764 4085
5533 5408
773 3372
6035 7202
5949 9936
1129 643
9068 313
2933 3144
7503 241
8310 2317
5208 8203
6707 790
2985 7603
9053 8551
1640 9504
3375 9405
3589 8908
4813 4363
2280 849
1565 8229
786 2694
8873 9854
3008 1807
2999 511
2048 1309
2829 7257
9512 9536
8048 2497
7140 7101
1048 8781
6605 4424
8186 194
3332 3000
4558 5613
3849 6123
3843 4635
8818 2716
4490 1826
4524 7489
2338 6573
8798 5167
3830 8311
4704 1878
809 1845
8980 1858
626 5585
6282 8813
5780 9615
1813 338
5228 5663
6462 9071
299 5280
1788 4790
7107 6312
2279 9445
2885 1078
4612 6716
9390 9317
8595 199
1162 7576
2058 1788
3161 8340
602 8942
7955 2416
9281 3183
8079 5744
2255 8379
1024 4043
3169 8131
355 5449
7577 3241
6528 2189
9958 5918
1506 8553
6118 2669
6129 8176
4457 9291
6516 5059
8234 4472
7476 7516
7656 5556
3260 9911
3935 4285
3954 7105
2417 4310
2555 9994
7552 9083
2184 7510
5002 3690
6064 1120
6360 2194
9297 817
1486 5813
5877 9721
286 3353
7237 7942
8909 497
7853 2845
4782 1808
9951 7200
6119 2506
7194 3671
1589 9378
1182 6592
3069 7247
7712 9429
9441 7009
247 928
2823 6125
649 3109
9479 7886
1051 8389
8384 8905
1234 3167
713 1185
367 6832
3692 7562
504 5281
6940 1686
1873 10
8934 9586
9439 8375
6596 9687
9304 9419
5812 9953
2529 5291
7839 3581
3680 6224
2486 4915
9391 3200
6100 9759
33 9792
7321 538
5074 4262
2225 6948
4272 1159
6535 3712
9535 3131
3399 8839
2551 9211
8792 5081
4503 6632
8662 8183
2856 1149
3098 2248
4350 9199
2008 4384
8992 9329
4922 4067
3591 7147
1016 7863
8307 7551
1576 7842
683 4975
6681 3235
4187 5474
8316 8690
2106 6978
6874 4963
8128 9972
7212 2479
9172 9220
6863 8165
8549 1786
2233 2141
8934 3249
5 7241
801 1581
5084 1484
6556 1765
4719 743
7240 3035
9433 9346
14 6307
4310 8143
6280 1522
622 5453
742 7486
3618 9292
9272 5851
1434 8207
9101 1439
5448 9902
3020 532
1387 9577
2298 6107
320 9538
9143 9754
8885 9157
6062 3196
7301 2343
4718 7924
7796 5461
5410 1415
4754 4683
7267 6188
2890 6369
7627 8339
6271 648
8872 7659
225 1170
3766 545
709 2909
300 9595
2067 6363
2791 9369
8706 7510
7293 6503
2972 2704
7918 7726
7387 5186
3914 278
1555 1542
8617 7827
2190 7489
5487 2415
8660 9253
2961 9370
2163 3262
8965 4230
9625 1757
3600 8331
9267 893
4835 2239
3597 2754
9966 985
7940 3880
1263 9496
5423 9881
7324 7614
7370 2811
29 6031
2064 2991
5401 4228
6253 4366
8459 5879
6124 2059
4210 5391
2952 9045
7631 6550
1799 7597
7536 9740
1478 8800
9237 6902
8681 6561
4516 6051
9372 4546
2082 1437
7537 7484
5665 3791
1850 4125
9670 7975
6184 3881
3366 9137
2926 998
5688 4726
8596 3224
4467 75
2024 3704
6977 705
265 1493
6757 9638
6039 8840
1075 3577
6324 6741
7368 8175
866 7038
6150 7050
919 9517
6188 3846
515 1876
8573 9112
5100 3041
9187 7125
6745 6165
7830 7011
7658 4588
6649 3698
3428 7725
7275 9753
4466 4644
7928 5333
1683 4079
2384 2603
3596 8572
6449 4112
448 5023
3224 5549
8064 2412
2674 4810
8577 505
1821 6236
5094 8470
9934 8523
6196 7210
8276 662
1854 6205
5995 3537
284 8380
6140 3880
6952 2590
7993 7401
7614 1218
2951 5679
3630 5625
489 2207
6131 2310
8444 1226
781 8378
9749 6978
5589 8025
7640 7443
4230 3636
981 4514
2016 7122
8395 8969
9713 6389
6370 7327
7607 9321
3006 1237
4947 3496
3445 1079
5807 1889
2305 6589
268 2054
3567 5857
80 1207
3301 4310
4844 4282
8825 6861
1405 7221
5831 1118
3610 2201
8446 1218
1523 1453
2455 6471
4949 5901
7550 756
7791 9856
7345 8059
1911 912
3917 1991
2120 7218
6302 6965
1501 5127
3826 2907
2349 9657
4025 5960
1859 2472
7178 3383
3925 9633
9854 8874
5535 7405
9631 3327
7262 6976
1387 9173
7889 5304
1164 9
2523 7466
6975 4024
2594 802
6931 4943
460 957
903 2319
3429 8082
5703 7355
7716 5558
6230 3251
2964 5861
6578 226
2838 7965
9400 727
3270 564
737 5793
8031 7712
9818 625
8514 6750
5569 8974
7708 6473
1294 1138
4555 6997
8493 2271
2556 4723
5523 5520
584 2102
5747 3422
68 5147
4150 3339
5712 4887
9132 3743
2600 8951
4369 1114
5702 9939
89 3410
6412 1383
4548 968
8381 3041
3240 938
7765 8764
6458 8350
866 2206
1773 935
7353 5923
4274 3065
811 3407
6808 3411
2358 1178
4526 8061
1117 4615
1471 7530
5999 6019
8499 4381
9061 1739
5319 6826
504 1778
5176 1371
3984 6950
2306 1337
2873 6580
4403 3685
9988 1212
7096 2347
2390 1623
408 3507
6239 1879
1037 2238
7899 9537
6620 6960
1276 1940
3787 1780
3718 8964
3151 7703
5914 5458
9041 8788
2039 3444
2473 2027
4657 9569
4374 7047
1193 4782
555 7432
6662 1593
9671 4561
1130 6291
1522 2406
8232 5309
4187 1951
4274 7339
9654 188
2798 8696
8977 4837
2141 1450
6865 6798
1020 1239
3845 2213
6022 4400
9645 2684
5994 9316
7246 7124
5608 8768
9531 3840
4078 3719
5791 8352
1059 5446
8541 3857
4142 7518
8695 6283
8968 5560
3082 9988
6800 6927
2202 2822
1328 1847
5507 7322
1164 2753
4447 6772
1522 3978
612 5600
7697 6404
3953 8756
1850 2494
2613 5992
12 1309
2276 8981
6869 5358
8970 3669
2286 1172
6492 3615
3020 1999
938 4184
4753 5385
956 6275
9363 1569
1876 7060
7973 5829
5817 9823
8323 8431
5816 8336
9740 8092
7318 6609
3451 6289
279 5737
7461 6771
9353 481
8771 291
4666 3525
5676 5622
9801 5039
7191 1677
2100 5164
7507 7917
4987 5831
6349 804
4168 6089
8896 1486
2699 2348
7775 2978
8085 5237
9750 7438
5719 8522
7730 385
2047 3406
6008 1849
8446 3199
3526 547
8364 1034
8464 3352
6865 4814
4156 1033
903 3053
2519 3602
5401 295
6581 3487
5533 6332
925 1253
4855 8656
1638 6903
2062 7646
8752 509
846 2279
1056 9210
3313 9521
2562 178
4335 6719
1211 5238
9772 3731
8841 5173
4027 5423
8660 9560
1756 9586
813 6611
8242 2452
3514 305
99 2266
814 946
4545 1870
156 7859
1392 2719
8037 5727
9439 9248
966 9211
2980 9808
4384 7007
5232 3045
6567 6988
2632 7381
3600 874
9834 7115
1180 9933
9382 1994
879 3928
3865 1036
1787 5258
3756 9824
985 3195
9073 1952
2406 2053
1760 6791
9061 6993
9837 5629
3982 2469
3010 7582
3344 2844
4698 4524
2778 4080
6519 3657
8008 384
4694 9795
5643 8450
9620 6628
1646 8694
8581 4053
747 341
844 9809
7335 682
5438 1317
3151 8448
8899 6495
1293 3598
1019 4072
7678 7538
7730 5686
7923 2424
5482 3566
875 5103
195 2521
3797 8776
6574 4545
9118 7419
4354 6453
8101 9793
7770 1253
8242 6670
7748 9535
268 8768
3607 7947
6307 1337
3634 4231
3762 9117
7798 4637
4220 7993
7159 8018
6770 3733
2564 5889
1153 6919
2342 9254
6712 113
508 4954
6784 8256
4490 7053
7025 8098
5000 3333
9436 8634
7564 3198
7751 5363
7836 1972
3357 4995
9990 127
8729 2554
6016 9882
9474 8359
9137 6186
8473 9645
1140 5257
7902 5631
2310 4928
3729 7310
8261 3165
5945 5826
6363 3696
1189 4200
5669 4546
9195 5659
4674 7925
8214 691
7807 7689
9051 6945
3875 7524
6590 5016
2781 4493
647 5092
9421 4376
2403 7682
7542 8348
3509 3905
2045 4699
8106 7714
9246 7302
3374 3920
5227 1589
4612 3035
9278 3663
9980 3153
1187 6571
8170 3969
1064 8817
9061 485
3194 1465
8168 736
9813 1678
4642 1858
6377 2748
9573 5623
50 2947
9544 5278
4537 4156
8313 3815
7820 8293
6969 9008
4864 5139
2978 5929
3957 2040
6414 7151
3505 4583
7888 3318
6261 2530
5177 2638
5279 4750
8262 5330
7698 7806
608 2235
1963 8921
6050 9783
7215 3020
8792 2079
8159 1770
8008 2117
3810 4423
9269 7315
9006 7157
633 5268
9688 5811
7907 4967
561 6169
298 8260
3975 906
495 5939
9827 6546
5722 7043
9566 4515
9122 7726
6285 7131
9843 95
1555 9113
7410 561
6270 8044
5830 5959
3855 3737
926 4417
9907 1225
2677 3883
2131 3173
9822 1959
9720 5545
9002 9287
60 8125
7014 6345
5256 6858
6441 6811
5971 3852
7373 2241
1896 3204
8200 5752
6942 9127
170 6849
352 2848
732 2484
6021 554
4444 5742
6100 3446
5029 6160
1572 2043
2506 6828
8901 8947
3640 4872
2799 1014
7114 4696
4218 5315
448 1160
4443 618
8010 4796
3466 8742
