1000 2
2448 4889
2465 9388
1466 4988
2760 5537
5619 4597
5200 8328
6005 3860
4965 9251
4898 9900
4260 2335
2289 3416
5795 6182
8634 9095
6908 407
7129 1180
6559 9577
6069 9024
8966 7536
4012 1727
3074 9632
6324 8274
7960 2329
2134 2925
1580 7033
2826 5841
9369 5115
9258 5164
1297 7893
4259 8205
8300 1389
9386 4859
967 5456
3884 9934
2992 7896
1661 6067
7528 7985
4342 5489
314 6477
8415 1895
3510 1241
7737 2879
6356 6995
8043 7654
4888 2303
5860 3189
3693 5246
8048 4661
702 1932
4595 3695
9829 6256
9762 7358
4241 4105
2847 4556
582 1263
6452 4092
2504 4189
6972 8861
1184 5015
6515 6072
7319 2375
9261 1012
7621 7310
5674 8323
9243 269
2019 9073
6525 1782
6431 766
5887 9279
5323 6469
542 1775
561 3047
5964 7534
1908 7148
2549 8423
3221 9869
799 2483
882 8420
9793 6556
6744 9037
6825 8764
8110 3350
546 4542
4117 6433
3822 9440
2902 4364
1216 3464
7412 7180
998 9321
4329 3548
7745 7550
3418 8544
33 4300
6964 9827
856 3709
8865 7682
2473 6976
1033 3020
1518 5151
9453 5340
4591 2356
9705 5808
5820 7118
2988 6819
6439 7317
368 4184
4868 3786
2728 4902
8086 9693
4729 8943
3403 3595
6625 5877
571 7659
8897 2090
2810 8350
7430 7402
706 7136
3210 6527
4255 6198
3347 694
3516 3715
4878 8384
7501 7607
3286 5588
7301 8016
4532 704
1612 1158
6581 2183
8817 5478
4273 1627
3829 1704
9029 4536
8841 2239
1063 3096
8438 4410
3791 1954
8126 8669
339 5628
6277 3625
1216 3578
1642 5748
4282 3254
6907 864
5437 5724
6343 9711
7351 172
1416 6380
4708 258
8620 5772
3354 7058
183 7145
9012 8309
5815 9351
3938 2092
2977 5154
5671 4619
903 9954
7873 7810
818 3311
3535 7161
3023 886
7334 4440
7267 2042
4698 5887
7815 8052
2945 7998
5198 1957
6308 1013
1309 246
3106 4286
5401 8777
8905 6305
8731 6779
4116 9550
91 7651
6712 3115
8537 4046
7555 5804
6089 2253
1691 3904
306 4637
1903 5504
6594 8212
6518 7904
8459 9624
2190 3860
8402 1096
166 7134
7876 4282
6684 7968
1934 3397
1083 471
7443 8638
6276 3533
892 7968
7437 1198
2606 9341
6703 9200
7554 3221
7104 6013
2845 9295
9874 1248
391 41
8382 8268
4323 5067
6236 6258
8465 7319
6730 5908
5958 3006
9441 6851
975 6879
8050 3581
6221 4753
2782 3775
7974 9887
9789 820
9182 9663
2068 9574
9705 451
7842 4028
5519 4079
286 3984
1399 7016
9893 7358
23 9335
4209 999
6215 2259
4581 2436
7012 7363
6212 4986
7251 6001
5807 6434
5665 7875
6009 5370
8327 3852
9399 3847
7931 9686
7832 9330
6703 7725
6688 6727
7061 897
7726 3276
3157 2307
5712 169
9671 1924
5156 6923
7926 963
3357 3592
8839 9366
8962 7167
3219 8362
1014 1150
8048 8846
480 4751
6572 7169
1478 3633
8067 9205
6909 1224
1513 2622
1394 1185
4547 6551
8108 2474
7515 1466
6066 6355
833 5028
3522 4052
3391 4537
5202 1439
3384 5683
6191 9956
2852 7669
3590 920
6875 500
2144 8388
3122 3539
9573 7670
90 7681
144 7606
9148 6210
3961 9981
1239 7483
4033 4630
2021 9236
6069 5405
4919 2260
5362 7772
9930 8952
8692 6806
9452 837
5194 2575
4377 4768
245 4468
2450 390
2074 1598
6600 6035
1579 7839
3519 5613
2470 5540
4849 8539
945 9768
800 6307
7541 731
5260 6234
7538 4713
7072 2732
7288 1449
7501 7534
5917 9951
7924 7992
1550 4525
4028 3129
2365 7547
8743 4835
3088 3592
3375 4034
3361 4176
342 902
4908 5602
7137 2446
316 4209
5179 7604
5658 2680
5139 1576
2632 3064
9569 4182
7589 3597
7312 9955
1145 6055
4790 4234
9648 8165
8268 3009
2342 8611
3912 7250
4214 1049
9696 4530
5259 4875
2135 918
7556 7274
2494 189
338 2064
4371 7928
5661 1684
7883 6807
7740 2674
1041 7388
840 9310
398 3182
7921 4310
432 2135
5360 129
6665 619
5005 8800
1537 2561
6075 4032
2750 6414
6096 7122
4342 1758
8806 2226
8566 6546
4900 9607
3935 5740
8918 4333
8923 6839
8644 9355
8975 4004
9484 5641
4624 4489
4442 6162
7051 517
195 9802
6931 6292
6925 1274
8050 5731
3501 6616
2278 8402
6224 6214
4143 5143
547 3066
1982 9191
2421 958
3196 1906
6599 7821
6396 1041
3983 3448
1559 4178
3250 8490
470 175
9765 8521
5907 3266
5138 8186
1668 1363
4400 5811
6506 4947
8878 8489
4139 1299
9447 7336
3206 6047
5157 9602
7089 9140
3050 8648
3319 6301
7139 3789
6477 6904
2311 2385
171 7449
571 1840
8813 4972
7652 5319
9920 6530
3808 4059
7830 3256
1395 1036
9303 6553
639 6392
5693 3689
5041 9012
9991 2180
2802 6468
9085 5114
8853 9256
2563 9425
1096 1376
4397 8749
6696 4317
5279 505
8377 3109
3761 9773
4146 3065
6326 4785
9457 2019
8475 4499
1032 8467
6679 3835
4935 5764
8949 3789
5021 1513
3215 6118
2890 7612
4867 9586
1930 147
91 307
3257 3853
81 7403
6918 6407
2189 6376
8426 664
875 9459
9131 7555
3295 4067
3319 2244
7857 8341
3758 1072
4459 6649
8685 9326
6235 616
9473 6327
924 2730
181 1005
134 7099
7412 2323
3476 5839
2988 4351
5299 2119
1907 8594
6187 5226
839 4044
3567 4597
5117 8027
1246 3803
7353 7482
4419 6827
3810 5344
9558 3991
6349 9693
1091 3761
2016 4567
9601 5005
8919 4900
7125 826
3494 3312
6053 4334
7357 9621
8931 2475
7648 178
6278 5002
7661 698
1830 1471
6042 1388
5463 2391
1081 6555
6153 3098
1122 5754
8103 42
655 5229
869 4150
8541 6922
8484 5899
6544 7415
8374 4193
7594 4653
9195 5255
5352 1025
6727 1394
2414 2191
3786 3496
8746 9940
6595 9869
5695 4698
9911 6350
9927 781
500 8469
7704 8984
4369 4248
6400 2743
8441 3994
7397 7637
9250 2749
8663 5977
4144 1078
8168 7931
4574 6915
7871 1169
6784 3567
5868 6696
9917 5796
7477 418
4266 5181
9402 8635
9430 5803
1379 7871
9798 8776
5509 9048
1526 4173
5026 5671
5251 3195
3602 9825
110 1474
995 6894
5041 6863
3590 4959
2660 1068
5377 6926
6249 4779
5561 5679
583 6941
3551 381
5717 9061
9429 7244
3234 4455
2915 8485
7650 6518
8310 7761
7993 9306
4656 3034
6169 8247
7993 8829
9315 3370
5755 5565
8150 1317
1244 8733
8258 4796
9114 3976
3857 8544
1221 7091
2999 4137
5577 650
655 3888
8412 8648
3194 3068
1683 9363
1315 9677
8193 630
3047 3949
6195 1198
5266 7440
9931 3525
2237 9046
7502 6094
7590 8723
3186 590
2860 8763
1241 3516
2651 9653
2165 5845
2722 3848
5209 4037
3525 3402
4668 6573
7352 863
7771 2619
8304 7703
6144 541
6750 3646
6636 4341
2369 9822
4932 5230
8586 6173
8746 1237
5827 911
7083 8549
4760 2293
2586 8286
5696 7254
4860 3048
8118 2631
5667 6423
335 1811
6964 7086
5458 3600
1427 7828
3423 6359
3058 2009
2533 1805
3247 8361
2717 331
6910 7477
2624 9497
5764 8320
6752 624
1368 4871
3256 7036
1294 3592
8848 8258
678 4306
1859 2106
2135 5282
8466 5193
7291 1000
6999 539
9361 9716
870 6271
7194 3494
5769 2958
1815 2521
3583 3183
7392 6839
219 8686
431 9067
6945 1110
3374 8804
3216 5509
4086 1683
703 1378
2683 7702
1918 2044
7418 2788
8316 4613
6283 4085
7571 8098
6606 1154
1282 3998
7994 1501
2685 8425
569 9630
9536 3944
8435 2753
9453 2522
4436 156
3901 7119
7859 5819
9164 5278
8608 7480
9891 4891
1565 7463
2989 8171
8618 4271
2170 6612
5773 4856
5038 6343
4486 4574
287 2922
7327 9741
5444 1764
9898 9345
8884 7757
5164 8048
3035 3772
5528 2927
8663 7094
390 1653
5265 9008
5925 7436
5620 1699
2293 659
8042 6780
5234 8330
9702 2562
8072 5146
4326 7970
4491 3210
5728 9655
1258 8763
3428 6787
1690 2091
3881 2081
3745 9147
1089 9670
6584 6710
1370 8877
7369 9413
5657 2603
7743 5359
5165 5815
506 9492
3786 4997
2702 9514
4653 3961
8278 8081
749 9969
172 4631
2050 3918
3778 3140
3589 363
9850 4959
9240 7220
4372 4898
9824 2116
258 4990
7932 764
4482 1718
5762 7185
1232 415
1147 9511
8496 1897
9480 8669
6528 1530
2587 307
4671 6177
670 4521
1136 9911
1742 5509
4809 1566
7625 5068
6556 5557
5833 1039
7276 1595
8225 8509
2010 9373
8020 507
1270 7500
9176 7798
9031 1764
8105 3702
7941 8775
8224 9078
8686 9966
4587 3496
1533 2213
8565 8090
7770 4398
9129 5046
5993 7355
3556 8004
6728 1576
8512 7998
9077 7688
5797 8109
9453 3902
1812 7395
2678 36
6473 1365
3 1061
4862 1536
3274 3427
9626 1044
7825 8756
6091 3819
6112 9647
1824 2840
1224 336
839 302
8025 6636
8411 7479
539 224
4874 3218
260 1348
4583 264
2409 9445
1801 5683
2873 1428
6728 699
185 2820
4519 6297
2468 6343
9137 3693
6680 9977
3995 4706
6613 2406
2185 7153
2630 7060
371 2891
8408 4955
3156 818
4401 4957
6501 7274
6385 3230
7973 6571
6050 2492
2868 8519
8836 2006
2212 5516
1983 6207
222 8597
8614 2408
5750 1245
9468 6121
4136 7876
1077 7293
8694 5478
2250 5196
2752 8636
8427 726
5207 4478
3218 8075
2997 2055
82 5209
7571 2065
1417 7794
662 31
202 6413
1276 9671
2535 5413
7548 3612
2706 6243
9090 4957
1439 1842
3593 9867
2569 8801
4345 5788
6877 7342
7843 6959
2552 5415
9025 3970
3210 9688
4002 3413
6101 5279
3084 8636
692 632
2249 3399
6875 1339
8356 8315
3182 1950
8182 5751
752 2528
1540 7629
9870 9383
4589 2423
4798 3614
6393 8009
3302 396
1422 9404
5675 4506
8041 6367
5139 290
9766 2015
1630 8123
330 4812
73 8513
564 825
1041 2104
8455 912
1488 3044
3336 6287
6659 9729
4296 9961
125 5718
9366 5801
225 7407
2168 5364
7697 1935
7379 9327
58 7710
4140 132
6224 4705
957 7266
6809 9412
8178 8297
2457 1514
4584 9116
1244 8880
9078 1370
4599 8444
7171 4824
5851 9340
188 3549
1275 7568
2876 1334
5279 7017
1466 1503
1722 2424
8769 8532
1837 6948
6829 4294
8463 1414
3411 9708
295 2490
1079 4895
934 8251
9719 6786
7591 9908
335 8867
7477 3212
201 2756
229 1668
4260 1952
4093 3029
484 5930
9978 7314
225 8441
8728 3636
8150 9024
6127 9229
3919 7061
7480 3639
3847 5072
3547 4183
3939 1025
7396 4141
3781 7626
5810 8041
9578 9903
1071 62
5833 1050
7377 6059
9492 6106
9695 7642
5130 5822
6872 9050
2884 4352
2690 6732
9425 6237
916 3364
7263 8312
7506 1044
5938 3316
9086 5517
3219 158
5579 9053
1208 2957
5112 701
9063 4808
8343 4194
631 5215
3244 3515
9568 5934
248 8993
2172 1164
2358 9436
9477 9864
480 5415
3181 9567
932 6400
9726 6512
5454 934
9469 566
1635 8533
5374 9979
2727 6005
5195 5972
9521 4763
1907 9770
3757 4080
934 6115
3516 411
5980 3997
5827 9161
3565 6759
5562 3291
3272 1016
4226 2742
1582 5861
1275 6957
5841 4002
2963 1036
9975 2484
5800 1882
2255 9557
5962 3189
5673 9479
3601 1653
3476 9429
815 7042
6189 6377
333 9461
7393 4559
2203 8976
421 3479
5933 6262
7482 8896
7298 7457
1381 3099
9340 3636
2656 5303
6826 8330
4782 428
9984 8259
9857 799
5301 6046
7177 5634
5508 4570
194 7712
