1000 2
3677 8769
7260 4110
32 2139
5222 5621
7009 801
4097 2504
345 9068
6545 9403
1343 4591
6099 4688
2802 4491
9711 6466
9020 1154
5843 625
8194 5338
5569 1871
4108 2829
5982 4141
4969 1204
9763 1978
2006 3860
4482 2351
2929 1028
1755 4272
5619 7855
8961 8422
2346 8672
4888 1367
9827 731
1993 8021
6070 7562
9892 178
392 5875
4319 5361
7079 4082
7339 9086
7943 1822
1437 873
2850 3193
5145 8469
1048 4107
6892 3395
2779 1780
4763 2606
2511 6756
628 8582
4319 521
8760 4711
6396 3080
72 3475
7162 7412
2562 5106
9235 3999
5979 2085
7193 1125
555 8241
5232 7447
1636 8012
9227 6399
619 1739
3156 1247
321 7475
1768 9082
2186 8164
2162 2259
1640 9325
9672 4202
4432 8907
8202 412
993 5395
1537 1549
3636 6770
8996 5273
4783 8224
1673 5402
9964 4829
6649 286
2304 8418
9368 4491
6583 1530
6750 8223
856 6423
2426 5288
5330 629
5700 6324
6024 7238
7873 9661
4008 6869
4935 8791
5094 6608
4194 5058
1438 843
5344 3742
9262 4713
8233 5845
6243 4984
4069 7100
1407 6496
2388 6738
7125 8088
3062 3149
5327 935
2811 9335
7805 7746
8127 2900
4355 2321
7958 5793
3165 3303
9536 2427
8017 7770
8273 4260
2754 2342
1361 4162
8838 3749
900 5963
1838 3962
9113 7165
4898 1925
6501 2704
9671 4628
5604 4027
6949 3563
9820 114
6867 9357
2542 4884
7127 816
9145 9881
3158 506
4043 1997
4255 4944
7961 6094
8907 7075
3259 3805
9000 9760
6510 8672
4388 2114
2700 1338
5678 2520
1453 2545
1877 3996
7429 9004
4812 6574
8886 7971
7081 2930
9968 1337
7875 7930
7431 6782
5006 690
588 4006
451 7098
2679 4840
9213 5379
6178 4891
7900 7632
7437 9778
1628 4866
8783 6440
1441 7669
4411 8523
600 4380
9860 8475
2311 7291
5258 7317
7982 5846
1324 8433
2945 4003
3273 2158
9383 9452
7050 7283
7084 4487
7062 8712
9354 5845
5153 796
3515 9565
9319 4115
3945 9180
2591 6257
6472 7849
3574 4454
3696 4898
2888 6641
8902 6161
8800 8285
5614 5851
5569 2698
338 2631
1411 9693
8477 6565
490 1992
6130 9810
6108 76
8990 8699
6333 5462
6549 9908
9916 246
4807 2804
6887 3709
8966 5688
1995 4581
1539 7565
7280 1878
197 8691
1571 8674
5257 2061
666 1388
1871 6774
1464 862
5474 7798
6324 2024
7707 6241
2270 2514
9046 9158
6223 8013
4846 8219
2594 6385
5784 9874
8264 5981
8566 9835
4655 3823
1897 5322
5212 3768
2096 6677
4630 7571
4476 955
9595 2183
7196 1865
4697 6242
1024 921
4256 5870
9140 6850
2256 4925
6724 520
906 5291
356 5562
9115 2253
884 4327
6022 2980
1004 653
552 5480
1609 147
7663 8805
2013 2361
5048 3037
3282 9304
8908 2423
6155 1165
7348 2880
1686 8254
8171 2042
3817 7286
4296 4701
1614 319
7682 2618
973 8234
8099 2582
8381 5763
1387 395
8124 6436
3433 1407
5741 2341
3830 1896
3507 1178
4776 5193
9433 2948
7236 3250
235 1533
7951 1849
1852 5633
4468 2826
3867 2568
5408 2249
8331 6796
2645 6456
3232 6078
7863 8974
8420 1693
870 1927
2871 5647
7121 2305
8595 4358
5555 8831
5891 3506
680 7744
9140 5149
570 3007
7717 5979
5257 6049
2775 7903
2505 6008
3981 368
4982 2402
2062 5853
4330 4934
1500 1451
7239 96
5809 2794
8927 1701
6301 9608
9445 5441
4757 16
8449 2475
5995 3707
8524 8770
1610 1029
4779 5592
1398 9761
7994 3461
5614 2325
8396 7115
3776 5635
7212 9586
8430 6140
1288 4732
5748 734
173 506
750 8622
2981 6746
2329 1505
5517 3940
2535 296
9533 3934
58 7528
7395 5673
9853 5792
2789 3630
1428 1
3217 9858
6141 4505
4591 1890
5239 4764
2396 5990
3387 5377
2737 5717
6883 8254
9657 9419
8551 9190
3353 8610
6718 749
4283 6571
6542 7072
202 7970
7074 3419
7829 3216
7924 2420
5106 3164
7184 7503
9155 572
2881 1892
6289 9764
147 5947
9184 8698
5137 2538
7309 1856
3287 1592
8428 9829
8665 8630
7800 5740
2049 5629
8956 9974
8049 4062
3138 5234
1565 2293
5806 4446
4186 2095
4211 4333
8042 3395
3032 3180
5933 341
5037 9221
1934 3465
9051 599
2096 6851
6339 4146
2481 5296
4121 530
9358 7260
5765 924
9554 1571
5371 3740
3667 9583
8074 1710
2979 1106
4891 8913
1448 9928
8135 3382
3394 7187
3982 5491
4038 322
9637 6519
5618 3759
7050 4977
1019 2815
5902 573
4387 1274
4314 8055
857 2388
9766 3837
3494 4657
2750 4942
4585 886
8325 7980
8073 2307
3471 2112
2630 3109
8632 8248
6868 5682
3226 7888
8498 9129
8461 2886
403 2776
942 1261
5164 708
5098 8658
5365 7849
3601 9951
8735 1926
7932 6809
4234 1403
8921 6865
4513 7553
5114 1382
3236 8340
9271 1735
7469 7733
4621 7872
509 5564
9133 5673
6272 4232
4331 1637
2081 7933
1589 817
9860 9521
7626 4095
925 6548
960 5439
4101 6074
6822 7337
4414 6093
9072 1884
3826 3694
9757 4335
9258 8891
8 5530
3123 4340
7168 5205
2273 8758
6023 2134
8280 3650
6229 9205
198 7189
4645 4299
3263 1467
1637 7678
7560 710
9563 1386
4405 9320
5722 3663
8212 5730
9194 1336
70 6363
6542 2344
5122 2565
4478 3402
6216 708
2608 6414
7897 7253
714 1161
8721 2351
8840 6282
3062 8404
7668 7467
7725 3391
1131 5937
9121 326
7273 9192
6689 3816
1537 1812
6382 6016
5214 2598
6724 7822
9012 4622
5076 9727
5784 3797
2079 4625
79 5141
3029 7748
2609 755
1139 3740
6692 261
4066 3966
9454 756
7783 992
2568 4165
7008 7783
6763 3733
5605 5776
8356 682
5503 4141
4480 7582
8766 4560
2723 1796
2308 5333
2552 3448
9073 9244
3710 3140
3211 3164
3897 994
4156 6465
5160 1165
4249 1923
4898 9855
7699 3255
537 3202
7396 5017
784 6163
9577 3508
7960 1886
8841 512
5335 7915
9756 9046
1055 2968
2210 4952
3963 6367
1418 9123
7533 5667
1046 2432
5522 8746
5687 6060
1948 3084
1078 2733
9247 656
6242 7207
2542 5084
7719 7878
2999 7476
6924 4055
445 9135
9008 4408
5503 426
3532 3036
6094 4579
5469 1617
3325 1156
7677 5274
4240 8756
8008 3487
9412 4251
695 1955
9335 8414
9833 2335
5891 6758
6390 6336
5893 5398
745 1396
5825 4277
4433 1920
8856 9902
3537 2182
1059 1215
7457 5299
9971 5466
8787 9383
9717 9483
1338 9053
7897 1172
1388 3788
7930 7779
125 3824
3178 870
5221 9004
5147 9655
924 4004
9557 4462
6187 617
5677 3645
5917 5649
9111 4704
5032 8829
4187 6371
7882 2085
7544 9270
5874 5475
7050 5999
9299 228
6870 4521
9232 2017
4176 156
6022 3734
4618 2210
4351 296
5855 268
5945 4966
4973 978
3795 9161
7350 1678
1246 4894
949 7121
369 7999
3121 9669
8228 9991
4190 7460
2009 8367
7617 8032
2101 2236
242 6452
2533 6098
6720 8478
1064 1694
9457 4860
855 6807
6538 2102
1701 7487
9223 2071
5487 2345
1741 3715
2336 5931
1176 4346
4299 8794
2378 6400
1030 2621
2853 3564
8719 9573
2042 9784
1268 1500
4645 2123
8307 1184
4225 9
8672 3448
2081 4159
5794 3822
7875 8130
9754 9051
2477 4053
7845 4856
453 8876
7478 3306
2440 6197
2880 4483
5982 4148
5984 627
6271 4291
1811 497
4301 483
3946 6382
4643 9740
204 2518
7871 9958
1570 348
4011 9415
5205 4465
8292 2683
7772 733
8881 653
5217 4863
4801 1201
5491 1073
5493 7303
1570 9794
7786 5517
6176 2430
5257 6380
4948 3128
6339 6518
3477 351
5934 8682
4817 4227
1365 2589
4961 247
3242 178
5111 8044
1380 602
9118 6873
7905 689
6668 5692
6206 2844
8122 1463
9225 3071
4591 5565
9590 8069
5916 5524
6751 733
9752 8117
3323 4713
8364 6565
4892 3476
4609 6272
4078 3728
3146 1984
4417 9814
7677 623
2658 5799
2086 1884
8871 6678
7449 8461
4747 3366
3986 1499
4099 3738
9617 7423
8452 7981
3988 3344
1458 8598
9616 5536
2326 2763
7521 6743
2577 5198
7367 5236
998 9453
7120 9869
6132 4570
8331 880
7936 2318
2379 2036
6056 1996
9459 4509
9978 3448
7853 1436
2047 7470
6973 4374
233 4494
1117 2810
9693 8484
8047 691
7938 5167
561 4071
9738 8892
4951 7674
1210 7330
9711 7267
9327 9170
1776 9306
2619 9630
743 4666
7100 7716
9040 7334
2211 158
144 1904
8643 8192
2595 6582
3359 3156
653 3098
2049 5604
772 3259
2935 484
527 2263
9654 2303
1569 2274
1934 2312
6941 9034
28 5981
6368 2240
6140 6513
4144 4783
4705 6739
1365 8065
9896 2019
1163 1945
7623 1936
5205 559
2420 5732
2822 2075
8036 4391
4349 9970
6704 1290
9005 6733
7272 5373
8973 3412
1887 3117
8196 6593
9857 9562
4658 9753
1581 5822
1699 9204
7759 6904
9764 179
2637 2586
2254 673
6978 6604
644 3682
7895 9649
415 5167
5023 9388
8580 6910
2506 6776
3504 2363
6338 8163
2117 7920
3985 3816
7125 1744
721 6889
1924 3359
9475 4179
4033 6453
783 4677
135 8679
4327 551
3846 9350
9939 2427
6261 2445
9204 9765
4809 5543
7928 6927
3463 1914
744 588
3659 1465
7477 5584
4825 6952
9763 8858
3406 546
3535 3541
9226 7862
4092 3072
7213 4032
5500 3474
6478 4704
3240 1288
248 1169
8215 3711
3084 8959
4299 6744
425 1777
2328 5250
8730 2091
4108 2136
2638 7644
5678 1864
5507 9771
4937 2721
3803 437
6195 282
5142 9436
1570 5390
605 9785
9101 3689
8745 3401
433 9170
5179 2762
4421 3909
4853 8530
6046 7491
6175 1724
9355 1682
1495 4293
4403 5299
4730 599
5581 9873
35 7151
5263 641
6937 4365
4331 5682
7767 4765
4853 2946
7527 9275
6856 2380
7805 2902
9872 3980
4627 9228
5663 6122
3521 67
1421 8252
666 7003
8126 702
4155 3389
1344 1092
7755 5675
6775 5522
441 1629
8469 7968
904 5326
349 8709
8228 222
2690 2855
9451 8353
8978 2973
8420 400
1225 9087
7403 9351
9790 1558
2741 1135
2651 497
6810 9426
6019 7252
1056 4489
5220 1960
9816 5570
669 8044
5793 3359
900 5244
1713 9879
8217 134
279 9443
9222 7683
8795 9012
9241 1536
147 1893
2033 6958
1320 8053
4210 2376
2543 9431
4336 2359
5002 5006
404 795
8365 1305
6040 79
1184 4257
213 1463
3701 9435
9146 2496
8448 8388
4033 8596
281 6066
5554 1601
4120 9765
3978 6664
9197 8314
9023 4199
3320 9428
4995 1686
733 1035
1766 1917
5293 1979
3381 8994
1415 2527
1490 9863
916 5523
8460 1197
1590 4015
2799 5711
3780 6778
2375 2978
5092 1399
7177 8413
827 2173
100 1561
3209 1867
3478 8502
3846 6860
7497 5262
9387 8988
5126 304
4512 3586
1502 6103
7601 4302
1814 1382
1080 4190
4360 6173
5590 1538
4587 6417
3712 4687
7979 6921
6554 1458
5424 401
8318 2921
5663 7706
1910 790
8010 6422
4376 9512
2525 1978
3814 4340
3360 4894
8530 7721
1068 4121
9260 5655
539 2972
343 8518
9894 6898
9976 5318
7299 8294
8240 2963
6000 151
3753 4010
6573 8130
3523 9099
109 7337
3439 3470
2232 1970
1191 3300
6091 452
8955 6630
3425 9298
5148 3319
6196 5125
8638 3496
3419 6879
6460 9420
7030 214
3431 3604
8344 6954
2703 8454
4291 6143
1924 6524
8113 3116
9824 4205
3568 8780
836 6993
8079 5985
313 4276
1110 8952
7772 4530
5831 4233
3950 2862
