1000 2
6279 6457
9632 6167
8802 1439
7928 7397
3612 9550
6624 3894
7805 2633
4303 4045
9728 4238
2500 2563
8643 4456
6697 3154
4402 6583
9962 8744
8987 2938
7224 5266
9396 6856
1434 8199
8296 9362
5596 1909
8913 2220
5803 6718
4854 106
763 4583
4345 3263
7147 2988
7720 3844
6143 2123
427 6105
868 9415
9044 8092
4682 8441
4949 6117
6640 3246
5479 2236
5155 4393
4457 959
1111 9312
1065 1875
3895 5411
5139 1042
8399 2859
4887 4543
4982 5315
648 5850
4731 9693
3943 9413
8134 8893
5530 4774
2139 1010
7011 7295
5403 1469
8254 6515
781 9320
8390 4677
4731 3530
5720 3130
6390 607
7673 1372
5923 8322
7223 654
8015 1167
68 6150
61 5598
924 2200
6609 7936
9495 2012
9405 7750
8528 187
7070 6919
4864 1801
449 584
4932 6839
1192 2606
8212 7115
928 5436
7770 8944
6604 7838
5094 6665
3436 6019
8865 45
3956 8361
2058 3361
6111 586
3549 3182
7505 8413
4983 7955
8997 9916
4794 189
2522 3007
7305 3451
8443 5075
2395 5047
2913 7490
1713 6350
3510 578
6395 7466
8940 8454
828 5052
9041 4377
8234 6547
2790 3218
4502 1788
3134 9297
1978 5657
2304 9283
9108 748
4359 1504
5796 7272
8994 7509
3622 2505
8088 18
9971 7028
8473 799
2081 7514
5177 315
4061 7967
3533 8563
9756 6668
7861 1734
2325 165
1018 1433
914 5378
2938 6710
2650 1933
4220 6273
4438 2308
6292 4409
9337 4766
5209 1418
2280 386
1733 6342
8354 5267
4906 8111
1935 2767
9845 4260
2933 864
5694 3847
6242 8632
558 8893
565 4778
5167 5003
7086 1460
9413 6424
6226 4622
7842 8507
5009 9576
4849 3363
4843 9755
1474 6779
2523 1320
1039 5456
2185 6734
9303 8428
5366 9862
7322 5932
4640 2489
935 1727
3950 349
8151 177
4971 5993
8684 9980
5569 3534
3344 413
3290 4819
7192 5813
6140 8232
1270 8325
4966 574
6754 333
436 4076
6265 5076
6566 7200
6804 516
7549 4955
693 2521
949 9378
2502 6519
2912 5847
6933 6203
666 4125
2017 6806
2358 3287
5132 7324
3861 1886
7657 4297
5962 3922
9374 2529
1123 6179
3045 8673
1135 3739
1195 2084
3117 3697
8604 6030
9544 5537
2233 211
9663 4250
7018 2021
7538 2150
9346 1399
4037 7004
5697 0
927 5071
2529 2050
1250 5575
724 2385
9314 1919
4470 2432
5617 3075
8463 5162
8613 696
5373 8277
4947 2391
299 2486
4542 9645
3885 8580
6650 9582
8580 7577
4654 1110
9628 5905
6685 352
8291 6000
2272 2762
8432 7890
5837 6895
3052 4450
7592 8425
2728 2540
817 3027
5026 5360
2672 8912
3940 9323
8495 2521
6900 3150
3632 6528
9055 317
6881 7347
6318 9154
109 4751
7044 5947
1646 96
398 9239
8522 3126
1780 9340
6153 6807
4701 8826
5719 8642
8149 4215
1163 5049
7365 4796
1578 6420
5114 8460
3767 1432
7614 3877
6183 4659
9824 7830
4756 222
7070 3279
3349 8850
2620 9502
5658 7321
8329 1377
5963 6478
5592 7127
1528 2957
1923 3107
9378 7037
1567 3146
8470 9182
7023 4654
3842 6848
2484 8598
7071 9555
1877 420
8405 4498
9923 4063
1819 8252
5441 7783
4730 1034
4910 6259
3992 6834
9366 3370
3872 934
6517 2342
116 3541
6996 3958
389 9481
2557 7461
9036 4435
7881 7442
8933 7805
1506 752
6057 6948
8536 788
7982 3446
7047 1974
281 6414
5345 4153
7348 1862
6496 7465
5404 3493
1424 5794
2974 3981
3255 2011
8417 1137
9453 7350
8942 960
8103 5000
7908 6639
5788 5891
86 2835
7865 368
9250 3211
4521 6598
5074 1018
4063 478
4511 5488
6272 7486
9469 9528
9497 7887
665 8951
5237 9608
9911 3341
4608 7819
9981 396
3710 68
3232 1576
436 2482
4788 4958
9081 9862
5976 3145
341 488
8633 6613
7974 8103
6141 7471
5990 6807
6422 1228
6415 6333
4569 1023
4153 4551
1419 7864
4619 4652
9440 5055
7134 4229
13 6215
4091 5990
9361 4432
6478 7994
1046 4452
6097 7188
1924 2088
3995 8347
3316 411
4681 7886
1434 8834
2437 2854
6699 7056
7506 6139
2111 4641
369 2125
857 4460
8115 218
8893 4594
8212 9939
9046 4310
7128 971
6398 1123
9318 9715
1534 3999
7601 2969
2834 38
5823 9533
7095 3330
5673 9206
7971 6042
1332 8829
503 9447
9047 9396
4042 7260
9336 3089
1571 6464
4060 7969
7587 3378
7685 9122
7378 5286
2092 212
5325 7915
9746 2420
1246 5419
1627 9217
1462 2959
8047 1965
2407 7094
1361 6449
4354 697
9538 5925
7161 3598
3895 4749
6977 1580
3872 4356
6867 5964
4569 2192
3880 4315
4612 5126
9735 6240
4344 1198
9199 2391
3163 1606
9486 4525
8056 3841
5223 7594
9767 2385
1193 3663
7135 8171
5244 1007
2528 2111
6972 7097
4304 853
1413 8917
5980 1149
5157 325
2347 4356
2716 5511
5963 2203
36 4019
6044 5260
1614 5812
7645 2808
9475 4780
980 4719
5788 3508
6830 2761
606 1134
3615 2019
51 9595
3169 5208
9920 5516
9565 2637
1028 5528
4841 1064
9548 885
6325 1163
6697 3970
3971 6172
8751 4952
892 4540
8461 7722
7302 9067
8857 917
1087 8909
513 4256
4118 433
9773 3683
3071 801
9212 7912
1866 8760
8798 8192
9924 5496
2162 3895
1668 914
8848 2561
5455 7309
283 2757
6376 9141
3675 7464
8051 4188
1721 2169
4622 1494
5853 7693
2296 5065
5606 4163
3826 4404
2355 3750
9900 4518
7646 1569
5432 6494
4130 888
3804 4414
3646 180
3556 7321
7645 1607
1510 9366
3776 6132
860 9630
3826 3157
4695 9433
7320 8522
3838 9676
2273 3738
4194 9920
5308 9627
6414 9439
515 218
3854 4162
399 7410
1483 8045
9017 2994
7411 2794
9127 8272
2425 2954
1429 7121
2387 8750
5643 6225
8426 7917
9964 2621
7837 5272
2248 4252
4712 2764
4471 8566
6926 4871
5976 8410
2916 4994
1404 327
7789 532
8599 214
3486 29
7335 5873
8779 2979
2099 7206
896 2063
9828 8733
7336 2076
2985 2049
4841 7457
615 1767
2328 6592
178 5244
1586 1583
5571 9376
2115 4170
9591 5601
4200 6926
1475 2979
9906 3575
186 802
5639 14
9536 2975
2091 2522
5024 6932
9979 5640
8700 2307
2232 8878
7552 3819
461 3123
3195 2577
7294 2786
8178 1494
9713 9654
4474 9619
3229 4661
422 8868
4675 9959
1844 6767
2482 6869
3699 2461
2509 2400
4769 4741
1279 2321
8560 1740
5445 1755
4318 2739
4542 2496
4233 4255
2151 8708
3875 5380
3369 4298
4249 8045
4257 6093
4812 6739
2962 8512
9201 5472
912 3971
213 2191
6292 8774
3932 1737
529 8250
4477 5072
747 8711
9328 2898
7419 3204
8279 788
7502 2529
8833 1759
8622 3646
8499 1585
2158 7701
7057 3070
1672 7271
5261 7965
6045 9194
9703 6575
7444 4180
1647 8192
2891 976
1091 311
4180 9371
1099 1682
1900 9933
3442 523
3579 1941
2108 5738
9642 9166
8808 1315
6437 4070
9280 2482
3265 8983
9058 709
3163 705
8902 6055
1681 9993
6366 5861
9365 7466
7544 1265
7400 986
1788 980
2928 3897
6718 2571
3064 5526
3886 9502
9597 3166
1985 2862
2149 1043
3572 5313
1749 2475
1368 3430
2469 7734
9292 1834
5201 6836
3099 2601
7823 4888
3581 752
8786 299
3323 1851
5826 7210
1353 5424
377 3338
8286 2526
4382 1859
7840 6131
4334 9208
9562 6803
6943 8854
8638 2144
5691 1738
4745 3515
6626 8326
4267 5413
8626 7591
7265 4453
4801 8618
9877 5178
1957 8164
7705 6339
23 5545
2470 4358
4754 2032
1162 1697
887 9800
3841 6579
1538 8587
94 8165
6914 4362
3579 5540
1953 844
9994 6755
9463 9871
1933 1420
8035 9639
7760 8059
5184 231
2418 9938
2264 3580
1636 3151
3380 5478
9731 4919
4065 9825
3084 979
4188 6663
6520 6141
7508 6514
2896 6971
6386 4830
8391 4421
4470 6152
2481 9654
6383 4899
9593 8648
8479 1229
1800 1860
6708 1531
6779 773
1357 9864
1753 5545
6527 8274
1687 4035
4789 4584
1006 1175
9414 9398
5597 3885
5551 8078
3539 1934
2977 3133
582 1457
4363 2382
3318 1071
3914 97
1844 5271
9962 3598
816 6490
1872 2504
525 6661
7088 1532
7836 6503
931 3434
388 6482
1512 3928
8417 4490
7061 9000
5948 1424
1382 9266
2496 5296
9364 4341
568 9326
7939 1385
5816 9812
3889 6342
6474 977
7875 4310
7481 8807
7744 7869
5289 9257
1797 3707
3747 8859
2707 9696
284 4090
8962 2780
9387 8327
7121 9955
7653 5061
1340 3470
4873 5230
9812 1347
6207 7688
5658 3688
6495 3403
1558 1784
2661 3356
5492 6408
2215 8199
6105 2499
2289 5067
5279 1676
3394 2401
1632 1048
7462 2973
4518 2336
8203 4331
3684 4411
2019 9342
8099 8514
2746 9658
299 5407
3014 5791
1816 5229
3990 7921
7729 6280
2989 3009
7957 6383
5410 9589
7432 2873
2562 1950
5210 766
6281 8894
5177 8301
8236 3277
6815 982
2935 7115
6390 5950
2906 8206
1180 6897
6127 8909
3177 9116
1918 1135
5500 7329
725 2932
203 3288
4883 5413
4054 1165
4307 9231
9466 2543
2508 6282
3526 5444
3397 9916
1394 6303
8122 2574
3200 4250
1484 6378
3367 3402
7513 8867
732 8238
1800 935
1526 6683
6348 5581
7848 655
4812 7314
3199 7321
3596 6726
2765 6993
6643 4160
3297 4766
6735 6498
9016 8219
2876 2383
1622 390
1251 2354
8629 3051
3290 156
9734 9638
5737 7583
294 550
4897 3494
7871 8494
220 637
5488 6864
4798 8786
1630 1533
5284 646
9753 8161
3030 1375
8552 4282
3730 7181
7334 7020
7338 7068
6659 3076
4652 6954
3626 9550
448 1498
8044 669
2136 3533
7533 6934
2319 9163
8468 7603
9810 8221
5765 2841
9596 4317
7124 3326
1499 4458
347 8837
1527 7006
1913 6179
3960 5540
5729 4409
7039 3774
5079 9175
7307 2612
6109 9627
1776 4577
7231 1587
2798 2996
4429 2395
7313 1553
5722 8812
6012 6070
7650 7539
3076 9564
3719 7037
5104 9449
1447 2143
3223 6526
1319 531
9139 7428
158 916
2006 7389
2504 4805
385 6933
7201 7699
8487 2923
6511 4500
8993 4162
2039 2070
3726 5759
9108 8831
5208 556
974 8431
7082 2293
8963 6222
9722 9121
7139 1729
6511 9643
6534 6897
6577 3736
4596 5065
6659 1108
9565 5653
5270 1605
7724 8997
7364 6833
7828 2572
7389 8803
1003 4472
1097 9966
694 819
9088 7833
2549 5600
7477 9083
2497 4054
2820 7094
9119 9479
8203 8684
5133 3473
289 2858
2471 7654
9692 299
226 7081
9102 1230
1554 199
1197 2249
1019 285
83 3568
5886 7560
2652 8383
1614 5472
5478 734
4952 3681
9419 85
7155 9709
2944 9626
7363 2636
9925 7589
9718 9027
8819 1272
9226 17
3521 245
303 3604
3814 6189
1164 6466
4572 2779
1938 51
3514 6890
3732 2933
6976 887
2642 9920
513 5
2557 438
7595 2275
9466 6415
3548 8693
6432 7069
8938 6735
674 2752
2924 1839
9219 7497
4618 1157
7548 8132
8047 1281
1066 5024
2168 3708
4945 2681
3714 7502
3120 1310
9778 2586
7725 3327
1279 4158
396 218
893 1071
2971 3818
2910 2190
1315 7528
3348 8864
5661 1395
145 6727
6419 2314
436 1364
4996 4151
8867 8116
5461 8646
703 3187
1973 1982
7345 2370
2201 8239
3441 5172
2057 6351
7363 3373
3880 711
2237 9542
2107 2383
6269 8527
4698 6706
9892 9694
858 8759
7810 6320
7406 8514
9507 9379
497 6853
1750 2698
5092 5191
7871 7149
1543 5234
522 5424
5946 2760
