1000 2
617 1912
7205 8551
3170 114
6273 1858
4990 246
2745 4173
595 501
7595 3265
9644 5369
7511 3764
3745 7760
7157 343
1504 2137
6456 4629
271 2382
4701 888
4295 1906
9440 7465
2021 5714
9323 7011
5960 2068
1184 6556
2570 8780
9821 2215
4149 7333
5979 7894
5094 3136
8238 6598
5274 4695
1227 5546
7077 5928
6434 1372
7835 5875
8838 9857
1589 8161
6868 7550
230 8053
4106 2801
6833 3928
5016 983
1261 996
8878 6355
4133 7116
2954 9407
1812 4181
4953 8889
110 1388
262 7946
7263 9100
7803 8853
7262 4671
6403 7493
2724 510
295 9558
4438 5311
542 5700
6308 9420
2056 441
6537 5010
9849 8349
9192 4802
7238 9302
6191 7501
7248 3455
6602 5052
2308 3864
9723 8712
1358 2448
9223 1653
2007 3661
6965 2549
9362 3273
1969 1418
3714 8506
6429 3563
6856 5621
8366 4094
4924 4558
1596 2173
8013 8198
7225 322
2062 6949
9035 3421
9398 8258
5074 1405
1920 2039
3955 1282
5313 5924
2701 9027
4431 9130
2591 1287
4751 958
5382 9675
5516 6979
1848 3530
5177 9074
3852 7240
6023 2887
661 5421
1146 5735
6827 3066
7775 782
4349 3088
6707 7050
2116 1138
6180 4708
2426 932
5666 7809
607 1183
4788 2456
4713 9966
1530 8565
7206 7554
1453 7867
2975 2600
3603 9802
5667 1379
585 16
4468 7292
7067 6584
8431 3247
1293 858
4179 6959
8667 4787
8142 3456
7244 2856
3422 8775
1422 629
6329 2875
8497 9305
5476 2100
9108 1143
3480 9693
1159 7948
6985 8226
4533 5416
1474 5826
6274 5654
2786 4942
442 928
8399 7686
3785 1821
6461 5207
2451 2790
8083 948
2096 3559
3049 1204
4702 6529
897 5862
4478 7882
4089 9011
3299 5564
4837 9574
1218 7623
4516 1661
8552 2915
9347 2337
4737 5808
7544 7188
8599 5627
8136 695
9187 1185
1900 3890
7715 2797
9753 2193
680 3842
1204 3980
9407 6042
3554 626
3666 8070
2287 2218
986 1634
4556 5724
7443 2101
2912 6043
7729 1049
6739 6916
2235 8639
806 9950
1437 559
2144 2117
4402 3348
6098 3809
9391 9652
4436 3057
7723 6723
5276 8709
8358 9833
4434 5801
1934 7347
1845 9663
8397 8584
6580 632
7223 7387
583 8661
7946 2727
779 2349
6076 6877
6159 5467
6529 595
8525 4252
7319 3801
2962 5677
3634 7396
1478 5569
4744 3323
5233 3141
1908 1813
3773 9131
9200 4357
7793 7147
7084 8572
9497 3161
5449 5656
8629 1978
6252 7154
6231 3571
956 9194
9248 4591
6591 726
160 1335
4050 5393
4476 5958
7207 8250
5090 6407
2607 2883
3555 9692
1455 3052
2853 6905
8708 1482
8884 4960
8637 5115
8531 9593
4310 7780
4184 901
8506 4345
2236 2557
9739 6713
8515 6946
4963 3606
3353 7571
6490 6908
7263 7946
9960 117
4851 8669
1600 3735
3630 237
8851 2162
9831 3161
9942 4016
4063 8448
8361 6300
1006 8100
3013 9522
5046 7976
3128 8400
5548 9618
5309 2811
7565 5270
2929 2416
3939 4529
6152 7569
4767 5004
9731 4598
8166 9673
8615 2229
8122 6976
8529 9128
5077 1543
8651 124
9519 1779
8525 5068
1398 3834
7879 8963
9104 808
1380 3044
5338 7533
613 105
2537 345
4703 703
19 3318
2933 8142
295 1462
7271 5373
3005 5922
5498 2525
7702 4023
7593 9101
7858 5473
8065 6962
6282 9445
6 1620
6978 620
1725 9516
966 6429
219 985
9748 3152
9127 44
4615 6398
5418 7621
2321 916
146 23
4940 7740
9124 2798
3213 7189
9761 9496
6635 9768
1116 3614
388 2842
3130 1354
9271 3350
2340 9020
6503 1467
9064 1118
7866 4482
8739 187
5399 8886
211 339
6626 9335
3138 9840
6525 2899
9336 3160
2667 453
6775 3056
3295 9905
4410 2567
3256 6751
1587 9759
8219 652
878 6085
5135 9618
6273 535
8504 6484
874 5131
5820 4012
4972 2345
6912 4309
5506 9579
4762 2281
2635 8058
2187 7046
626 5443
3797 2214
5203 2016
2866 6081
8102 8002
5700 4376
8537 4205
860 9412
9336 6680
3425 4309
9025 337
8618 4532
9917 3381
6813 2553
1440 9000
9600 2066
4444 3397
4280 9647
5414 7147
5729 3517
5149 1429
7893 3687
5634 8753
3099 4971
5434 6525
9280 4460
6862 7899
8992 6780
1281 5806
9333 2721
4806 8933
4788 9250
2331 9068
8897 7746
6216 4626
1263 1366
6056 9156
5053 1690
7910 8153
6662 3345
4678 5942
7806 1541
3842 6798
8322 5124
2604 7656
7845 7411
6590 2633
6661 8921
1702 5559
6667 7918
186 7931
9284 6242
7088 4338
7933 4999
2492 4595
8344 7171
538 6151
8713 4381
2949 7035
9505 5554
4691 7351
2966 1281
9985 9628
203 1687
5187 6871
9606 5374
4802 8891
1616 1891
3229 9550
6890 5722
4146 5235
2893 4685
1386 1606
9066 4336
8641 8571
9891 3333
5923 2857
4615 5908
2485 4818
7595 7673
1690 7202
3047 6493
6093 4664
8384 9323
4215 5275
5045 8361
510 7938
3046 1897
9545 2112
6233 8186
684 6125
1520 6608
8983 6135
2516 1468
954 112
9142 2644
7314 2189
9138 3407
6854 7522
2731 1069
2798 7776
9430 3309
5715 2477
5206 5260
4590 1440
3447 5275
7565 4967
1883 6548
1103 4399
8017 2057
4511 7159
4702 1825
9349 3840
5233 6203
1363 7964
7272 4161
5741 6703
7470 1456
9180 2676
6717 3771
4117 164
9046 1682
5131 929
8231 6235
5328 6248
8292 9840
3408 2995
1665 2757
6835 6899
8961 8199
4864 6234
2360 605
2937 9831
2062 2118
2507 8779
5889 6625
8944 4936
8307 4076
5865 6539
311 1193
2788 8603
1033 6196
1599 2699
8954 8435
9599 7915
6634 4463
4150 8994
5069 7088
8825 7132
9206 1333
5911 5096
7959 4856
32 6267
8932 5898
2806 9243
7091 5594
7847 8125
1791 9446
825 746
7881 424
8662 4515
4887 2812
3510 9957
9900 2336
7089 9107
3670 3001
4203 1629
7857 4236
7896 6789
134 703
6032 7226
6298 3879
5352 8089
3326 6177
8836 1207
6601 7498
5723 1489
310 9234
1446 210
1571 8536
9317 5242
1537 3521
6871 9394
7758 4768
6184 7893
5471 2216
5119 1770
6096 471
9859 9423
6648 8696
631 3250
6194 6355
4739 6504
5589 6186
6715 7161
4722 6032
2403 6260
9554 9274
5655 7312
4043 1839
5206 9515
4056 325
1285 152
797 1145
9576 7446
9841 207
696 6035
6562 5436
2540 2151
1623 9255
9313 6345
5288 1716
2606 4842
990 8261
2155 5034
100 7361
4549 4156
7687 5835
4309 8484
6980 3885
5930 6822
4092 6627
2857 655
2063 5398
2806 3686
4653 2119
32 9941
3836 2638
4784 4827
899 6939
9861 1000
4301 4411
5156 1988
246 9465
473 7227
3351 6404
4049 7444
3031 6907
8099 5095
2305 906
8782 6958
3026 8815
6900 6862
1454 1684
1689 2354
8624 1550
3354 2926
5961 8510
4915 6208
7976 5388
3435 1328
1793 7484
8772 4825
4392 6871
9921 6697
7777 8703
3656 803
7519 556
7666 8973
2241 9355
1327 866
905 4682
3792 6867
3192 8707
3076 1169
4096 6511
2498 5890
3996 1270
715 8388
8142 636
5086 5920
9340 8742
6724 6859
9299 4390
5833 1541
3745 7161
2407 4651
1843 6200
1519 5036
4907 4595
6205 9004
1106 8704
4894 5103
9974 5610
3492 8116
6246 8578
4037 5587
7321 761
2447 6620
5151 8280
8162 8896
5442 569
3548 7285
6769 5067
2321 1677
9662 8527
682 769
7231 5577
5872 7206
1187 9365
5323 7434
7943 9360
3021 5264
121 5468
1885 5272
3749 48
4168 9192
617 7717
6477 7387
2784 8799
9065 2446
7326 9747
3216 4558
5324 9089
1764 6511
8454 7087
3945 6397
6447 6967
1662 6568
2436 3548
1841 6186
3596 6010
5378 4214
3727 1855
1601 6511
654 667
8958 7981
414 2174
2539 5738
1264 4303
2250 9718
1391 6196
6116 7839
3164 7779
4407 5600
1327 6249
1787 4924
2259 7165
9139 5986
9021 741
2497 9676
1408 1456
7658 1822
3631 197
7561 4895
4501 9812
4613 5893
6008 730
3732 9173
8509 8140
4774 9837
4389 6561
4761 6648
3727 3900
2634 2749
4641 5132
2426 6050
6588 84
7872 219
282 5434
5114 4784
5246 9728
677 1255
458 4409
428 8967
2549 5202
8805 6939
1764 3566
3587 5491
7467 6222
8241 2109
1354 667
8159 7943
752 6032
8162 1034
1466 3277
5819 6712
3006 6496
7968 3464
906 8396
2432 3456
3599 1237
395 5363
4804 3982
855 2272
204 9097
4381 1559
9764 2541
9502 517
8573 7665
1551 39
943 7370
6752 3949
3867 4720
7414 4774
3117 9847
8230 6717
1085 8625
2081 5889
2608 2936
8162 2813
2034 2543
4373 1798
5085 3875
2316 3658
1541 3867
3698 2484
1238 450
6434 5106
5171 3848
9880 8289
3695 8111
5006 4780
6736 7087
670 9345
24 8832
2159 2058
1376 6532
3857 6461
408 6173
120 1950
41 3818
4434 1280
4269 868
6387 9440
4716 6267
7730 8412
4378 2736
3193 1115
9824 3863
461 9849
2696 2621
1907 4073
9154 5765
535 9562
1939 655
1512 1981
4474 5947
3262 8743
6815 9649
8184 1532
5917 5914
9945 296
8651 3138
1411 8475
7002 1873
8324 9699
4494 232
3773 3649
5998 4308
3211 7938
4964 4724
9919 9438
672 3181
8182 7488
2830 6367
9021 8748
2281 8966
9044 933
2105 456
9408 9107
2329 7733
8807 6824
7966 2580
473 3964
6889 3685
1902 1853
8410 1822
1292 9082
5003 9475
6571 7834
5842 5592
6582 8123
4558 5626
9056 6663
6082 8465
5771 8412
6199 4578
5237 4165
7159 5710
8129 4048
9396 32
5902 7807
1854 7194
6890 6858
6669 3461
4693 2512
9053 1276
635 3611
6902 9692
275 2985
8158 6046
1398 4357
625 6635
8523 7784
2346 6653
1833 1742
6685 7735
9550 8540
4929 6440
5399 1599
9901 93
4111 8954
1369 4747
2566 8272
4440 2841
1257 2599
8888 2655
6957 9513
9291 5480
7298 1637
2133 9131
3380 8819
6867 2930
7360 1797
9370 2759
3396 9271
2852 7508
8226 4221
2256 792
2494 6697
3633 3751
9296 2521
6407 6253
2035 5698
1734 9334
7336 3867
8465 716
2686 5333
3646 46
7130 3016
2806 527
2288 5659
8035 514
9881 291
1306 2375
6988 4940
6127 6285
7462 2535
2538 9498
8233 4272
8832 5570
8140 7298
6286 827
2631 9932
874 9761
2949 3680
288 5237
9340 8324
5751 9221
8616 7058
1597 5605
1998 7724
1890 9461
259 4429
8959 8493
8702 7791
4063 6842
5090 349
7670 7721
282 8544
7483 3231
2225 7771
8468 1565
6095 4220
787 4711
1278 2384
317 3276
108 2207
2738 367
6636 1697
8861 5338
9489 2924
2181 4579
3274 9851
2300 3556
8395 9783
6788 621
7555 5256
2186 3651
9476 2974
8363 754
5358 8680
4031 5466
887 6769
5834 7524
8467 4696
2863 7956
7620 5044
2535 895
4896 4836
4451 3292
4620 1239
3913 2175
6496 6100
5827 5972
9074 4190
6727 4432
2871 759
9899 3758
7529 5734
1283 5996
431 4146
3953 8051
9191 6489
8946 4088
1326 3398
7380 5946
4638 1294
8122 1134
7395 3949
7107 6469
8140 3835
902 1011
4594 802
4770 2124
6537 6053
8120 6968
199 2074
5020 9391
8563 3967
3479 9890
7365 859
5836 2004
2154 3959
3138 9549
7909 245
6019 6049
4080 6922
7061 8675
7725 1831
799 4263
7884 8920
1231 8084
995 6252
7475 9558
219 955
9449 7585
1815 5285
9589 3969
9245 2728
3519 7154
2974 9539
3204 7055
6461 265
5730 4186
2096 6530
8449 9981
5450 9681
8066 6445
5934 5542
6004 6153
6497 5454
3739 8312
739 3329
2282 9985
6057 5802
7139 9032
5341 343
