1000 2
4203 8691
7382 7840
3598 5474
9330 7226
7931 5202
9386 8128
7613 969
4126 1871
5099 8015
9684 5932
1328 9634
6780 4442
8165 1796
5194 7874
6642 3923
7967 846
2614 5350
8687 6212
824 8018
3439 8756
3220 2826
6884 833
3796 1011
2705 8895
9026 2390
4827 355
2024 1608
4797 190
3404 9991
8064 46
3915 6032
893 6529
1383 9580
2742 2207
7598 6181
964 819
9008 7848
1653 2804
8860 4358
1700 7887
6749 6528
8242 8774
8136 3040
8964 1541
3032 7029
1588 6947
3062 2481
3476 4445
2062 6218
6653 9661
2400 7617
480 1409
5466 2134
4214 4326
6493 5914
2213 3242
2443 455
2016 580
3496 981
2121 6528
8011 3709
3475 1073
6191 6952
5519 8253
3171 2173
7915 5571
9790 8395
6981 5256
529 1195
9583 7022
7110 1796
265 9554
2252 2282
134 5748
3264 2256
2276 1275
5966 5752
2349 2157
2705 7869
411 5876
42 8326
1448 9832
6722 8429
5089 7252
9625 4672
4275 6735
6468 4540
6289 8720
6823 6424
4469 87
8680 6746
1362 4647
2498 3712
6805 5204
1581 7216
1080 1623
5543 2528
1456 2266
958 6545
9518 583
1218 3793
7319 7687
8334 3609
6408 5158
34 877
5245 8714
7623 6608
3362 122
321 167
5326 1902
7383 6407
3526 2927
8935 4982
5193 9894
1528 4711
478 2747
8505 7798
434 6840
1407 6842
1998 1441
7720 7244
156 5343
3852 3518
5466 4173
3685 792
6076 1069
7199 9602
3997 6135
4585 9190
6030 6114
3902 6508
8861 2408
4306 9295
9248 5714
6138 1246
7155 3858
8490 7312
9202 2343
831 4669
6517 4517
5462 2593
5586 2662
2195 9584
8798 6781
8774 4828
2895 2677
1337 1756
5085 5643
1052 4333
1358 7191
5580 8514
1049 4071
5826 252
6414 6658
4922 2931
1175 384
5525 6762
3046 7720
6346 1844
4502 5120
6673 7397
7798 8010
9153 2883
3654 206
7217 5012
7397 2797
3526 8447
6868 9353
8699 3283
6011 3621
6215 7186
4006 1740
3948 7052
9461 295
8897 3963
5416 5570
1360 3214
3580 514
6097 7234
720 3314
2247 8117
6111 5774
6564 2980
5127 5264
6264 1139
8886 2479
8325 2892
4220 2274
9945 3681
2569 8842
7645 7985
4413 9005
1199 7993
9520 7297
5228 241
611 7476
8359 6723
3250 4924
9704 8378
188 5968
9517 9075
8448 7843
1968 2668
117 1914
6350 2687
757 3995
673 5170
3001 1872
3164 2521
9170 8393
2763 9782
5869 1122
6505 9120
6046 6210
7498 6235
2179 7016
5311 627
4859 7279
3296 4977
9193 9646
7664 9950
3641 8337
5121 6642
210 8285
9164 9381
6678 1928
9163 2548
3050 5669
1668 9096
1879 9167
5332 4059
6183 643
4686 1042
7922 7983
6020 7116
7629 3685
7067 1271
2022 2188
7914 2233
474 7079
1614 7153
9007 778
9701 2057
6447 1370
1154 8326
537 6486
2385 6721
7129 7072
7764 5052
5055 3784
2169 2685
7469 9237
3956 9492
1425 1871
1726 1900
8950 3341
9053 7957
4119 8754
15 566
124 1169
8892 662
7656 1278
7383 4786
8351 5148
9839 3407
8932 2008
6092 6401
1245 49
5894 2671
1921 7620
4571 871
961 3624
8829 5080
2379 8844
5646 2504
14 4539
3167 7671
5818 550
2457 4170
5698 2296
7577 4631
4305 3670
1033 5551
3719 6927
8222 5640
4548 2794
6512 5510
6419 5342
590 8799
4186 6237
1303 4201
777 4470
1873 6596
5021 4330
766 720
6627 8343
5352 933
2013 6385
6484 5733
3313 4707
1374 7861
7501 7887
3371 3921
3229 3962
2720 7416
200 4023
1617 977
8494 3491
7574 3516
7822 8340
4236 4449
6684 9588
5383 8697
5974 1867
4431 9287
6574 5806
7149 4076
3693 520
7997 6922
4482 717
4338 4683
4741 5956
5660 3235
9447 3234
6751 7269
1575 988
1719 8259
577 7102
6957 6552
8969 1388
5839 5544
7195 2988
9620 888
3509 7617
7810 7992
8335 2149
2675 3076
8105 8336
6312 7552
1570 3064
4822 3146
4052 6541
1405 4630
3644 8362
1182 2613
9751 7022
8158 6946
11 7778
7835 3520
5396 5646
1512 3732
7795 4188
6808 5900
2524 3120
3453 4094
6185 8275
7241 238
4817 8646
4868 8461
7009 6051
1075 6761
3073 9234
3708 3084
7012 1543
6605 2409
7189 8117
6141 4984
2305 2950
885 4830
6071 4338
8925 2256
2614 6166
2494 7432
4812 7363
5894 1822
3414 6969
8583 6488
6204 2291
9573 3216
3834 6178
5626 1024
4296 1768
6009 6602
4718 6894
1432 790
1232 357
3047 3847
6523 5541
1279 1336
2905 7173
3158 6320
4143 1741
2808 347
4033 2381
3564 7868
8560 9191
8892 2856
959 4901
9458 5678
1796 891
6469 3028
1248 9516
6876 7772
5058 8155
9108 7963
5329 2267
4283 9472
4009 7092
9820 8042
9473 3384
5911 8034
2576 4803
890 3535
9705 349
9214 1501
1240 5683
4530 2489
5199 1406
261 258
9562 9370
8221 4891
1637 2504
4364 5646
9596 4184
3689 9070
7569 9600
7104 145
4404 7995
3681 4109
8344 2896
5611 9585
8579 142
2074 3779
1549 2335
4037 1111
1705 2259
6003 3342
4763 367
8989 4360
4552 2678
3431 2122
2278 536
2268 6682
8531 5949
792 6876
8845 6403
6461 7425
6546 8535
1204 8095
871 5242
9206 2576
7501 5210
5919 2265
5577 4908
6626 130
7587 58
2252 9865
594 4520
6548 9126
470 7340
6002 9316
3744 2464
6741 290
1000 7946
8386 1871
3188 7593
4448 690
2803 367
2955 8381
5276 9581
8511 2863
9639 764
2729 234
5285 9277
9360 5755
6618 5363
5072 363
7828 1813
654 8828
9759 9040
699 2948
6633 5147
3638 9437
5515 6593
7818 791
6175 6330
3655 5815
7095 6384
6049 2380
5662 5410
8136 2280
774 3208
2644 8602
5021 3298
7431 4781
2338 8130
7729 8972
3278 1367
8409 8793
7961 6228
9585 4137
2558 3241
9952 9653
9625 6002
2033 5288
1413 170
7569 2187
3379 213
790 8401
3511 8221
3182 5850
6352 912
4823 9631
2280 3232
8425 241
9460 8010
4379 2019
1251 4331
1672 877
334 3706
6165 1747
3876 3735
3935 7255
3948 4725
5656 7460
2947 8839
3311 9299
9751 8134
8930 2031
1367 7356
2273 828
5366 6652
2847 6618
984 4519
7496 1318
8226 3662
3065 2102
7397 7000
9358 1346
1726 5015
8806 4673
3855 2117
3973 3606
252 2904
5638 1619
260 7912
2447 5627
4565 5294
2246 5549
9814 9743
6868 8040
3405 9933
143 803
6934 9502
2149 8661
4517 956
3335 8372
3074 7309
1979 3326
213 7618
4946 474
5530 7393
6102 95
2688 8349
5645 2503
8092 2513
543 1497
2446 687
2300 9381
189 4450
8043 4707
5406 1378
3079 8481
8687 5059
1807 8901
2677 6753
9376 8207
4147 5478
8303 6836
3827 3948
9339 1919
6461 9883
3417 8908
571 5718
8290 760
168 6333
5467 5575
7712 8547
4056 6399
3606 5864
5301 6284
2618 4677
4491 6765
156 2795
3602 3984
6743 2942
5904 3204
2826 9322
2113 3397
5040 403
4158 5209
6737 9626
784 4449
8173 4841
848 1780
705 6150
8064 3323
828 2556
89 984
5351 3692
4969 2095
6634 874
5300 9461
196 7413
2859 5236
7817 7017
446 4554
6644 1231
9003 4817
6072 9852
6598 6778
6002 4663
102 6831
7219 192
7816 2571
3884 2785
4666 519
3659 9967
9980 3856
7380 2839
9093 5198
9857 9539
9752 6501
770 8755
1319 6843
8608 7918
3622 4611
2581 3724
1442 9801
3917 9258
2373 7801
2043 7039
8320 5703
7007 8301
9559 4387
1141 8652
9585 999
8192 9338
7501 8963
8093 8820
5807 6702
6739 9429
1313 9320
3154 2755
9122 7071
2013 1495
4873 4057
8535 3194
9761 5542
1495 9320
9929 2637
7973 9515
3636 6165
8853 1138
5128 6947
9958 935
3649 6697
365 4963
6018 3519
7718 5140
591 9732
6635 5464
3789 5170
8658 3551
712 154
2871 642
2792 845
158 6429
7010 9011
7567 2139
5959 7525
3075 9609
4223 3440
4572 242
6960 2291
5382 7552
2023 2018
3016 5813
7189 1675
9364 7902
1830 2236
8544 4622
3081 8703
1051 92
7714 8618
2231 3674
6144 5307
3283 368
8748 7856
610 5709
147 5993
3261 2171
8011 6278
7984 5200
7954 7349
3103 9784
9585 1647
4406 2667
351 5457
2759 8066
4076 4991
1740 220
298 5024
588 9047
2880 1199
4756 3028
7192 8017
5199 5203
4296 3184
404 2250
534 3508
2034 119
5156 6440
2787 5507
1898 5546
3573 5974
538 5313
6195 837
338 6783
9884 3218
7982 4640
6247 5174
2658 1446
378 6954
4631 783
9204 5165
4291 1239
5285 9447
7680 8072
4955 9578
3619 8528
5553 4157
3841 1748
4994 4179
8532 4879
7398 6515
9520 3645
1689 2178
5092 2068
9133 9724
2852 8338
4889 7144
9577 174
6592 7257
8247 1547
6836 1866
75 2390
6024 3917
4139 1019
8097 2671
5899 5496
9186 5419
9142 876
7597 4234
2945 6730
3958 5798
5069 8848
2943 4646
9023 9535
1904 7270
1083 8741
9137 1159
1131 5162
5077 5270
6182 3174
7942 2081
8671 7128
7500 7813
8005 5098
2047 950
1829 6006
6749 6898
4855 9692
1544 3878
9227 3449
1149 311
2190 287
1471 3322
5449 6548
8593 1632
9723 6535
3713 8394
3664 1214
6207 1670
6312 8255
2621 8141
4262 9370
5039 9117
9062 6584
2995 8290
33 4145
8601 2224
4432 72
5546 9881
6621 4140
1513 6344
676 5227
4738 4340
6441 946
6011 2753
9201 8632
895 3463
8002 5934
2581 7064
2519 5577
5354 2552
9722 3956
4777 4154
4028 324
4036 650
4464 5550
6994 5140
777 1733
9481 7219
2679 5492
9972 1881
4124 867
5345 2126
6802 7926
9191 9321
3503 4545
1874 3225
8501 6651
7380 2530
6975 1416
3180 1440
6966 175
6581 7744
1908 6062
4963 4587
1554 4936
6468 5679
5803 1814
7806 2606
9740 6997
1928 3244
1542 3803
6469 44
455 3849
2575 7431
5266 5756
8871 2233
5931 5452
9977 7839
1515 4940
2427 3070
9876 8896
8749 5680
710 6555
8287 450
3553 215
3694 5095
4018 164
5140 4474
4014 7716
1905 9280
3472 776
1513 9403
6229 1491
7243 7744
6431 9670
814 6308
8566 9563
1988 9276
6119 275
9727 9672
491 3422
4768 4510
3587 9909
8984 7601
7625 889
6882 1097
1666 8396
501 7895
9887 7744
5639 6318
7415 6453
2627 5981
6017 4615
5258 2137
4891 4986
1809 5383
8408 6578
9893 1996
6487 8878
9597 4113
9768 6480
5210 1434
4876 5712
9330 4763
3457 4969
1082 872
1423 3709
6853 7441
8325 2112
9578 3217
7099 1388
8600 5508
7967 8494
7504 4454
7372 7101
8567 7140
3581 3778
8575 8458
9491 7905
3221 2948
2874 4304
3820 4298
8013 674
1740 6339
2787 1318
9556 9886
2707 8156
5394 674
6650 2898
5129 4023
0 3697
1163 3582
7475 9738
2040 6967
7643 5262
9915 518
9566 3736
4817 7580
4411 6557
3919 7198
7876 3476
7084 583
1632 2479
1258 8283
5377 6387
2306 5378
84 3470
8960 7560
3209 1000
4527 853
6262 4443
1371 5829
8179 6189
3409 2591
2746 7329
9789 622
805 6874
1206 2438
9353 2465
721 4731
8852 3028
109 8937
6499 9069
6497 9708
70 1025
561 6333
5468 1933
2162 3648
8122 5572
6239 868
2901 6029
1491 3707
2903 2698
6145 2256
5163 6867
6988 4015
9895 7097
2952 6394
6167 9450
6103 6237
475 6664
2571 5944
8597 4733
9593 6719
306 5833
7588 3208
1862 9080
6915 4766
1778 3060
7023 6942
9928 4011
958 9823
1108 3911
6218 7275
3361 2321
3513 3837
8986 6084
9782 7583
818 9376
4303 1125
5209 1892
4333 7072
972 1248
1839 2751
