1000 2
6185 1360
9187 2995
9685 9013
4029 4565
6088 6259
3497 4369
1155 8612
3936 4035
5145 7663
9907 116
7472 2384
7327 3544
8657 6332
3512 4455
7109 4044
2733 3294
5404 1920
6289 5090
934 319
9656 7022
6579 3154
1391 7735
1766 5328
1770 6912
2991 1678
7028 463
4062 4356
4007 2720
688 7520
7176 7798
1564 9909
1092 6969
1830 7382
2059 2765
7702 1715
9787 4281
4869 1179
2017 6636
6508 3788
3549 9499
5466 578
9963 9529
4934 3970
2249 5623
1490 9425
3421 3055
9335 4514
24 1166
1896 2083
3931 9598
3799 3719
3880 8669
4898 5898
5305 1406
9686 8854
906 5153
9432 869
4682 4367
4840 6931
9990 6330
6357 3412
9386 5693
7926 9410
6859 9823
1494 790
9421 5294
4509 3302
3963 9408
9200 9269
814 8887
8124 1721
4040 7557
2590 8723
1924 7430
5655 1915
3761 2012
5328 3147
7705 3254
2558 4565
3077 4053
5355 2499
9347 9865
5802 3311
9273 5003
2580 88
3890 705
1809 7931
8262 4400
6654 187
1831 2310
2103 5592
4322 7431
8740 2028
686 1298
6594 3763
5351 1950
6263 4699
1815 2065
8010 1089
7068 591
1178 959
1296 2988
8890 9558
7388 5545
9746 9219
7855 1849
4812 2178
9280 3552
4207 9966
4851 801
3730 203
2752 9993
4902 4567
2058 2912
5657 9127
3503 6835
86 4800
9823 8977
4358 7211
4522 4105
6431 2378
5954 1243
4557 5235
4795 8765
5202 9647
9567 8933
9850 2319
8926 4752
6886 985
7665 2544
112 1169
9379 199
5969 9203
9176 328
6414 3699
4433 2846
6077 387
4089 635
5623 8885
9400 825
8532 8967
9758 8382
1286 8685
3135 8173
9671 800
718 9783
1969 97
9983 7939
9300 9159
8267 5715
2858 2700
8561 8936
3088 2651
9571 8711
1536 8972
9537 69
7939 9296
8451 9226
7981 1586
7400 7652
2387 8118
7436 4357
8216 7419
2296 7517
6578 563
3232 9437
3264 1794
8373 6352
4445 7944
5064 5982
6917 4601
6051 4856
3897 4503
4083 1878
6090 1484
9531 8477
9602 6967
2834 7819
4387 5130
5336 965
5694 8569
402 8958
364 8776
5311 4810
6721 375
792 3638
4976 6844
8495 8874
1347 2578
753 7437
4062 284
5915 3665
7252 8749
1485 1639
3880 6822
2605 9574
5391 3008
8533 5755
1784 3844
565 8506
4219 1358
2144 9196
8203 639
8071 9551
3218 8824
6989 7281
9109 2904
947 6362
1653 2432
8001 5533
9254 607
5108 4646
3615 3641
402 5400
7485 968
3906 1705
2326 6050
901 530
6690 8972
81 9909
7797 7070
7190 6907
9974 8137
3269 1628
570 1270
7162 9825
1878 2270
4472 5493
5911 4874
893 3397
5842 4800
5102 8169
851 6004
8699 7541
4977 8781
7450 2774
5851 4641
9681 5826
2779 2951
7454 3349
4222 4616
3175 6100
6886 7647
1593 2798
2521 2487
6195 8364
7287 1298
6534 8138
7302 5234
5680 2279
4015 3131
5054 9867
7772 4736
5693 551
7687 3147
3900 1909
7764 7076
8010 4651
4723 9603
7449 7245
2091 3645
5610 9379
4943 2144
7517 2245
7379 3198
4525 1395
6329 9580
1262 4101
4316 6956
4652 2004
104 8553
3914 7868
5629 1924
2519 353
1528 9968
7599 3619
3614 3209
2998 8557
5354 516
802 2733
3714 5328
4128 44
4908 5391
4145 9224
2347 8798
1229 2451
7351 5143
319 2981
7068 2839
3335 8596
2808 934
2216 6422
4143 5215
4979 9498
5732 5781
2231 9446
1110 6360
9491 6018
1751 3636
5243 4098
2434 6472
6549 9786
1616 6869
2767 8684
9708 6103
7281 2516
7037 9497
8938 1181
4713 3917
679 445
9699 2910
9892 809
9271 9383
6828 1022
3019 2071
5121 5454
8543 1671
5240 159
8540 8008
8844 8249
4111 6125
766 1149
5623 9704
2330 336
3622 3009
781 3322
5920 673
4132 5191
56 960
6214 3075
3031 1336
8529 1575
3007 3770
1735 1548
1778 579
9798 5890
6705 564
7039 2328
268 9369
2664 3891
2379 3445
7213 8299
4118 1346
3491 4174
2306 9706
7250 5338
1042 5780
6913 4049
9550 8649
5598 1329
9228 5396
7219 5933
5960 4258
8261 6229
3628 926
121 6007
4371 7335
4306 8490
8681 7798
2665 988
7504 9915
6326 8546
5695 3240
2596 5246
1889 8194
6575 1118
3591 3795
7052 9552
8053 5314
5782 1682
6240 5903
7689 612
3238 1996
9102 1919
9794 1767
2907 7298
1683 9234
5845 7379
2474 8441
2625 4364
6636 9201
5483 228
2996 2535
9780 1050
7850 5562
2732 4090
1465 422
4703 4704
2418 3805
6624 2213
5573 9531
9512 7256
8766 5357
4635 1241
3799 7261
5606 436
6462 1089
664 9458
3625 445
509 1475
6007 3241
5566 7473
3663 269
2177 6082
4074 8802
8295 9648
8334 7807
6904 7100
3164 1540
8341 6964
8802 3948
7400 5264
5037 8065
4723 8662
8510 5232
138 4518
8474 5704
1992 2138
5973 4170
8220 48
2972 6515
9696 1306
4323 6600
8406 7487
8141 6748
4452 6943
696 1853
2208 5734
9918 6932
4396 8429
2165 4535
2948 639
239 4940
2777 6212
9111 998
6260 2083
7513 5956
3390 1836
2557 1797
9324 699
8545 3777
7643 9242
5630 9851
4976 5549
6783 9373
3979 8949
3908 6928
9588 4148
1868 2366
360 980
3365 6621
3064 878
2577 6454
2715 5135
8251 2040
5834 6797
5818 3477
6040 1448
3329 1017
6998 113
391 977
9062 4299
7905 8651
8448 9774
1018 8808
755 4383
5429 3819
5262 8007
273 7978
3143 8525
18 8978
5322 5836
2456 1362
7285 5785
2379 4284
5899 2771
5262 4962
7070 3168
3613 5519
2942 4632
4327 3697
9015 9757
7517 4278
7765 7790
2256 908
6315 2275
9887 1638
8112 2343
3001 5398
8129 5381
9682 4028
8152 4944
8990 5223
8112 2604
742 1055
7236 5070
4753 6252
4828 2270
530 2593
61 2787
3502 6377
5062 3389
8015 3175
5733 1017
8573 3862
6398 8256
7890 4550
3200 6881
9774 1313
9485 516
2368 6721
5586 7122
2974 415
9392 3504
3008 9453
6291 6511
5831 1354
9901 3846
4530 5634
4863 3103
9496 1262
1360 7387
5813 4560
4268 5587
5873 3753
6103 8242
475 1690
5364 3449
2105 4757
6954 5114
4211 3246
1625 42
4601 1526
3889 9131
7161 8752
2235 6657
15 3595
4044 5828
8155 8312
1415 4029
2066 7519
2272 2542
9209 7637
5992 1315
2394 2946
6429 6605
6193 8055
6647 794
9582 536
9925 6743
9289 2160
3400 9304
5755 7445
5133 3911
5758 6548
7941 7824
4067 214
367 3277
7851 6359
4593 245
9305 1023
6851 5499
9078 3499
6293 8660
4035 6219
5404 3325
8379 8805
2630 4135
6250 7764
8047 2008
4312 5989
9833 8380
6203 200
1658 4055
6560 6251
4300 5865
7274 1152
1364 6353
4651 7658
5014 8687
3877 418
2013 2257
9223 4644
6392 5474
2408 4440
7483 6720
430 7317
5101 6633
7517 6760
689 4078
3011 4990
9943 286
6142 1308
6639 794
8967 1653
9481 2844
2072 1494
5101 1296
6138 1494
6770 8546
5935 4254
5267 6365
1571 369
2999 9089
7129 3688
3167 141
8678 3111
427 4821
4420 7067
5615 3387
8721 5096
6232 794
6591 1333
2090 2730
2828 8861
1277 8763
3115 6545
5129 4686
6914 8129
3775 4043
1817 6943
4185 496
54 4613
5317 4474
1680 933
7862 402
6030 4094
1196 2621
5427 3286
5352 8256
2147 6629
7020 5263
3174 2149
9950 88
279 3725
4132 2096
669 8318
2593 723
2931 7911
5198 4611
8844 3060
5013 4874
7154 6210
7496 2582
9496 2848
838 1644
9477 7858
6908 2652
8 6858
2741 287
584 6874
2384 1253
5192 4978
1976 8123
2889 7174
2735 1734
235 7749
6609 7389
3959 4106
9971 3456
6954 809
5101 6432
8668 2009
9084 8677
8867 1826
8965 9452
8700 1350
705 3892
6328 2682
2016 9218
9857 4751
953 92
2500 7562
7481 6459
1669 7453
9916 8623
8262 5017
5056 6931
7026 4141
5608 5894
5967 4574
5346 4667
5924 6052
8560 2252
8734 576
1471 8592
5328 2424
8684 7828
9987 6166
4288 1656
3619 4204
280 1882
9222 5336
8813 6248
9477 4422
2143 5445
8996 7490
112 4920
3542 8673
7173 2277
9249 8644
869 4578
1069 9554
2406 1057
5720 6695
2714 9340
900 2994
1222 122
8331 36
6371 7809
4459 8514
3254 3455
6004 3367
8376 9547
2041 5549
1824 1291
4194 2693
5869 5264
2248 8275
6322 7969
4971 9036
7309 5871
2031 8532
5993 363
8569 2365
8172 3028
880 1427
6484 6884
4795 4860
6432 6836
410 8256
8128 4605
950 3997
9870 3199
2273 6192
1168 7244
5229 8478
3116 7260
7010 9110
7623 5580
1475 5796
8609 2355
7224 5093
9240 2020
9954 5672
8857 365
3929 6985
4971 4880
982 4841
8079 3256
1034 9247
500 6263
7725 3616
3523 4736
2726 1147
316 4202
6944 8925
6557 4168
4019 5797
6189 3973
1470 5046
4338 5399
2031 9309
279 3014
4151 8358
6270 5185
7606 6771
1448 5331
388 4972
67 3114
6119 384
7316 3064
9310 3874
7232 3329
9671 3421
7302 1141
8468 1641
6541 500
951 6820
3514 5102
5179 9785
288 2785
6556 1736
8117 6944
6709 8185
59 2828
8569 7376
5892 7879
1250 3125
1208 922
6547 8511
2064 5015
153 8605
5515 1104
5426 9030
6207 606
8815 6495
3391 5372
8232 1509
2317 4941
9694 2376
7770 8263
9753 3663
6143 1003
6789 7351
1926 3337
5863 3990
8352 6016
2596 3868
7120 8022
2899 3328
8628 1715
9824 2020
7087 8056
3529 9405
2998 3223
1781 769
1487 1535
4432 7630
2538 1222
4982 4465
4559 845
8455 2912
6862 1052
6780 3983
9074 9680
7311 7703
1395 7135
9723 8483
5192 3253
7888 8190
6476 9670
8959 7963
1205 3392
5594 3744
4615 576
8209 9174
1422 6665
2086 8284
7717 8867
2267 6792
8547 9579
4495 9943
6714 4219
8426 1907
7472 6315
97 3948
5985 9057
1912 7190
2450 7506
935 7065
8083 9144
6240 9505
5810 8326
7789 3527
7194 57
319 5741
9636 4815
5685 6351
9034 4112
8258 6506
427 8356
455 6412
7414 2367
3603 9865
9874 4538
6931 7957
3683 3171
7463 9493
1498 5253
3020 8692
5310 3340
4434 4947
8155 119
1299 7189
4231 9558
3696 4659
7915 4151
1071 5329
6519 4675
5195 6394
9213 2126
4352 2896
5298 1815
2389 6796
7069 5410
5489 2379
8750 9923
7327 6906
43 8627
4096 4275
8185 7792
8934 6100
1944 5
1430 8464
4681 6625
4859 3894
8752 9211
6791 4051
1027 9181
848 8096
4591 6337
476 3342
6261 7804
249 6304
6431 4345
580 4616
2138 9514
717 4083
9520 2147
2547 4201
8773 7406
8096 7526
6618 4887
1578 7645
4069 2426
5741 8661
8764 6218
2003 5026
4022 2253
1331 453
6598 1911
5070 8737
1425 5787
2820 945
7935 5368
5147 6708
2775 3243
4235 9393
8131 5813
7038 2200
8240 2780
861 7005
8998 2865
2031 3020
5118 3362
3474 1717
5274 8544
454 6699
4331 3275
7645 2266
8643 2793
8975 1418
6036 3211
811 4168
9025 7850
6368 7265
631 7230
4270 9629
95 6302
2650 5214
9664 6124
6931 4938
4669 7386
1638 9001
661 9284
1268 9305
2077 244
723 8114
3455 1535
2283 2480
9386 8651
9745 17
5882 4016
9646 5977
318 2297
1191 9983
8422 8123
4922 3091
5509 6561
2093 6171
5845 3361
5476 7923
3605 6200
6038 7060
7735 8321
9541 7121
6973 9286
7138 2855
3303 6785
8833 3621
9083 24
3605 7505
8148 8527
597 3657
5088 2690
9828 934
6052 5305
8857 9657
1505 4896
6718 9240
3217 6259
6362 191
5546 3501
3046 8849
286 1879
2471 9370
1904 6076
6875 52
4603 7473
