1000 2
6327 3072
4180 2333
4591 5382
1420 6391
3269 9807
5475 7748
2295 4965
8630 2400
753 3698
7312 2824
6813 3780
1104 9367
6321 9791
7859 6380
8503 3450
2602 4830
6523 6782
7164 1114
2165 8585
7506 5435
8392 2981
3183 688
7947 1813
3088 8700
5512 401
1525 2325
4182 2630
1693 503
2421 9552
6884 925
3003 9487
5756 9526
6269 2920
641 8435
1506 8148
3870 9899
1130 7054
587 9078
8868 3675
7779 4380
4077 9304
6706 8259
1934 8399
8763 4356
7951 5647
5281 955
5134 1038
481 1404
3959 1123
9840 5465
9271 3710
5364 401
765 5951
9479 9633
9627 7258
4013 3705
6562 719
1964 8497
9118 728
2854 7070
6375 8135
8025 1510
9174 8506
2915 3133
9629 2755
8599 8901
6466 3963
9302 7231
9915 8782
6865 9542
6040 878
3247 2603
1598 5212
1101 716
5940 3955
7786 2316
2091 5812
3826 1265
4319 6742
4399 3948
9497 2998
2849 5964
6961 2152
3196 6876
934 61
6419 6975
939 9667
9579 2537
4879 680
3254 820
4636 1041
3136 6727
6853 6963
7993 1172
3705 2392
5121 3203
5390 7971
9167 2352
124 2363
9229 1058
2424 5649
8034 3364
5316 7613
5902 195
8294 9156
1016 2930
197 4152
9658 7051
1115 7651
8223 4820
44 3345
8024 5435
1316 7191
7787 1440
9555 7017
2499 1980
2666 534
5344 7982
8148 1246
8178 6442
403 9194
9373 601
3346 9032
7652 4462
6684 5876
9283 6728
9221 7307
2163 538
4498 9950
1979 4054
6967 4479
6034 9633
5014 1379
7616 3162
2625 5794
9605 3029
4988 8979
3630 8335
8011 1282
2797 4695
7159 2080
1423 6381
9387 3587
6919 3886
3538 8899
7940 506
3379 3975
140 8393
5354 7756
1555 7980
3550 1160
1009 8539
140 4639
6875 8151
5922 9673
2847 3081
1753 4271
9462 1141
7858 6382
5028 1396
5282 2969
1902 8661
6944 2042
7054 2299
9798 8610
279 3349
9771 1289
1889 9911
5928 8765
8062 1851
8438 910
4933 192
5181 4396
1333 3039
778 6362
4436 6060
9331 6338
4722 6276
8381 1776
8576 8180
387 8855
1529 158
144 3419
69 6073
2184 8132
7925 623
9042 2858
815 4223
7255 2149
7263 8033
8511 1699
4094 7843
8037 8816
4120 6419
593 2696
4599 980
1552 6129
1139 1697
9548 1208
7771 1733
9340 5696
2356 8383
8555 3171
2607 5810
5320 9870
3844 3832
1569 7939
1676 9607
6756 5796
6026 7349
8493 625
8330 45
6754 9469
1742 6303
678 9514
8037 19
5211 394
8402 3767
3566 1009
9577 8887
879 3422
2719 2449
1362 4395
2056 8118
192 8083
5468 8685
8708 3799
8730 5463
3268 473
1767 3947
9987 9805
3966 5199
199 2369
8966 3766
3378 8544
2653 4258
1966 5372
6708 3328
9768 8765
1447 9960
6848 6915
8646 5557
714 7376
1021 3983
7850 2789
7930 7838
2594 1897
3037 2794
4266 2003
6560 7645
547 9213
1904 2514
4586 8612
5843 4355
7377 7290
4316 4225
4206 2962
9783 4921
338 804
8904 8189
3593 6835
6027 6188
8732 9064
8982 2999
1067 5542
644 1615
4755 2548
4130 9342
1161 9973
3697 8538
7264 8013
2764 1470
975 2547
6392 1314
3352 5296
9503 6945
2132 5530
3134 865
4595 2116
3864 5663
7658 4509
7278 2414
7057 1408
1756 8218
1382 5454
6757 8646
3468 9521
117 4443
2069 6510
5758 5422
1806 5262
2368 3939
793 5502
4804 5388
7618 8669
1051 5277
3178 8330
7691 236
9739 9448
8455 1121
4903 5212
9768 8371
4734 9886
2815 6804
6396 8573
2226 8203
3835 4595
2143 4628
97 6947
17 7715
5617 1068
2992 8796
9399 684
9033 9138
132 7488
259 5035
2701 28
3406 7436
9914 6222
4241 6311
4795 6468
4515 8631
1063 6658
3260 1160
3606 3277
8875 9223
4346 1868
8020 3745
2552 7053
2883 2685
4541 3143
7720 7243
3171 1127
4679 3086
7350 8920
9398 2145
5388 3913
777 6451
571 4037
7612 4177
7315 6487
3401 1661
8356 1421
5407 908
8474 8291
3593 3015
1434 1314
259 4606
2442 4938
7693 9792
3859 7092
1938 9248
1005 2715
5700 1577
6753 3312
5754 4069
9800 9155
5731 8156
576 1138
9065 9051
9429 2658
2067 864
3973 2326
5470 6416
7265 3164
6209 1124
256 8147
373 1262
863 6073
2839 7617
9386 8593
1686 9186
7749 7417
7343 8326
8556 6408
7377 7986
9067 9444
8850 3040
1771 4321
9457 9036
7485 5666
161 7742
3814 534
9004 4677
6608 1843
2295 5994
437 3982
5181 8186
1400 2524
6513 9956
8933 3890
7942 8000
3335 6792
1041 5106
1114 498
4142 8599
6165 4303
6342 9979
4838 5346
4657 1446
7190 6952
7441 7627
935 2622
5813 2335
5147 2326
2291 4080
6217 234
2080 9553
7026 3122
4659 8141
3620 8802
6741 9785
3105 3083
9765 7943
8429 4422
9390 5620
1375 6831
3247 2310
9453 9061
4645 4600
1388 6936
8681 7605
7170 762
7158 4197
3884 1818
2338 7504
620 9079
7290 3726
2162 7055
1670 592
1478 1060
6212 2853
7891 9460
5163 7345
8521 9808
1945 9909
6745 627
7515 3915
1389 4674
8113 5273
6492 451
2778 7113
9531 69
839 1694
7125 2509
2287 8603
3570 8500
1456 1461
7960 6619
8806 6481
6428 752
6391 3173
1379 3906
7088 2769
8580 5202
8042 5073
5654 821
2187 5185
891 3026
6880 8016
5536 9167
6619 9106
7668 8076
568 5628
4695 9374
2110 1123
127 8502
4296 1506
2408 1385
4276 989
6588 2319
6063 2242
3140 8250
7428 4031
1277 4308
2048 6814
3476 8667
5920 1145
6743 6489
6773 1439
5863 8884
2563 5991
7387 6860
7498 9796
8246 1774
785 4834
4093 6849
7076 7233
5100 4504
1265 6377
8813 3313
3191 2289
1981 9112
3435 8725
5601 209
164 1465
9093 2727
7457 6480
9588 4955
6276 7834
6729 7062
2668 822
3912 9744
8056 9012
4249 9322
5390 3062
2635 8582
5352 4617
7695 8787
3342 3296
8996 3506
4762 8090
6234 2219
4571 5822
7174 848
3657 3904
7911 6325
4726 1823
6070 2783
836 319
2105 6226
3382 4741
4809 8734
9358 2504
7522 2700
5800 6519
6207 563
4609 2442
2783 9181
8265 9958
29 1922
3862 7941
8247 8589
9764 4318
1372 601
4637 3478
6827 8019
8219 1636
6754 7577
4141 4277
278 9941
796 6485
505 5406
8927 3289
4587 7192
3247 4617
9115 7110
2558 7362
5699 2323
1680 7072
2924 6318
550 9752
4338 8769
1389 1093
6347 5530
5370 6625
5472 6166
3111 5977
1573 2038
9267 6160
9231 2514
778 8346
9624 3336
5709 5324
5659 7390
2396 8583
3709 2947
8336 8047
1717 9725
9140 8064
5255 4510
4690 727
677 7801
6705 2250
9840 5973
8411 9072
8487 9189
7419 8112
2525 3128
3437 8185
519 5833
6769 4228
8781 5105
2275 498
4830 1416
8563 86
5926 3254
814 6604
1055 7520
8854 896
3493 7265
9968 1981
6455 7387
94 8980
516 3531
7166 1035
9365 3935
5263 8146
9040 7539
8645 3871
8955 7208
3958 4882
462 4773
1486 1518
2293 341
2415 5787
7607 2383
7768 4062
9771 7862
3043 288
1393 209
1324 759
4145 6588
8905 3186
4127 7550
7058 3083
4759 1016
7965 5222
5789 9452
6740 8082
9793 9155
3870 7401
1539 1638
1463 1311
9501 4507
1600 895
4716 2924
1654 8861
9512 560
2048 3640
8111 9106
6723 2870
122 4689
8092 5912
4142 4833
3995 3936
3989 7865
1337 5528
9503 2801
6840 9004
7308 8440
9900 2024
1365 1554
886 877
2114 2934
4518 225
2040 1241
3096 2163
5931 1189
8075 74
6022 2070
4010 12
9935 5347
5541 9439
8148 2381
8444 5456
822 8344
7481 2187
9898 8368
3065 2013
1302 7583
2239 3343
8825 5336
5506 4757
6525 3582
4831 2548
5652 8841
2560 5587
4189 8101
5026 2337
483 3470
7794 1306
1815 5276
3493 1714
3644 6559
3727 4947
4143 5967
8290 2968
1303 3797
7726 7829
7379 2557
377 3032
1399 2938
8619 5588
1040 3646
7926 1523
7117 5721
2829 8932
997 6323
646 4641
2883 4374
9589 7026
341 7880
9995 1645
1678 7721
9474 9057
279 9852
2089 1678
2791 709
7267 3831
4355 5193
5355 1473
914 8184
405 1912
4508 1051
6554 7391
5426 6143
4417 5767
4023 4412
7413 5701
2134 6888
4759 2413
6740 6849
4091 9532
7558 1358
3363 1914
6552 8718
3387 7466
6903 3793
9378 1411
4845 5933
8803 271
2076 3220
6039 6100
7633 3452
1802 9767
341 6561
2180 7081
3411 6272
6614 970
7630 9977
2884 4182
8695 6272
1649 5598
65 1028
7010 4911
6961 5813
5182 9038
9034 1221
5138 6667
4674 6941
6435 5015
3503 8616
2097 6914
4888 8711
7884 2519
8688 769
6702 7384
7041 8351
2983 7107
9380 9993
2018 6341
5807 7201
5380 4841
8422 519
1509 3097
7460 7945
8113 963
6561 210
7877 1449
8922 5762
3969 7611
6531 671
4995 3573
9022 7979
681 8403
7972 2699
4745 3780
9901 125
8622 8324
644 131
1421 8104
8077 9534
9067 4638
9745 6945
6088 8667
2707 57
6278 9238
728 1274
2812 9751
9253 3493
8154 7226
6193 2899
1006 6094
3025 9628
4418 3669
9760 5840
1774 7837
5375 841
2476 5120
7787 8564
3787 494
8621 66
9733 9350
1340 2545
9101 593
6039 7255
7819 2232
155 8826
8327 3180
8455 2746
6850 8216
8586 8624
6053 3961
9466 8529
9082 7253
7094 2870
7748 5715
2936 7482
5065 4277
28 4167
4871 6067
1423 2691
8300 1578
1517 6627
4759 9973
9373 1609
8189 7960
233 4242
1922 9699
2772 1004
6953 9867
3875 4701
5582 6811
2184 648
1089 2212
4815 5960
8279 6239
8651 6580
7818 169
3207 2577
142 2581
4187 8331
542 4421
2574 2464
4121 5347
3469 1074
5214 7344
5776 797
4156 7960
1445 5245
172 6261
1205 8452
2500 9857
5032 318
26 8240
2896 169
821 7083
8500 1364
1504 1075
3828 5625
6422 7297
6700 1637
4641 2476
2434 8797
437 3880
4043 610
142 5248
9062 2643
5106 4095
2961 5132
2335 5858
5301 3157
2942 3802
4521 4446
4877 8349
72 1300
5647 6772
2937 289
9249 5372
9087 9686
9252 3130
296 9394
8379 9359
2037 3485
3454 4999
8618 5790
858 3920
8947 3800
7722 3469
8247 2600
1819 8319
3901 7466
5092 6838
7756 4341
2210 6843
4028 1463
9974 4325
857 8353
3684 2895
1839 7139
7895 457
2930 8753
4378 1877
2553 2101
5347 800
4701 7166
9120 8602
4633 4212
5441 2389
8554 7652
9232 2582
9115 9206
6907 9973
7560 592
2869 9399
7732 764
9857 662
9518 4235
2540 2071
6336 7887
2872 1038
5053 1992
9641 9687
6205 5083
2076 4759
2735 1309
7342 1851
515 4250
1824 8076
4843 4693
7475 2575
5458 7333
3238 4976
1569 5778
7048 7906
3666 9921
8944 8720
1914 8586
8407 8119
3669 483
2879 6405
1792 221
8256 2308
4472 80
385 9315
4774 7860
1891 233
5194 5129
5209 6763
908 2258
4669 4574
2179 3614
3295 4093
2201 1702
2213 5870
2186 5092
2276 3979
5314 532
6288 9786
613 6673
9101 5387
4534 993
5621 9728
6122 830
6492 7031
3089 1161
1606 5268
4776 4901
9361 6977
6604 1574
2848 8790
6667 5124
2770 1981
5657 9058
1768 6270
5731 869
1658 265
1863 7279
9993 7985
8110 6485
5017 1199
7647 6623
6467 2424
1524 5829
9401 8129
7404 2250
6920 4071
7375 9690
6053 3032
8748 7821
9302 4480
8691 960
4745 554
8240 4739
8540 6350
1225 3557
7550 8872
180 4017
1297 1705
9847 698
9834 7252
2949 6754
1323 324
6445 7377
3356 5194
5198 2659
9674 3890
3619 4419
4444 1860
