1000 2
6297 6651
1256 3144
6146 8145
2048 9881
3020 8231
2619 1637
642 5759
6178 5039
1137 7532
1922 8419
4656 1797
2613 7900
2530 6214
1202 3217
4260 2391
5002 557
9042 6258
3701 5188
4404 5750
5070 7425
3982 7689
9062 4625
3449 5240
9664 4586
2773 1587
3006 7429
3385 5619
5329 5915
1834 6532
9133 6094
8924 4136
6652 7967
395 354
3155 4799
6105 8225
2224 88
5915 1287
4713 9365
6527 4377
3952 9301
5965 6958
6730 9350
2578 2059
5265 4412
8592 4399
507 7516
8535 7160
5483 8930
7514 8639
3729 3620
6865 5954
3708 2781
7241 8422
2146 3769
2799 6099
3070 8765
3057 9800
8115 5635
1860 3381
48 452
7780 555
7969 6316
7716 3452
5246 5231
2092 8976
8851 8958
4930 2560
1739 2172
982 3886
5941 3782
9985 9011
2547 3043
8811 662
8678 672
4044 8726
1124 1824
9282 9093
8141 6999
2546 3388
2230 4639
2364 1081
3597 7295
3641 5337
9468 4623
9224 5409
8405 9209
4421 953
2252 3233
1615 931
3905 5660
9658 5029
7485 8940
4123 5626
5939 6670
9014 8170
1309 1379
9251 4907
8675 2893
244 8143
7517 9468
3553 5923
8678 7974
6876 930
1207 8492
1862 5113
4152 1520
142 1637
461 4266
7264 6401
936 6278
4571 2246
7658 3823
7153 6333
6717 7398
4477 4234
6866 8030
157 5544
6005 7033
6475 7213
5526 8338
2326 9678
9858 2469
1316 319
6735 8580
6721 7672
4859 1292
9918 2518
5116 7072
8852 1833
4470 3329
6067 1337
1360 6225
6882 7365
3259 3358
4578 8785
1696 6904
8464 1554
9374 9780
1874 6109
8361 8596
3782 3221
9888 3701
5739 5005
773 4591
6838 5244
7921 2905
6581 9281
9131 3463
6646 2390
6821 1225
1175 8517
8130 9639
72 7504
9420 1947
3614 7781
543 7396
1003 432
1098 6742
5437 1871
1334 2275
7115 9255
5181 3697
8536 4312
7160 5183
6703 3982
6409 7878
2500 4539
7518 2573
2044 6938
4520 5658
4720 5064
3055 5723
5497 4153
2466 934
6024 3800
3210 3140
3055 8392
6837 1592
2705 3998
6776 9408
7981 3185
7287 481
7725 4805
3054 9769
1744 7575
5427 6464
2639 8482
2188 8137
2636 4654
9071 8661
8454 2282
1801 1510
674 8639
3103 3380
2638 9879
2788 619
3064 75
1100 789
4881 4155
558 6625
1731 5986
3089 4371
4469 5278
2508 7105
9932 1579
5766 8387
3862 7568
9897 4536
6208 3000
7916 8846
2880 705
9466 5944
781 567
6734 5662
4722 7293
2287 6453
3280 5377
824 7749
655 3332
4855 587
4912 622
8975 8774
8190 8872
3311 4398
1873 1228
3245 4753
1934 2711
698 2715
3278 7432
8377 8001
4725 665
4455 8005
6042 5280
5755 6698
8613 611
7285 3525
1233 6260
2300 9424
5133 5612
3823 7007
6841 7068
1761 8775
9780 2459
1490 3059
9891 9868
1061 4617
533 5516
2623 6576
796 8379
3274 9409
8990 559
2935 223
6820 5236
9647 1954
848 3471
8962 7689
539 723
6465 320
3182 7955
3379 3074
7824 4440
7692 8357
9957 315
4933 753
8695 8207
163 7685
8767 3099
7909 5588
8335 7557
7543 9183
1028 6505
6873 1568
7228 3338
1888 410
1294 5268
3484 9118
9708 1176
7476 9666
1492 2409
420 187
617 583
7873 9384
3683 5783
4973 2018
3340 2516
1202 4368
9022 8075
5936 6250
1414 7825
6661 2709
3093 145
1827 2802
1322 9303
2468 2815
1713 2889
3003 2330
3473 877
1715 7156
6660 6689
9174 0
9206 377
4369 8228
8453 306
4478 9867
8131 1139
2576 1225
1285 4404
4028 2608
3708 6496
5424 5421
9386 8427
7752 2859
9304 9468
15 5965
6157 9190
5965 5363
9567 335
3592 8020
641 8070
7888 8773
9210 464
9999 496
4869 4027
3104 8577
524 8528
3999 9910
6956 1752
2769 6260
1220 2785
2225 7378
1975 8191
2742 1543
8526 6334
9563 9168
4404 7451
7942 3615
7916 7941
4111 2786
1968 7215
1364 2492
5744 5363
2403 2700
7115 5173
8961 8336
7958 1187
5714 9934
9378 8456
1477 7905
4790 1041
7074 9195
8493 5016
2810 6410
2958 6922
9196 4926
4138 560
7419 9882
5924 9822
2583 3039
4995 1544
1375 2954
2732 7090
2888 2110
5546 4365
16 336
5407 7091
9532 3900
2107 2343
310 5065
9265 9506
9992 3403
67 7412
3286 5991
7234 5869
9031 2230
7414 407
5185 146
7497 8073
2257 3043
2439 2274
3380 7846
9365 2912
1746 1473
5255 2056
6538 4520
1563 6531
7924 1631
3943 1211
7622 1178
7080 6654
3409 4495
7061 8594
4641 4558
6667 6899
7601 9106
9173 981
6953 8539
3894 8699
12 9149
756 6551
3670 2320
3082 1595
3951 7026
2806 1574
8204 9887
8228 1614
4383 5289
208 9025
9847 6876
5924 7449
5983 5098
8431 2936
3637 2325
1635 3650
1475 2392
201 5146
4712 3284
6742 8664
310 9549
238 8515
9437 8466
129 3820
3756 338
2845 3604
7214 8770
1053 3197
3868 9485
6133 7506
1811 7769
1156 3286
162 1358
8433 4874
4642 5176
3539 4952
4725 3777
3468 4162
2244 3598
7983 6000
3936 828
9604 1150
9599 658
4348 3467
143 482
974 1954
8252 2131
5241 8414
3489 3675
3289 8131
8851 6828
3084 3576
606 6552
7739 2850
150 5722
8850 4086
6551 8455
5237 6150
9113 9586
9618 9257
68 592
1211 8320
2724 6453
6735 6213
128 24
4344 8979
6853 7428
2556 7459
3981 296
309 4132
6018 9160
8219 2569
7616 3456
8720 6729
3043 8338
5987 3111
8931 7198
1432 1655
3651 8167
7868 3779
8192 2213
2759 5045
9642 5315
2504 3623
5612 2813
7756 1630
1974 5975
4200 9590
9432 2921
6320 2475
1259 2307
5586 191
9506 7019
1846 3157
5186 9715
6937 3378
1928 9697
8424 1571
5013 928
5195 625
3742 2951
2256 5716
8926 6457
5307 8358
9378 1627
834 637
3935 6420
828 3441
3439 2675
6599 8626
2390 3537
2005 4319
3234 429
5890 8247
1358 1085
8873 5100
4036 1129
817 2963
7586 6124
1322 6965
7752 2156
7602 1687
8576 8431
5128 2016
1107 1728
643 3498
5265 2648
7817 8499
3078 3708
6747 4436
4793 5621
9536 8830
6751 353
1793 4337
6478 3115
1302 4231
5271 8905
5918 3848
7337 1047
5865 8445
2775 6508
1943 8040
9157 9761
6540 2235
3469 3288
6671 8262
8909 6207
7092 5660
6561 8886
9998 3040
2001 1301
7271 7273
207 3189
1121 7545
4237 6987
5990 7012
3495 7934
5052 2652
7695 1593
4888 1165
4881 1559
9427 3790
7767 6520
9451 4329
5407 9449
7369 7408
751 4641
4682 958
7831 5804
8504 2068
2791 4494
9080 6287
2429 4133
8939 125
5726 3828
1290 608
5387 718
4399 3154
7238 3850
7484 2645
3300 4853
54 4051
9494 4737
5010 7325
541 3514
9394 3332
8009 8474
9619 438
2608 8559
564 8335
2387 1854
8943 7775
2572 3342
930 9811
7193 8414
2457 493
3268 2511
4545 2762
7249 9555
88 7790
3070 9483
1122 1079
7957 742
1518 566
9302 2082
8901 1690
3936 7845
9465 6509
1187 395
6320 8380
8810 8777
8874 2078
1289 3419
4841 8538
2974 4930
6328 6045
4413 7451
7124 2370
8194 8643
2937 7496
725 1838
9186 4662
9683 8651
1171 871
9047 7491
9252 7857
6269 8126
9936 7558
1545 4777
6096 4520
9707 2425
565 4120
9876 7690
6491 8070
6333 9428
5567 7059
1267 4753
1721 951
3405 2893
1822 2452
385 1075
310 6654
9201 246
4212 747
5023 309
5267 4731
2734 5833
8851 2611
3523 5342
682 9857
4771 6249
6916 6038
1003 8638
6990 4408
1532 8813
6860 1917
9888 7171
8571 9089
7417 2784
9836 2441
3094 5104
7172 5828
937 6024
8440 4461
1367 9122
4319 6138
5372 1235
2177 6375
9874 9168
783 1406
7981 7644
3324 7869
4815 1896
6959 2233
4680 6796
4675 7775
1900 1848
3603 2838
7872 2044
7300 9239
1166 1619
5378 6538
2854 7555
2914 2729
6723 3697
4136 4704
1341 7460
2574 6157
9357 9533
8391 4037
6329 3066
1813 8230
4914 5416
1068 2786
7460 8368
2026 8627
9987 7404
5166 2842
4960 8080
5572 1683
1777 9708
6388 3119
7169 8963
9277 6526
8497 7668
564 4826
734 2377
3057 5649
7794 4126
8436 5255
2494 462
3882 2482
7866 9049
5325 2826
7129 898
4510 8907
606 899
2027 7776
9862 1304
4302 8359
8972 4866
3186 9707
7244 6243
5356 5038
369 3792
293 2864
4254 4176
5347 2121
3225 673
4947 355
1571 9458
9262 2178
357 1290
9954 220
2594 4256
8579 1566
9123 1766
1274 6367
8010 6630
1406 8380
423 1700
1244 4678
5876 6592
6799 9102
7266 1747
9458 8837
1206 8720
1015 1563
11 969
1784 2605
5226 364
4172 4350
2130 5446
718 140
2077 2124
8521 2501
3825 9766
7179 9702
6358 3979
8804 3624
5727 8262
2462 6933
6983 3477
8497 6994
4447 281
9600 9674
645 3772
4024 2776
9219 4743
2916 1297
6868 1438
3798 693
1204 978
395 7562
4957 9200
1187 684
7463 3649
7618 4446
7127 6115
1441 1574
6396 1041
1249 7042
4814 5274
9818 4034
17 2735
5331 6886
4173 9129
7579 5377
108 7975
2939 5066
7175 4127
5751 4639
7776 3369
9086 4903
9484 527
6478 5881
1569 7728
2923 6384
3002 2741
418 3020
5476 5749
9906 9649
4879 7486
5026 4987
5461 7966
53 2637
2093 5804
7277 9870
9174 6363
4773 8658
6890 1252
4540 8460
8980 7463
4844 1982
205 5262
5003 5681
1012 4909
5331 5891
2395 358
879 7857
8324 933
495 418
6737 7772
288 5911
4135 5062
4570 1026
6314 9110
9486 5295
6574 4331
7277 6779
9593 2281
2461 605
7190 7792
6497 9586
8150 7376
7444 6475
8309 7940
6893 5047
5713 7181
959 9849
2244 5529
875 8558
4640 362
3853 1214
4693 1131
7994 4287
3413 455
4893 603
8247 1390
190 6398
8766 7635
2873 7076
5575 9767
2123 1289
6949 3082
1138 9193
8612 2014
7752 3253
2376 1606
4468 7070
2737 2462
1357 6151
2917 6250
6754 1165
7641 6945
7563 6408
4581 437
3484 156
204 5608
1445 7153
8691 2584
6346 7304
4598 4098
557 6974
5704 5025
4045 8442
7487 5402
4593 405
1653 1348
1570 9295
8294 9134
5703 2875
9571 9188
3032 9775
4796 4478
6928 3488
7062 3274
792 1660
7373 1350
8635 3077
6375 2680
1520 3863
8083 6113
4269 9737
7462 5839
9032 5756
4973 4735
8631 4544
3924 1663
4319 8720
6141 1248
2209 3204
4522 3001
4864 1895
4351 3500
4973 727
6181 6493
4591 4264
2607 8860
4002 69
4700 3034
5826 9673
7770 4458
4218 1694
6122 8538
415 2264
9786 2624
5468 4309
5626 333
6205 9978
3833 1178
705 14
7672 5297
4279 280
4157 8281
350 8857
1316 6176
8531 9087
634 2750
782 6757
1288 1197
9021 1074
3822 4489
5384 9448
4822 1589
9427 8656
2768 132
8671 440
5429 2951
720 9587
1233 1070
8445 2549
7247 6976
1637 7882
9726 2419
4639 1015
3617 3660
2090 7439
8149 7474
6888 2972
9063 6315
1629 1831
6448 300
2272 1878
3251 2993
1465 4485
4063 9911
7034 1311
6888 8672
9193 6615
1091 3832
7630 4708
7492 9720
2148 5642
7195 9036
8615 6259
5351 244
8090 1800
544 363
3678 3796
3356 5144
8281 7420
5056 5316
8731 1944
3988 7924
8559 5080
1756 6189
9788 9249
5910 1936
4891 3106
972 3507
9365 6324
3751 7455
8125 4296
7819 1803
8093 1175
6948 6374
8595 2004
1691 7326
3948 5680
5251 2508
760 7007
8698 548
6257 4609
2485 1148
7715 3458
4655 7080
9783 8407
4536 7908
2703 2355
9712 796
3530 6661
7171 2126
