1000 2
3845 9278
4987 3033
4939 7524
1652 2475
5839 5580
7837 3935
6383 4606
6787 9744
616 1730
9153 7434
3143 2927
8607 2834
6143 3642
8784 9929
7226 6248
8530 1072
5526 3517
4105 466
1041 5758
2941 6881
1338 779
816 7721
5385 7604
7466 6002
9334 6620
3436 2478
9547 2044
5312 5691
5686 4097
5621 2913
345 4151
3985 5872
7668 8091
6339 8710
3849 9281
5592 5188
60 6408
2910 5445
4012 377
1448 3347
6997 4884
5825 6544
6929 1138
2235 2616
5235 7857
5529 5581
2008 9515
1453 9677
7607 7793
8387 1457
7074 3979
6645 7134
388 9555
2580 4401
9933 4028
7749 6930
8912 3574
3475 5842
4713 5711
8458 9949
3568 3987
5530 5576
3503 6984
5253 1110
4777 3641
2568 1851
7621 9213
8985 8009
8769 1565
2411 8703
5593 160
5633 4506
3735 9109
348 8448
4820 8806
8397 8389
2794 3928
3965 6297
912 9219
7408 5689
2861 9976
7541 482
9190 6526
8492 7960
8092 903
6663 3686
1064 2297
8192 4799
1406 8541
3248 6227
7347 1646
4616 142
5574 8581
6440 6486
7801 3848
2176 662
3825 9717
1145 3016
6244 9637
976 4336
541 7640
8023 1605
9938 6215
6405 1344
4757 9654
7571 2105
1300 2187
2247 6875
769 8687
3362 8571
2536 5538
9234 6361
5256 379
9378 1500
17 354
5837 558
7995 3860
2164 7933
76 8569
9278 4834
8223 6850
6939 9524
9038 9187
6399 9807
7874 9761
8379 411
5300 7613
6772 557
7993 6151
2058 8010
6505 7896
8568 4501
1757 732
2435 1834
9302 1713
6668 7526
8563 3607
7050 7602
2795 3450
7409 669
3212 5789
1081 8513
3402 7854
9070 1396
4005 1128
9406 511
9024 7974
5012 781
8707 7448
2615 8009
9161 9284
5535 7725
2892 2586
5327 5687
6037 2737
6357 9249
8527 7438
7762 1930
5292 6833
3326 9297
7961 2732
9808 6986
706 4821
7768 9414
2269 384
7423 1431
9668 2959
9156 2560
5546 4484
8248 1583
7222 4605
832 5750
2043 8595
7680 7335
5428 1006
6633 3390
3738 6441
376 4445
1262 8145
3860 3531
8529 1283
4962 8198
4243 4119
759 9789
8604 9007
1372 5827
3612 2205
1577 5656
800 9257
2992 6228
264 9625
9619 4003
6066 9995
8449 7329
8140 2309
861 6670
3592 5824
4868 7836
9944 5627
7625 8549
4635 8998
4376 8247
1203 5954
3904 2004
5212 6896
8233 5476
6521 7852
9480 2588
7847 7929
9917 5988
238 779
2658 3831
6603 7527
1667 6547
3155 9293
5096 7790
8291 9473
6038 9495
5427 9942
1499 640
6838 9733
6117 3360
7585 5597
5948 5433
3526 5866
1421 3765
6645 4080
7596 3248
1608 9264
9796 4763
8557 4893
2553 6849
4366 8592
6345 9794
8535 7845
434 5373
7578 6551
8734 5163
2149 4682
597 5675
548 2018
9441 7193
6099 7037
442 7707
6302 239
2470 4860
5132 5024
1710 9498
3617 8055
9293 2152
5900 9728
7526 3479
6280 6260
8643 8429
942 9240
4105 1491
1258 3546
8685 7358
584 9128
5065 6886
9367 7536
1747 4499
2561 3457
3998 6178
1512 3292
8330 7413
3020 5856
892 9301
2116 9535
7730 3059
8775 1836
4551 34
5383 3236
7392 5968
2364 2458
2855 1732
9995 4602
6231 2556
8059 229
8735 9571
3521 7065
6985 6542
2922 7877
5843 5039
7413 3574
8099 6188
5410 2650
6223 794
5887 3616
6762 8252
6075 9617
9984 6070
4219 6215
8627 2279
6445 7363
1851 9967
4428 8836
6510 7351
6714 2353
2390 4127
5927 490
316 1338
3140 6539
2133 9027
156 8895
7279 6231
8513 7263
2301 2733
3479 929
5012 9925
8292 6864
9892 2721
5700 6402
73 2414
8756 2464
6542 4684
2954 6858
6023 6094
3398 8156
5121 3554
7052 2401
9786 5565
9665 2088
8299 3145
3017 3312
3070 1310
176 2963
4031 5876
9366 4104
8291 8122
6569 4833
2806 9523
1692 8829
5617 5090
6986 739
8645 4038
3141 8431
9604 2806
519 7903
5952 3536
1216 9022
4847 1392
1985 8879
7269 1351
2983 5561
9474 9553
394 2281
9076 2086
1110 4693
7177 8097
5433 5822
2135 8574
4254 1739
1381 4773
9642 7333
8310 858
6356 3157
2251 8341
2036 9521
9693 5020
5082 9168
4573 5476
1449 3649
7563 2560
8343 4741
657 3777
564 2792
2352 4818
4532 3733
9592 4174
1067 7902
5033 7423
1060 7285
5765 3096
6806 5459
8117 1888
4627 2691
7365 6077
6341 4929
8637 4685
9671 9295
8462 235
2088 814
5054 6620
4548 4646
795 5615
2548 5828
3038 3608
3114 8804
6705 9920
4263 4823
1809 8890
7514 9174
4967 3855
4104 3605
8540 3775
2900 7003
4010 4988
7817 9064
1608 2365
3710 2403
7981 6259
8232 1019
9868 1346
9823 6574
1267 4087
1397 3076
2977 8912
2251 7945
2768 6355
1550 1309
130 4451
8312 4141
9440 6130
3206 1049
8495 6917
3452 6476
3176 1685
7496 3045
3032 7320
9619 4300
1407 1017
7377 4385
9929 9628
2331 2697
5984 3882
4006 6115
8333 2319
256 7773
8449 3463
8822 6945
380 2275
3422 3557
3961 919
6602 6994
8239 6221
1294 9647
7238 8671
4033 7168
8300 6364
9865 4284
246 3872
399 8580
6191 656
6354 4641
4119 5177
1586 4500
7452 5008
8057 1414
5927 4659
8409 4167
881 9703
3815 8119
8375 7849
5287 6675
4213 5153
960 4460
9026 1360
3040 5218
2016 9394
9859 6136
4571 1446
636 2024
6454 8693
3439 2382
3353 1848
6550 4234
1551 365
2354 9927
8215 7642
6603 2428
2795 7563
6889 1822
8923 9929
7040 940
9324 6899
7076 3895
8345 7713
5920 4800
6407 9359
7183 9760
1207 3733
3995 2759
4099 6349
2687 2314
3991 9290
4743 6787
6854 1632
8609 5778
1562 5649
6719 886
2549 3796
4782 895
1509 703
5696 7917
62 2879
7677 1270
6613 1672
4030 713
8022 6718
3027 2014
6008 7771
8801 2863
9403 7411
8642 965
3061 5361
1852 5611
9158 6634
6506 667
7337 2202
8584 7400
5082 6262
8671 1695
7935 2701
2408 5957
9420 5436
7971 5429
3207 6773
8292 2611
4184 6935
3577 7246
2297 5429
2857 1455
2064 9363
2123 9402
1566 708
6802 6648
6970 5474
8344 4906
8176 752
863 7596
6189 8835
3025 9397
5609 1317
2008 9794
8253 5586
7040 550
1015 9897
2005 3080
9261 4128
2482 828
4836 9285
7476 1807
4759 5821
6713 2935
6574 7577
531 2763
6413 3556
2160 2022
4874 4169
1817 3127
9755 8857
3678 771
8755 5683
3851 8017
9812 6334
8845 4648
5619 6321
6456 379
2142 3170
3314 8717
747 3846
1480 7161
7403 3640
9184 2278
7810 1001
5406 7565
9859 9084
8336 8614
4767 2188
6631 4579
8522 5477
9228 4142
1799 5685
4521 3942
8855 7836
2659 9602
1682 4139
6764 9086
7780 5948
1364 5590
6950 6770
3156 6809
5854 1493
5424 622
3681 2056
5202 2203
7533 4430
6345 9332
115 866
3274 8971
8703 5933
8574 386
73 5338
9472 7853
1287 836
3444 8237
7607 6600
5046 3462
8093 470
4084 1774
2527 9286
3978 60
3717 324
9392 3833
1191 2667
2804 9894
8601 1379
280 8674
6717 9752
6527 8004
589 9972
6241 8197
6572 1288
1660 4666
1758 5744
6441 4285
5031 420
4346 8749
744 3739
2583 1935
6406 5388
1830 5008
6767 2110
3682 3484
1863 210
1489 2453
182 7730
651 6755
9018 2311
1421 777
8056 7863
5063 3088
8283 9410
1837 9027
3149 4420
963 9556
9809 2793
4564 6576
4904 8247
60 6768
8457 1550
9222 8639
9280 9874
5394 8299
2185 6816
9077 242
4679 4141
3330 2962
3551 5168
1990 6701
9588 2953
6258 9397
5747 822
5974 652
9069 6035
7421 7527
7585 6644
6166 6866
6519 1561
5166 8705
8377 4243
8947 3057
8385 2277
6019 1937
7445 8010
8638 7034
964 4896
6432 6712
5719 2407
7364 4789
8442 4786
2316 6027
1431 8482
2894 7950
43 8060
6655 8421
2304 5603
1478 689
7881 7498
2626 5327
5508 1265
2362 6472
6161 8795
3184 1881
1202 549
6670 9644
5336 8986
5672 6768
7469 8566
4718 7513
6627 1374
5934 8931
6978 7413
9621 4859
4911 2248
186 420
3513 2548
6892 9675
1344 77
1556 2546
627 8227
2191 5963
7213 7863
2731 4683
6430 7450
2196 3057
8825 8131
1988 5803
5544 1610
662 456
3858 849
876 7372
3398 7769
7047 4742
7846 8604
7289 8474
6831 9480
4437 4045
7343 7169
8728 3774
4620 925
6831 3445
9056 8820
9249 4600
430 9911
5056 4288
761 5933
1660 4159
3702 8708
8902 1549
7313 6191
23 4144
5671 4461
8190 3015
1631 6919
6789 6251
7844 3620
9697 6901
2441 8946
1501 2871
8858 6558
7160 9619
2491 8821
3779 6194
7530 2682
7744 4843
8873 7767
8988 4545
2229 7179
7560 3860
4098 4350
112 1943
7971 9810
8844 412
8756 346
3284 7615
6905 444
7234 9396
9266 1014
5591 6796
3696 3335
1640 2570
1103 628
7116 3332
7807 4676
7193 1906
9027 7305
3850 6998
7115 2694
7410 5872
3041 694
3487 9946
1139 722
9343 405
1737 4934
7202 5434
8270 8842
8004 9373
9471 5121
2706 7279
9798 9899
9186 8825
7205 3036
5823 4321
5731 3233
194 8772
3928 3682
8718 5067
4404 8062
5472 6141
2997 2675
1576 1267
1517 9581
641 989
4702 3347
8268 4500
3247 7454
3325 453
491 9148
4775 6222
2382 4969
4995 6310
8651 3713
1377 3056
1776 6850
9198 4773
9525 774
6041 1043
355 6682
2032 5057
30 301
9557 3278
7756 2883
3731 8247
2031 8507
4469 4414
3477 9464
724 2129
3178 2102
5185 4955
8952 4383
9728 8478
5158 5769
9521 5513
2452 1554
571 2482
1855 129
5760 9611
3012 9492
7859 5044
7999 2328
9458 1477
1793 183
3606 4972
2285 8791
9927 1238
3175 9656
9716 8333
5425 9237
3847 7877
791 4418
360 2647
4547 6120
2259 7560
5613 118
2604 3613
2447 2063
5090 4241
2247 8696
9213 4532
7488 9141
5770 663
8797 5486
8997 4223
4724 2844
2100 5516
7263 2461
8163 1811
8581 422
9371 4195
540 1976
7808 2988
4040 2898
7229 6287
1594 6443
819 9082
5584 6590
9746 4382
2077 8743
8605 6801
1588 706
2318 8851
3167 481
663 1749
904 35
5944 1445
2011 3752
4433 6051
6651 1662
2339 8245
8106 3159
7328 3690
9749 7074
8072 1827
5818 6678
8629 7406
7384 947
6258 552
1428 6921
2301 2332
6956 8246
3777 8968
1998 8211
5020 8649
9873 7359
6895 7979
518 4224
1670 268
1299 9743
2095 7117
6421 724
4524 3806
1671 783
4358 3100
7705 6660
5432 4662
4906 9210
3630 6905
7421 8651
5555 7295
6010 2450
5275 6529
6674 6946
6797 7974
6689 8893
5091 3111
9617 9616
6918 1289
399 1276
4389 8104
7937 9821
2766 2843
9032 6397
9749 6454
5048 5304
3749 1059
7754 9025
7589 4429
5971 4386
2403 2661
3279 7495
5772 2897
7111 2690
4186 7511
3967 8575
5615 1905
8397 8382
4749 7429
4779 4498
3884 9828
9802 7633
888 7557
6659 8477
1987 2630
2863 4391
5291 6143
1886 1064
9040 8998
3755 3227
6510 7722
1802 2125
9628 199
508 4377
7629 5287
8875 1513
5116 8677
9147 6004
6235 5806
4481 8222
8437 7345
2614 3729
3489 4500
4793 2529
3499 8549
5756 9
6272 7559
2135 5900
7759 2643
277 5388
7931 9152
6902 3048
7830 6049
9052 4066
1856 3534
2289 293
879 4903
4022 4368
9404 8816
6898 2903
7365 2655
2913 3638
214 5049
9538 7973
7693 9815
3362 5624
8968 264
8672 6799
6314 7725
866 8170
1259 3155
8463 2139
8058 2486
6508 7462
1303 3406
366 8669
6062 3280
2307 6277
8329 1845
4251 6022
