1000 2
4491 7765
7915 9971
6145 2266
7197 6226
9611 2000
7651 5101
8428 2156
6159 6584
5369 6262
8755 840
9146 581
3640 2130
9562 846
7910 5401
7136 9961
4619 1627
7727 2534
1599 3872
4800 8796
98 4411
797 7750
9513 9225
9906 5672
5809 5276
1935 4565
6116 1082
5146 9757
3213 4709
603 1123
111 7740
1085 4730
9368 8812
7264 967
2684 2065
9764 2783
6477 561
534 5991
9787 440
1664 5597
5717 3599
162 1834
4681 5309
1591 7894
18 2195
9018 130
9936 103
4860 9304
8915 2125
272 1600
4191 36
4384 668
598 4918
6659 385
5359 8324
5982 1076
1923 6144
2910 6605
1454 4502
4500 1473
6697 3519
1603 6634
3622 6464
5938 2538
8590 6211
4139 2781
6248 8524
3450 6846
3442 110
7232 8801
8434 3215
9878 357
9360 2788
6963 814
7290 1464
2287 3988
4983 3890
622 8606
354 6561
1145 8945
2772 5284
1726 9020
3808 5176
5867 7251
5286 3099
6053 3720
6314 5931
4078 5675
8719 1042
6489 6010
2506 8776
9999 7489
2667 621
6096 3022
7183 7241
1967 9955
2525 3693
8975 6334
8870 4843
3586 4157
7942 9639
7878 4257
5570 1957
9932 4290
2999 6422
300 5506
5198 299
2996 7866
921 9092
888 8104
6333 2856
8060 8859
6550 7036
5194 5420
1879 8780
9577 9822
8419 7456
4080 3989
9413 4013
8279 2413
435 8580
7919 5634
8880 915
3500 9802
8 4388
7907 6341
7245 5967
5201 3795
3003 395
9215 4883
9176 8793
4705 7595
6249 8785
1585 5663
2798 9865
8076 3234
8446 5995
8868 7326
6911 2368
7129 6919
6757 5036
3261 4002
1004 8462
7797 4008
8858 7013
8891 8034
5806 3597
5630 2056
2382 7215
7720 5181
7081 5796
8415 5527
1792 7283
2854 8703
9652 9983
5623 6409
5020 8885
412 6024
7348 8209
32 6206
5222 8924
4241 1029
2521 9871
3086 4904
7087 806
85 4168
6603 8501
9695 8395
5785 2549
7099 5437
2533 2723
1847 7553
1608 2259
3578 8956
468 3610
5163 5691
2534 9405
6721 5056
9277 9807
9960 6364
614 45
533 7218
8547 228
5613 4332
2778 2713
9770 5312
5437 1617
2865 7045
3876 6443
6002 4345
54 1166
36 2589
572 6758
7645 9849
6566 7605
6214 7180
7651 6747
4398 6198
6976 12
531 9755
2726 301
5067 8163
1919 7932
5209 5795
4376 1212
140 4430
2378 177
7019 2950
6935 4664
2800 3501
2269 9014
682 9920
5761 5081
6119 2737
5094 6650
2492 7820
6952 7560
5984 8871
5492 1193
4666 9868
2405 4807
4299 4784
4985 1318
7734 1921
5983 534
5423 8252
9549 6106
8173 5310
1187 4292
8048 6282
943 541
4103 7895
8101 87
6766 3594
1280 1433
3463 3686
6241 7762
8470 1226
9080 6205
3147 5064
6740 8571
3316 6289
4677 1490
1599 5865
5782 9648
2147 6726
189 6250
4621 8291
6337 1387
1885 7618
2821 5348
1304 9062
3110 9774
288 2191
5980 3436
7255 2720
2007 572
9009 6685
2062 608
2550 7845
256 4697
4571 446
948 9193
8737 7286
581 622
4904 3402
5970 6209
2464 9081
5984 2753
1272 1964
6190 8528
4684 8198
9100 3693
4883 1163
4302 7433
9009 4559
2131 3581
5006 3079
2774 3743
365 3356
4366 5270
6758 337
1479 9223
9418 7463
1977 691
9428 8167
9220 4113
6365 8321
7806 1248
9484 2109
8682 8494
6669 813
2075 1675
3892 4849
5419 4257
8205 9785
9527 4964
123 1007
4188 9541
8471 6165
233 7899
4333 9453
2013 698
7774 9820
1947 7259
1929 629
5753 8599
1443 7828
274 5335
2678 5693
9593 884
5479 9121
5849 5602
128 37
5144 8600
6203 5378
6499 536
4832 8513
1235 2607
8333 3183
9866 262
3813 5620
8861 5256
3449 9136
592 6127
4830 185
7012 309
9306 2862
5912 9435
2899 1057
8035 9103
6435 4535
9640 1267
3048 875
3874 1381
4059 3741
1644 7872
9361 506
3129 2810
9642 3721
8938 4473
3906 5951
4782 3213
8813 695
2648 1713
1752 684
817 8187
5219 457
9454 8268
1332 3329
9649 5391
7070 1294
3264 6432
1800 6393
9243 1443
114 8181
5916 4020
4133 699
7234 2947
1394 9882
4660 3146
567 5477
1334 5786
5934 789
4054 7267
4118 3704
2659 1189
4998 5923
7621 6799
2316 6865
8242 2431
5047 4158
6452 9180
4858 3686
2127 6252
3569 6788
9399 4136
2266 733
9922 8201
1522 3977
5469 5641
7681 8128
6830 2679
4051 4452
9478 6368
1318 7721
8799 6365
1880 5251
5545 6738
8938 7673
2991 2507
4462 2390
6643 6728
3124 6566
4929 4647
543 398
288 8225
8527 7119
905 2579
1572 384
8947 2890
8105 7747
9255 9986
2999 4801
6724 1937
2474 9716
4445 6936
2106 1088
3665 5231
7655 8595
9878 8199
8994 166
6424 7521
7285 7329
100 8858
7714 9048
1748 5819
6796 1003
5805 9796
5804 2530
1734 8279
2246 6179
5216 4353
7268 8881
9584 4923
7476 9462
3122 6470
9629 9547
3991 6915
6877 4092
5773 4591
3140 7522
411 9937
8525 6217
9733 4330
8747 1467
2610 994
7646 7826
5347 4915
6707 4932
9838 4183
4395 2961
654 4025
2509 4645
940 9386
8737 6714
3978 1878
4236 4389
1815 2762
606 1548
7093 9353
3016 9703
348 662
7529 5695
5578 4237
628 5417
8421 5024
8378 9075
9049 888
3721 9989
275 2458
6703 4253
4337 940
8642 6152
3702 9248
7701 795
8602 717
499 8950
1380 8028
4646 6958
2266 5274
2375 687
298 754
9763 9347
1643 3484
9337 1918
5943 6041
6171 280
6981 4813
6433 684
4062 4135
1479 2664
4853 1978
1614 6234
7 6261
3193 2274
1535 5569
2962 1834
6323 2725
1182 7967
6210 520
9885 2154
6561 6057
2435 3543
870 8868
4227 4933
3004 5707
7597 7858
7686 9212
4092 7694
5473 7285
9968 7009
2854 2931
8844 9178
5657 26
7145 1867
547 7031
4021 7109
3088 6456
652 3959
5325 4880
8892 8330
588 6490
6188 8275
5703 280
5969 1177
7566 5938
8186 421
8869 7031
9599 4527
7058 6745
6394 7605
3776 416
4714 6865
6873 5367
824 2199
247 9717
529 836
6208 6718
9111 1911
6999 5081
3088 4565
1019 1275
4987 9889
8306 4586
4416 5364
1332 811
2970 5109
1228 7684
1974 8102
3051 2799
301 3299
2517 831
4135 8725
7550 3246
637 4549
8327 3725
9115 9347
5000 4102
9237 3307
8689 3653
8671 21
4465 1642
5130 5693
9326 7105
3796 2378
9905 4098
5677 2423
4929 9812
1148 2480
3059 1785
7029 1387
5511 6145
735 512
248 9972
3819 8937
3626 2491
8959 8091
4133 4090
3785 3460
1195 7581
5838 1101
1679 1515
3524 6609
1328 4673
9089 4388
6459 6119
5776 1971
2265 6511
2483 2513
6483 6303
1450 110
8794 409
8201 2928
4499 1987
6388 5695
9568 2226
6797 1248
3741 322
7858 5070
4996 6948
9458 1455
3067 5234
3427 5333
1746 5910
7846 8230
2213 9297
8340 1008
9707 6542
3936 4207
8529 324
9902 8098
2551 6700
9346 6293
7022 7204
1363 2018
4152 822
3474 7220
6057 6901
2553 7803
2812 400
6034 5026
9697 4374
6034 9404
916 9971
3611 9446
296 3514
7544 2847
214 6891
9140 7237
4095 504
9256 8248
1326 2730
5469 7383
9632 8022
5187 2445
8423 1221
7471 8120
5596 3506
7525 6513
3477 1137
5959 3773
4651 3504
6621 4866
395 5762
2103 4490
6266 1360
2739 7593
4091 8208
4976 3723
6231 164
6169 4654
1385 3640
2775 6982
7146 301
3495 623
1438 9455
4397 6089
2959 1019
956 3354
6781 3059
7845 3048
4420 584
641 8511
8793 5618
2235 5025
5782 8404
9680 7168
2044 2455
4150 9191
2756 7646
9815 4194
7101 4213
284 61
5232 1240
3415 2014
4300 1261
5062 8720
1845 5703
7232 639
1322 9467
5664 7105
7872 5344
4273 9917
7800 8424
9108 557
6071 8923
4751 3173
3136 5036
3234 8369
6276 6650
383 577
7911 5445
9298 9757
1149 6530
396 2471
5998 6061
9576 3870
1405 3850
3787 9205
2275 2895
9763 8346
1819 4514
1519 4956
9551 4754
3325 5828
1404 3708
6405 9315
9153 5703
9072 303
2233 9469
2775 8231
5530 2352
2102 6936
6202 5889
6142 8477
8785 5905
6824 604
420 8344
5560 9971
3098 8885
5799 4502
2593 2204
3818 1747
7908 2891
2051 142
2360 4826
8373 7891
7178 475
4827 3381
6365 969
1858 5150
6874 8683
5755 7295
7027 1315
7266 126
201 3066
4629 2794
5270 8447
4542 3179
1339 6593
3321 3700
1420 1695
1591 8598
2171 6419
1979 8536
7388 3838
3686 4263
2521 9441
1558 9549
757 8825
9675 958
1891 4305
3753 7162
2752 8296
341 4092
4889 3662
7792 6309
5357 9383
4908 7528
5803 6887
6065 3191
725 9752
7455 3247
9194 9014
2797 9951
7839 2473
910 9730
6778 4663
6892 9531
2959 7233
3623 7849
896 1416
4159 6254
800 9067
3783 6603
5955 9848
9794 6681
9600 7250
9929 8795
6264 2726
8746 4103
5200 9656
3833 1978
4320 725
1510 7280
7959 5134
5129 8856
6550 9289
5110 7350
8357 8893
3953 4313
8741 3748
994 8342
998 924
7137 7262
3650 5884
1366 8851
5541 5199
829 9861
5925 2340
7141 3885
7474 2271
2741 4024
1561 7851
1374 9919
6745 5328
4232 5487
9076 5227
3829 75
6151 967
7337 9802
6852 8703
8653 2393
3903 9483
2255 9829
1823 9397
3715 9298
1669 6456
3322 3230
4308 4697
3149 1053
25 7382
6540 9102
2609 370
9177 8760
1338 6515
8562 8190
5219 7215
584 9123
6699 2839
8952 8522
2236 2668
7820 3906
9124 1143
7136 3433
5841 286
4486 5867
7668 1027
4969 278
1398 4147
9038 2736
662 7601
927 5881
4817 1511
5004 1516
4351 3957
39 6588
6625 7859
494 5750
9003 7631
9183 4844
7918 3670
711 5587
4697 5681
5865 6095
9828 4904
8832 490
2505 9759
6372 7322
1271 1377
8838 5623
5334 8877
2211 1960
6737 2706
7710 5740
337 6894
585 8255
564 1297
3842 5262
6978 9708
1358 6807
4612 190
7298 7117
9950 3670
4439 1222
5048 3278
6845 382
2155 9056
2343 8893
1762 54
4634 2100
6948 5219
355 7513
6517 4198
2775 3496
3907 4133
303 8519
4324 7602
5637 4274
1273 76
5496 6321
3355 2342
6704 5510
1398 9047
4404 3161
9101 9038
5261 6050
4257 5617
3563 775
9816 6338
4271 3723
472 4575
2243 4796
2177 7880
9071 3450
7957 4568
9771 1312
6910 6476
6823 8309
5523 1227
1470 4625
265 6732
675 4523
2349 4239
5298 2166
578 9570
5889 1050
4145 8132
5847 6323
6013 4919
9773 3970
9487 9545
5283 6398
6021 2106
4707 1545
3334 6178
6170 3599
2910 6846
8123 5259
1085 3421
7425 1663
2992 3315
2714 7137
1448 8562
3460 7461
3481 3234
1432 2969
2779 6715
9367 8801
8822 4075
346 2156
253 6517
5756 3163
3363 3879
8423 4449
7301 5849
6112 293
9165 8827
7431 613
7389 892
8075 871
4126 9507
3841 6906
6223 3209
5707 5045
7284 6054
7202 7538
2571 2958
702 5935
6837 9125
384 4138
4975 6496
4432 4140
5324 1863
4754 2714
2755 2830
3585 6882
2337 7426
3788 8561
635 9496
3607 7920
5551 809
5458 8122
3767 6160
4057 605
5286 4441
4744 262
938 9176
4403 6263
1040 9157
8977 3796
1987 2563
678 4325
9989 4467
2887 625
3964 6494
8546 9515
7303 4004
7637 1071
165 1695
1676 5451
6137 6420
5714 7075
5597 117
3338 6637
9275 2316
433 1262
4879 1111
5588 4869
5579 8476
5495 9543
4970 4041
9058 2274
8045 6696
3345 8211
8391 5022
3663 4528
1442 9377
1604 7039
9494 4943
