1000 2
7241 6464
5918 2820
8724 9449
7134 8579
7013 4186
3719 1529
7872 4608
5739 5598
9412 1466
5150 3525
4541 1216
6807 992
6016 908
3367 2886
1883 2193
5250 9124
8658 1169
1945 7382
618 9079
5961 7632
3266 9681
9162 1139
4289 4901
6737 3702
6368 1887
7227 909
3104 4035
1902 9121
4943 5269
2007 6826
7462 7258
5951 6121
8427 7897
3503 9046
6976 9465
6679 243
9147 5841
1382 3437
743 8120
7139 7112
8 4366
8021 3112
8401 9923
2234 3344
5193 4242
171 2655
1500 6123
8777 9927
4020 2280
8974 997
1746 5653
1241 893
1495 2623
4330 2239
744 1469
9351 752
5836 7373
3864 4237
7296 6099
7582 2489
341 7754
5145 1841
3878 3923
1769 7898
6203 743
8896 7950
6397 137
8844 7892
2761 3174
132 3505
4644 9483
4257 480
6856 8122
4718 4153
4221 2301
6643 4562
55 1789
6404 3933
5712 8173
1832 1915
8917 728
9866 5315
865 8710
3208 3626
1885 3340
7132 6529
2823 1389
7009 9679
9512 1728
3832 3733
4029 475
8296 4085
2264 4700
8018 7976
2874 9851
9892 1791
579 9759
7106 1445
8469 314
5072 354
3655 2204
6884 6478
3594 3894
6157 3106
5622 9990
6839 9651
466 5136
3736 2731
9836 1755
708 2711
1606 601
4502 2186
360 1609
3631 8830
1924 8704
9185 5579
908 6069
2058 4503
9963 8216
7609 5585
8207 4448
5237 8673
9585 8974
1405 9421
729 2113
2133 2336
2714 6635
4523 3075
8245 8155
1906 170
6859 1091
5750 7768
7160 7808
2271 7124
6025 9880
2710 4232
4329 7948
2905 3914
6922 4311
3336 7652
6424 5469
9989 9139
2105 4512
2215 351
2667 4121
522 9527
5212 6272
7295 2373
4081 9566
9498 106
9447 2208
4338 3776
157 7244
7691 7079
1555 1027
4732 7980
6497 4721
7119 8603
9234 9334
8954 1902
3455 9476
1429 8668
5749 8725
1042 9830
8291 540
9937 7739
2749 4276
1515 2906
1521 9207
9985 3077
235 4718
1057 6732
9440 8177
5336 8674
7512 4290
577 968
3767 2006
9636 9516
731 678
9346 9023
1219 9284
6762 3968
3560 8278
6874 5081
7485 6860
8159 7721
1578 9216
4454 1019
7393 9790
9693 4905
4080 271
5873 7847
2277 5510
7364 3009
6189 6711
2033 7408
5995 8796
1376 9556
7074 8250
4638 4560
5111 2797
2282 6689
2013 6736
7708 9407
6526 7402
4313 606
7673 187
8454 9951
5697 5818
2961 1886
2529 4995
9295 8525
3791 671
8081 866
8922 2719
5427 4033
5516 7709
723 7530
4445 8431
6937 971
5834 1250
1577 3508
1438 32
3460 7135
5850 6422
9022 8380
1417 8317
6905 5208
8989 4986
6075 7911
7706 1502
1945 3222
9211 2668
753 3656
1100 7690
4627 6935
8941 6205
444 379
6237 3904
7515 2088
327 6538
469 1744
4856 7375
6953 3845
2361 3028
1757 67
4530 3702
3290 3741
6371 4043
7397 7472
1734 2025
4407 676
8230 4851
1056 4468
8756 8571
6557 9083
5109 7027
827 9965
4402 7781
3811 6763
809 5568
6831 5339
9271 122
9081 5643
4166 6479
3115 5901
8504 7522
6577 6735
2374 7633
1204 1130
6205 7761
213 1314
4788 1041
1280 9191
8822 5091
5955 9632
660 2786
4972 9932
2909 4053
5575 7076
532 8690
2977 9037
6213 9555
5772 8588
7188 6977
9719 3393
4738 9933
4708 9527
974 5989
8718 9797
1080 4673
9429 1741
7460 4401
1673 370
8455 7249
7446 8988
5940 424
8026 2153
9979 3798
742 7167
775 461
561 5514
394 5270
5042 1369
1259 3761
1166 2340
8434 596
4081 5895
4998 5755
6265 3454
3004 3712
2442 8944
4136 468
1098 4115
4267 1840
1283 5043
2302 1845
558 2696
7115 5600
4065 8374
9361 5232
715 7796
5829 4797
3692 828
552 9957
4282 3557
3670 6724
2502 7806
7193 3600
1922 1461
5441 3205
6505 7743
5051 7063
440 2166
2664 4506
541 2026
9739 1257
9823 5568
6054 3515
6396 6606
3472 678
164 7143
7403 2666
4949 4597
6267 6872
6058 1708
78 2564
9452 5129
9627 9893
7296 2292
4399 7837
4318 4139
9094 4141
9708 5149
7656 6104
1756 1129
6783 1920
8272 4187
4586 3222
8785 854
94 4844
2562 173
7408 2015
5302 7035
1909 2598
9327 6309
436 3646
448 9531
7787 156
4680 5444
6261 6437
6573 3044
8357 4846
7232 2944
8069 6017
3798 8163
861 6361
8336 8269
8376 3639
5305 286
6237 4632
6595 6674
8279 7043
6206 6066
7199 886
1511 3461
7324 8085
6505 5681
2931 3738
8625 1000
9755 2424
9164 617
8785 7501
8886 7162
1140 4192
7448 7378
8825 4043
4053 7104
1086 259
3171 8286
1146 4682
1747 8470
2767 8253
4152 5699
1992 2777
6700 1747
5202 5865
2365 3987
3367 1252
1149 4507
5444 8598
1886 4269
2641 5940
1373 3728
6199 4544
2015 7346
9227 3763
5817 1995
2017 9969
7695 4009
2747 4396
5756 7949
261 8122
1937 3628
9374 3086
8136 4818
1685 23
9087 4326
5963 461
8055 2163
5005 71
9510 4233
3834 5327
6229 5851
5296 3924
9860 8044
8320 5617
5993 8581
3739 7930
2210 3113
1017 347
7931 2702
370 7019
7029 6334
7480 5085
8498 2486
5156 8008
6719 8991
3335 2948
4842 8632
6873 4703
6677 5193
321 2670
3775 4060
601 5985
7174 1619
6332 5106
4322 6703
2125 1351
3037 9605
6437 1535
2091 1594
9544 8811
585 2880
1760 5428
1513 8633
131 8190
3826 453
861 7601
4513 1462
3587 1687
3081 9920
6793 7403
6624 8919
8755 9662
8524 5193
1197 616
6787 742
9427 7373
3622 1187
2801 5135
9821 2933
3326 3647
3386 4187
1249 7900
5649 4837
9588 8731
4758 6381
6135 1382
5300 4891
1044 3825
84 2242
4441 6872
2984 3869
4245 6607
5057 7047
1742 4878
9980 5068
8526 3367
9256 9775
1267 4906
4613 855
3638 9371
7237 9773
753 2538
4665 1798
6363 4749
4040 805
1622 7025
4675 5867
3632 9732
2914 5375
4611 2895
444 3137
6262 9700
2913 7529
4606 7526
8385 8244
6898 5622
8018 7652
8160 2683
9450 4524
7433 3491
5329 9055
516 4
4923 4149
9737 7838
9524 4348
734 9968
7486 6996
9669 399
4526 4276
7925 2911
2521 4824
8534 539
2476 6694
3223 1926
1218 656
5417 6548
9712 5934
6553 4636
83 6290
2475 9608
639 3209
9577 8125
206 9246
8525 4732
3523 6451
7644 6044
1275 6178
6583 3751
2873 9806
5678 4091
463 1096
639 175
7030 7192
4812 7114
3483 7287
6722 4122
496 6300
2248 702
5547 773
5435 9070
7225 3080
5114 8500
9258 1697
2251 2131
1504 7929
6223 1967
9025 6862
2143 6056
4055 6955
3171 7538
4242 9894
1661 4739
6194 3910
5441 1741
4684 877
811 1909
3957 5925
410 3216
7623 2662
5348 9127
592 1571
1095 9618
8434 3238
5674 2489
194 8845
28 4436
8739 1690
9176 4934
5601 4618
6675 286
5495 7487
2195 9453
3412 2606
2669 1036
5268 8017
164 5860
9589 1259
5478 8023
4498 1153
513 4692
9998 542
9128 8738
2233 8305
3673 7834
2923 348
8121 8418
7836 317
7871 1249
2923 541
2285 8191
8558 2449
4052 8148
3709 9530
6171 8207
683 6685
2899 682
7228 2028
9421 9461
333 3094
7296 3256
3443 5417
1674 1279
5734 9546
2528 8657
87 4813
6849 8646
7263 901
6794 972
431 2966
9179 1115
9652 2078
1798 6880
4106 1219
6341 4439
4314 3638
7696 7757
9055 9370
9036 4790
8917 1564
3448 9004
6378 297
7651 3642
1198 4445
4614 1630
7412 3793
2746 7064
5872 4544
3944 9979
5764 286
4419 78
3924 2115
7835 2980
1486 6872
7770 403
8437 1218
9408 4815
1516 7059
8458 2715
1504 3072
4346 8917
6866 7092
5981 2738
1637 9925
2717 7401
211 7136
7479 4136
9251 5315
7116 738
2188 4887
1141 625
6106 549
5441 7622
7608 3899
338 9113
6971 4684
8031 3837
1777 4012
6576 3414
3938 9294
816 4150
6431 8295
8286 5682
3611 5403
6420 5799
290 7562
6424 6397
8112 1866
4020 5721
5765 4358
4834 2737
9042 2866
6575 819
6878 3151
4234 816
2446 5050
4966 8877
3346 3253
4560 6957
8656 980
2757 8947
8543 9182
5344 6655
1048 9365
2376 6814
3723 7211
9551 2766
77 6126
3586 6955
9278 7820
7772 1724
2871 2738
601 6217
5991 5161
3175 4648
6142 5932
3595 4686
5115 8940
1341 6164
8305 3718
2978 2029
929 2530
4795 1007
8656 8382
7963 7935
6202 5735
9660 9073
8474 261
5291 4466
5423 8466
9114 1566
4399 2710
6252 9514
1651 7594
5679 9957
1312 8657
1986 2242
1187 6782
3249 9844
5164 1213
7780 1367
6948 7440
441 5423
7702 5732
9890 3126
4198 9005
4692 8598
1715 945
8113 3367
8539 3792
3324 9852
2450 5310
2094 3637
2093 5344
3482 7257
6557 1263
8624 3506
8703 9065
8930 6406
4797 8820
9533 8996
7826 4225
7595 9541
5171 5708
2909 3711
9500 6233
3563 1950
1544 5658
5588 3638
1003 9071
895 7561
334 9520
1068 9038
8586 9998
5445 3383
8819 4978
2380 6645
9203 9975
6187 4375
5684 9097
8086 5184
5331 1650
7135 6875
7309 2723
513 8313
1795 1409
5874 2129
929 6943
1168 9515
6942 6613
2899 5761
1591 5280
2407 795
5256 8595
5170 940
7692 3257
6124 3023
4908 3260
9899 2217
5983 413
531 7779
1822 6405
9908 2752
3348 1076
2268 291
7689 5168
6053 9281
448 8460
76 5705
7056 5246
6645 4749
8504 2770
7773 3412
6030 7673
5630 2014
8086 6161
9793 9909
2567 9702
2662 5916
779 4930
6207 8469
99 2260
7750 547
721 7826
6252 7777
3073 2898
2527 1577
5668 300
4990 1699
7973 620
3713 6060
6782 3507
5969 9349
3209 8632
5266 3989
3562 1473
2458 3661
3734 208
4209 4455
8035 462
2233 1108
3361 4760
2686 9029
5061 7676
729 3034
8297 4443
9095 5079
7950 5064
4428 1160
3696 9695
5149 7259
1168 7607
921 4902
7816 5131
9358 5851
5594 1591
6959 8955
6351 9646
7985 1413
7322 8714
4447 5619
3157 3543
698 1108
8607 5127
2268 2304
4822 7417
9564 5991
5025 486
894 2841
5617 252
8692 1211
1843 5652
167 8195
5298 8152
9608 2620
6866 4056
8240 24
7599 8938
1132 6207
4066 3400
8512 8889
818 8076
4881 5843
8562 5775
8684 4180
6027 7377
5391 7871
3029 5559
6066 8327
3711 5675
947 578
9732 9188
602 7332
8126 1735
3539 2193
5136 2052
1083 5954
128 5964
1798 8691
1739 482
2871 7767
7859 8263
5638 888
3822 1705
9216 7534
7380 164
8112 7113
9352 8715
4445 7479
450 7984
9673 5586
36 756
1541 165
6720 3339
8857 8460
3822 1728
6227 1682
9992 1865
2571 3815
3570 1787
1349 951
1951 9462
8064 1304
8177 2509
8783 8628
494 8456
4215 531
9213 5756
697 5934
9096 9554
4394 2918
1283 621
4601 1275
2487 7172
5091 6057
8960 6440
7009 911
5903 5073
2216 4080
7583 1000
2708 8078
9457 6923
8609 8670
2680 9307
4604 1776
8861 8998
4695 144
9620 9296
1420 2107
6469 6512
8165 5429
2952 5175
6341 8855
249 8557
2936 7832
9557 5645
5910 9014
2569 4520
7685 5249
3828 2289
7026 2689
1288 1722
2834 909
1019 4255
3017 7488
767 1182
2917 3720
6358 9258
2576 6607
7816 5513
4439 7374
1158 350
6389 3727
4871 4074
8977 8699
6364 6004
1389 7653
7726 4224
8562 8745
8479 1579
6234 9247
2762 9151
2967 9120
8410 5544
5727 6227
1057 167
3601 2215
517 9990
5943 5389
4065 4920
4089 429
924 5478
8082 8651
9703 6644
7396 8182
8224 3631
7430 986
2783 397
