1000 2
4316 5801
3234 1702
6722 480
7182 8565
3758 2770
6697 9043
8340 3889
8257 5481
5613 7351
780 9976
5081 7696
2538 5681
3551 2190
4037 2998
5621 6085
562 9937
1887 3796
1639 8609
4276 8822
7175 8035
1593 3872
7078 9933
7762 5335
5415 3375
2686 6195
3352 7768
3891 5890
3450 7443
8081 7487
441 3703
3573 1003
3640 5461
4799 5280
4071 9076
4103 1246
7111 5696
5119 4189
5629 2881
9525 1045
6257 2211
7241 9609
9980 1133
5500 3430
8576 3582
917 9017
7285 4491
21 926
9952 4821
6206 4024
3897 309
5271 1008
6006 390
5198 1635
3272 4723
2681 9529
6935 9922
9139 6915
1055 4639
345 9631
8221 1263
8649 5507
5754 8671
6433 5707
3492 2640
9732 7390
2949 5003
8399 8955
5393 3597
591 8665
8320 3272
8195 5255
3195 7334
2170 4250
1974 2516
3882 196
3779 2531
5703 9534
1202 2137
5241 4695
4777 4974
2085 7727
9977 484
6682 5370
4081 7274
4036 2402
547 2232
7657 3742
9567 9828
7993 1541
2344 1875
1738 6124
4406 7442
5658 5609
9579 900
304 4356
5874 2390
2083 5851
2874 8766
1222 6956
6041 5259
9358 6589
7491 7016
331 7059
6845 8324
8600 9190
200 339
5314 4606
7781 972
216 7360
1873 521
1717 7747
2911 3801
3599 5785
2568 4821
2742 8610
81 2100
5199 7572
9117 5531
4632 5962
3855 3232
5153 4056
3572 467
8663 1353
1440 8879
8714 3313
9400 432
1060 2311
4234 4659
8097 6802
9481 839
5413 9562
2940 612
7135 2057
6143 1767
8020 9999
5000 3174
4055 8572
3641 2718
9926 5082
1598 8641
8395 998
9073 9456
3310 3308
4116 1407
110 3598
2247 5523
3160 5187
6136 296
7245 2279
2063 5266
2279 7064
8440 6335
5637 2082
9053 5563
7164 652
4204 5560
1650 3278
5016 4961
6586 9133
6368 6697
2731 8616
2221 5892
3804 8358
6188 1049
638 8252
6316 2917
5316 4757
9252 953
6839 8306
6517 4004
8958 722
9564 609
4001 4581
5570 587
3714 1939
7285 6446
555 9507
2338 4359
7865 8526
5409 8503
6779 1726
1421 2095
6483 674
3049 3322
8980 9566
7327 7939
288 6891
8548 4289
1473 4119
4877 5188
6059 2163
1634 6615
1670 3973
975 9536
2500 6384
8040 9279
8110 9461
1375 4594
136 4424
7917 9116
3990 5244
7056 4279
2136 5605
8569 3609
9724 3446
8798 5783
5610 432
2399 7281
4406 3374
6817 6906
9759 4858
6185 7870
4320 7560
2464 4456
1984 381
3573 5975
5625 629
254 7761
6234 8824
1371 5959
2270 169
1743 7881
602 4142
5162 5008
7516 1979
1914 7275
6838 8100
5145 1158
5661 7610
5614 7645
7991 9187
3621 3617
9817 3876
1379 6051
2700 2751
2010 4971
2921 3754
2852 3523
7896 8014
8532 5413
9994 447
2688 6832
8548 7834
7991 4209
5444 3606
1855 3436
2793 5476
7054 2611
9352 8433
8662 2053
1184 673
7024 4105
4427 9877
7629 2324
7891 6162
7737 7886
6609 426
4719 5157
8260 2710
9366 3705
6316 1221
7142 9110
6698 4196
1722 6051
2629 384
8104 3814
1058 5129
7920 5486
5006 5549
7810 2898
1711 5548
785 8321
5974 5504
3479 4235
8215 2846
7940 4532
4068 5083
3643 766
9279 5365
6818 1909
5750 4922
5724 6809
52 3644
2295 5059
9194 106
7958 906
5654 8743
9227 1628
4248 2707
5863 2464
5553 3804
6996 9621
8888 640
388 8167
6005 7206
77 1756
2129 5801
8565 2181
9446 860
7241 8640
967 5199
9547 6621
3943 8775
8250 8191
1482 4114
656 7036
7919 7652
6657 6807
8293 7046
4975 4298
4252 5052
6055 6381
854 4620
8563 301
5481 5804
8942 6448
1004 8489
3070 4947
7264 1321
3139 8747
5436 3795
5783 3355
1448 2441
163 9741
9487 5138
4040 3740
191 95
122 1046
4716 8685
1347 197
4490 290
6646 5495
8779 9717
443 6044
1038 3583
4791 6475
7378 574
9830 8827
3015 9993
8569 2503
5132 2609
6243 5324
2705 6365
6370 7421
5051 7718
7619 9542
8008 4266
5038 6788
3983 5481
2832 5022
9064 7623
1497 6443
8198 1328
5270 1213
1322 3840
3717 6454
6449 9960
1778 9155
6326 8149
6577 1378
5868 4196
921 3876
8463 5959
664 2446
1440 3496
7468 505
1120 8966
6948 9318
294 2219
532 1616
6059 4249
8071 2509
4210 9850
1665 537
7999 8242
1915 3867
2439 2837
7744 902
8796 8408
3348 237
1905 817
743 3025
9784 7691
2344 78
9911 2876
1695 5971
7126 9766
8481 1336
9616 146
1874 7616
8388 3789
1484 827
6627 9228
1730 5423
7637 5079
5661 9543
5896 6404
2569 5681
4096 4913
5759 4007
7790 7454
9979 4916
7221 8460
6252 6838
8606 8126
4455 6995
1916 5939
7823 8543
5168 9553
3967 2806
4632 9628
2350 529
6032 4919
6210 128
9833 1970
4136 7623
9425 4115
2539 6647
2576 8792
3485 1182
6919 7940
8177 8836
3880 6001
7380 9049
5554 1347
1856 187
975 4206
717 7008
9126 6928
7137 8959
8898 1273
6583 8324
5389 9122
4971 7965
7915 8457
9148 4834
6398 7326
3671 279
3327 1051
9328 8882
2398 1184
9069 3374
5391 9787
383 4517
6715 7520
3477 5614
8794 60
3939 4184
9183 8911
2149 7098
7368 1297
1933 3767
8624 5604
4046 1951
6656 3375
833 9055
4560 9903
2430 9951
9690 2813
4469 6406
334 7946
2020 9128
8007 5960
3313 7190
4871 5462
4289 2239
6760 6222
6006 5384
1827 53
7336 8483
3428 8169
7538 7988
8073 9968
7940 7763
2782 2409
4169 3116
356 6190
2245 8363
2150 5558
5553 7022
1021 9842
9261 7782
6065 5268
3166 7892
5321 502
6376 8750
8672 3915
6738 6745
3884 4678
4508 6666
7088 8678
9783 7444
4869 2029
5807 7020
7588 1360
4042 8609
1203 3304
6391 7268
8573 9558
5161 3895
60 1537
2645 8733
5452 9384
5478 9337
4062 9987
6003 1150
8666 5787
8594 3536
7816 4402
556 5404
5762 4599
4014 6966
7904 406
4234 6477
9964 9396
373 25
933 3018
8758 6386
2402 4237
5723 6465
4224 1727
7616 2891
7514 6211
6427 5330
613 6983
735 6376
1583 4749
3342 9487
5155 7576
5965 5120
6972 6338
5145 7906
9356 3904
4293 1759
8141 16
8225 2365
1743 5841
5256 9258
2052 1684
4589 2665
8667 5324
9041 251
74 2384
9739 5229
9961 5704
350 6934
2043 5495
4840 1400
9399 9133
3159 7540
9150 1384
9906 894
7226 5163
153 9278
6847 4742
1944 5515
66 986
5767 140
3371 5506
5370 3332
1211 5720
266 3254
1216 5107
4654 615
4241 7814
8156 3391
9199 8063
4286 6425
3226 4439
5704 74
9181 7649
5589 9248
8636 1357
9389 2007
6863 4759
5339 8074
480 5605
1328 1696
713 5982
2312 4954
3796 468
8346 2996
8531 2632
9421 1758
7072 5125
1832 6254
2775 7422
5502 1411
8779 4891
3418 5643
9651 8758
3717 131
4363 5046
1828 5077
1029 4140
31 4826
4609 8377
7822 3140
1010 7243
4899 8083
2369 6731
4337 5144
4154 9840
6555 2933
4731 9974
8577 4383
8732 2294
4515 3096
7340 6343
8173 8369
484 8204
3195 5093
6582 1017
8234 7592
8261 3133
5675 630
9865 13
5775 4019
9853 2330
6953 4585
2304 5530
8968 1037
7825 3484
4133 5165
9827 2306
3535 312
511 6731
5406 7093
7749 3640
4686 6011
6774 362
6641 6639
375 2417
658 228
4747 7612
4813 7052
3142 3782
8089 967
7266 2223
6133 7094
4529 9669
7406 5041
6401 2813
2134 4151
6453 6820
162 3227
7183 6804
9867 7558
9221 525
7787 3969
8137 2600
1021 1280
6383 9111
2248 3650
1334 8382
744 5864
8051 8151
905 4453
964 3040
8604 7418
9860 8766
645 7043
5571 512
4602 4792
1038 2389
8761 9176
4990 9783
457 1373
8894 2705
5023 229
1088 5768
6093 9139
3920 6998
3593 4885
38 2197
2303 9899
964 2949
6943 6535
3462 1546
1327 4501
3935 88
3677 8925
9871 4135
299 8766
6840 5323
8995 7928
1091 5089
7068 5011
2088 661
9896 2127
2859 2200
2026 3823
5149 8970
359 8611
516 1686
3112 4451
1775 6790
3377 1647
925 3676
414 7766
8999 9409
5695 91
4499 2764
5103 6587
3426 5000
8714 6285
7200 741
109 2350
9711 468
961 228
2155 4074
4680 3931
865 8057
5579 1790
1734 5993
9557 734
5403 5252
825 9902
8016 5928
6489 1443
929 5204
7728 8129
5945 7838
479 5656
8307 1441
5885 463
5516 565
4395 6381
8623 9974
8172 357
5968 7729
1091 1372
2982 1916
1274 999
7845 7764
2442 8774
2968 171
6904 8914
8009 7383
4570 6317
8825 455
6780 4341
1021 1175
723 9644
1150 8895
1 7118
6625 1093
8490 9607
3009 9765
606 855
7530 3048
9630 499
3220 6534
9413 1229
3918 3984
7547 2743
4440 4327
7085 5461
5503 7808
5105 6653
6704 5107
3771 3329
6200 2262
2936 9210
2027 3543
65 9558
6592 9695
57 9812
6229 9471
1042 148
3455 8589
2891 7895
2916 9977
3356 8419
7785 8462
5073 4490
3569 8844
7819 9770
1106 756
8980 3134
4299 9045
2692 892
8741 2750
704 4971
2221 1746
5119 5676
335 8010
3572 3252
7988 6929
1672 5774
5392 6745
264 8961
5590 8084
8732 6697
8840 7712
9832 3140
6758 2525
4032 5499
5275 4736
470 7496
6483 5590
3173 6819
3600 6746
71 1589
3675 1744
7363 9067
8490 7627
8029 4080
5711 6761
778 4552
4473 610
7692 1232
3135 1724
6731 8410
6461 7202
5907 2944
2792 9081
9763 6393
5827 9835
7982 9503
1579 5345
8570 69
2973 6599
4150 8685
3361 4928
3237 7835
5539 930
9067 8674
2655 5799
7085 9116
3001 2993
2061 5793
2075 1824
2187 7902
1660 170
7405 3239
5515 5976
3309 8489
2576 7460
7174 5937
2389 412
3773 7928
1342 2840
6603 3998
8639 3689
3114 1641
6683 5175
7435 8758
7000 9622
6661 8660
9792 4067
1900 5308
44 5210
3797 2620
2671 972
8558 5060
1385 2331
2989 2728
5172 9593
6726 3812
3283 9841
5453 9966
5016 2888
8725 2017
2510 5387
678 2303
9455 2579
7611 9499
7790 1409
2120 461
2382 679
5522 3768
3011 8511
6496 8183
8105 3222
1995 1388
3063 7448
1354 8080
337 80
98 2848
5468 777
5151 4923
3356 2763
4423 1147
4172 6543
1609 6555
7222 7131
323 234
5643 6819
8417 3748
42 413
5136 3106
7862 6491
1187 8199
6572 1286
1047 2040
2063 6199
6963 5420
8962 1387
6567 3135
7930 8176
9690 5153
5308 13
5387 951
6833 3805
4700 6876
4219 9837
9983 2082
6329 1170
282 2901
2457 1330
4942 4520
7529 1906
9941 6491
3293 6508
9626 1223
4685 9317
6377 9994
9331 1765
945 6165
5571 5646
3041 9790
5483 3025
1872 1812
4195 2155
4714 6652
3485 9656
1173 1014
1563 1114
7506 4856
7623 7133
6080 2309
6450 2457
2303 5781
4223 3249
1947 9794
8895 4989
9585 4379
8014 1458
6191 2210
3613 906
8863 7098
562 36
8113 2126
1151 5619
6982 8775
2752 3062
1084 9202
5520 3388
4984 9744
6638 6932
9538 5533
1921 9124
9912 9935
583 6104
2145 4196
7010 1008
1295 7573
1045 9408
9699 2196
5027 6682
971 7779
9744 2056
6982 5265
5444 1967
5009 2083
8899 4548
7616 820
3673 7529
756 4256
3634 2901
8452 645
3910 9748
8219 4955
9156 7919
7151 4184
4601 8123
1964 4346
179 8947
9611 5624
914 4621
7707 9813
9170 5324
634 2843
2854 1390
7099 6488
4292 5552
7134 8202
5300 5353
3157 4457
3272 309
8641 7874
8432 605
2220 8612
9552 1832
4237 467
6454 1944
281 5624
7269 915
8468 123
