1000 2
2112 2337
5122 2612
3054 6595
4466 5874
793 5034
8215 6257
9885 1797
8067 8812
7809 3337
9846 9365
8136 2413
787 5413
781 1329
6203 3899
9935 2783
6363 2047
5120 1485
4660 8175
8080 9126
4049 8874
4161 2265
5131 4046
4062 3199
2859 1872
6537 2706
1237 4673
5119 2025
86 5901
3355 6290
9800 3290
9073 6164
5338 4193
7650 9998
2368 5731
9125 6417
4605 3286
8682 9737
7333 2745
2937 193
4617 9474
2899 5855
4147 8019
7881 4234
3921 1236
524 3722
4527 9597
9886 9865
3791 7537
9864 6160
3268 8989
2578 7874
2275 1260
7611 9608
4006 548
9802 8624
22 2702
4480 4170
721 2361
8404 4643
3597 8929
8365 8125
8526 8251
7990 2318
5789 7854
8478 9057
6844 1056
6932 9119
2317 4543
8728 6323
5091 8530
4948 5114
1233 9428
9285 1954
1789 7690
6598 5387
6619 4963
3512 5146
3215 1502
7464 9004
9357 5942
8062 6201
6999 4994
5321 9316
9538 4050
5640 4629
2581 588
9744 3814
16 9029
5769 1805
6719 2367
7193 3339
7330 705
8485 546
2208 5950
9550 1566
1892 7613
7767 8892
2607 3089
8208 2145
7139 3848
6775 9721
4436 6520
3535 4453
5550 9305
6259 2270
1672 3452
5609 9003
4157 4094
9549 6365
45 9099
7932 1937
6713 5699
829 9320
8789 9038
1466 5929
2886 8241
5650 7323
4762 9186
1777 312
8491 8036
2582 163
1489 8191
9167 5646
2286 8716
2012 2331
7816 9944
4269 4529
5644 5099
3850 4434
4137 5316
363 7024
3558 6014
4348 8320
5200 6126
8632 3692
4162 1214
3855 5652
9406 3023
1298 1692
1739 3311
4024 9556
3256 8293
4085 8900
3393 7936
3335 7531
3252 3698
4555 6810
9712 8904
5131 4913
5030 3763
8605 9193
4978 2461
4845 4384
5484 6144
6077 7224
9456 101
6780 2712
8395 866
1613 1789
8802 4948
9320 2055
8647 3876
8865 8360
2781 3996
3273 7811
7760 1879
7005 2738
4340 1851
7123 9825
7996 3201
7049 7452
3303 3830
164 1699
4696 1778
3488 3499
6726 2808
5554 5374
6685 4420
3734 9466
8416 7007
7278 6177
8886 4283
8916 3227
6135 6039
3052 4131
9241 101
1584 2544
3932 1749
4243 8628
3527 7731
2127 254
540 7682
5628 7225
2102 9362
6691 519
6370 3970
6696 5256
8253 5612
8484 4389
1652 1536
8520 893
1638 104
3438 5570
1853 7681
4199 5381
5412 6327
5635 5953
4009 1264
3178 6111
626 9870
6630 6996
3840 3327
2253 2094
8940 737
6483 593
2274 5004
1487 3913
5109 4925
9484 6963
2606 3683
2344 8018
11 7980
3971 4020
9244 7150
132 9870
7021 6762
6867 861
90 9120
2956 9030
9858 9440
9623 2133
4444 1110
6046 9554
6035 5530
6517 8641
9214 8862
6660 9225
6842 632
3246 6086
7783 3378
5957 4804
141 2825
5666 231
1945 8622
9261 1804
8062 8885
3937 2507
9995 9984
2061 6031
5515 8578
4672 4729
7440 1333
3955 4283
1965 7202
369 9749
580 6327
4553 722
9152 219
953 1098
8842 215
2903 6905
9100 6840
9412 9096
6825 1473
5127 2340
52 9800
7070 7493
1133 1025
1776 3099
8227 2146
2848 8808
8473 7401
9530 7626
7621 484
8725 6464
700 1628
3369 9801
8469 2781
8897 5294
4255 4025
7634 4307
3825 4705
1801 4959
5731 3577
8058 3958
5723 907
2767 4197
8309 2298
1824 5930
2782 549
2394 3483
2177 5763
3284 646
8545 2181
5941 2801
6206 3576
7108 32
8281 8910
4991 4012
2487 3050
7971 8211
3957 739
2409 2266
3037 4233
8197 5820
4782 592
9303 6960
6356 2587
7607 4901
4769 3548
7702 976
7124 4811
1009 5406
3721 6000
9418 6209
9051 7390
4421 3008
8129 6830
5275 1166
1063 3472
6987 5846
4064 6290
2806 420
8878 414
5322 3648
3962 3025
4624 1087
7837 5634
6494 1558
1634 5913
7768 685
3303 2189
3694 1432
9019 8969
2599 83
2441 9587
5929 6506
5877 8736
6927 4756
9151 2249
8404 3113
5275 3029
4201 3112
8664 695
4671 298
6608 2439
984 9912
4629 4679
1345 3649
3648 3945
3732 6090
3532 9662
2597 9410
8399 9524
4166 7550
1774 2571
664 7049
5601 4865
162 4265
5561 4833
4564 2170
7273 5549
2082 1902
228 3428
5552 3877
7373 9284
9967 905
8947 2565
315 7346
2089 4482
4896 3864
7054 5561
914 2656
426 1076
6922 5988
5910 1487
8159 3183
7036 241
5086 7265
3670 638
1142 1043
9923 1110
1949 8870
3675 2265
6216 5765
6747 1113
9629 3802
6674 543
6459 7101
1620 3382
3090 7530
4869 1249
713 1906
1491 5800
9171 5161
6439 314
6204 6362
1425 8153
5232 5101
418 1449
866 7166
2562 496
969 9237
1040 7429
6338 2660
811 9428
190 5680
677 904
7586 2168
6705 6758
7330 3144
7072 3535
9507 8498
1688 4740
3599 2107
6189 4465
9274 8752
4962 244
7989 6002
7673 4327
8663 8485
3756 8854
4165 4434
9759 1752
6603 6464
8511 3933
9609 5584
7468 9116
4082 9157
3856 7681
1265 46
2147 540
8798 7110
784 6788
3113 8458
1115 1776
6944 4872
630 1109
9306 390
2862 5909
6854 1374
9843 6464
6958 7312
5581 1040
6469 9438
8722 7735
9484 870
8275 8283
7980 9060
5071 1093
7519 6187
2870 4463
1059 3500
5573 366
3891 8435
6276 745
9810 6119
7210 6768
3431 2791
7809 9901
2229 6531
7636 1713
7401 5912
9996 5382
4972 5067
6475 2491
1254 9346
6954 2314
2847 2528
2680 6738
964 8956
7484 774
5076 4694
7542 8508
7485 5351
8409 9714
1883 6046
1428 9285
1958 1425
4667 6931
6493 1143
9423 7748
489 6377
62 3336
8906 2743
74 9870
1700 7558
644 6776
2253 8186
5285 9738
3538 3695
9453 5421
9741 881
4707 1700
2307 9374
8631 8800
518 8054
6548 1008
4432 6611
4345 3338
9354 4419
3209 1054
1978 3853
7831 4232
2040 3116
3970 5578
6811 3424
1000 6552
4306 5707
8253 6613
5082 6885
5414 5600
4939 1962
6609 9372
8574 954
2711 7928
5374 5920
8983 7353
9773 6814
1585 1814
9931 5555
7393 6742
8980 8393
3295 3286
4101 1548
9899 9183
8433 5313
4784 3373
7276 1394
2746 5850
2348 5457
3779 7722
1377 2762
5075 1151
9577 6661
2966 9508
2217 359
6251 1197
8752 9546
4483 2854
1095 4383
2038 9529
9696 6823
2902 6973
8217 5648
2824 566
1106 6603
8288 2484
9366 3364
3636 8944
25 6602
8452 2242
6961 4704
3439 5714
4250 7923
8568 5345
2306 607
4874 2003
7430 7777
8976 5648
3426 1800
6214 4532
8404 4503
7016 7770
7867 652
6714 7893
7255 5167
136 4216
9872 3575
9931 4122
1499 8500
9468 3805
9107 4343
5808 6538
2120 4784
2186 5546
6585 8401
79 4989
2904 7096
2760 772
7749 9474
8665 5004
4642 8801
9221 4514
2377 9152
8637 3876
7652 8105
7681 6760
2448 3489
3298 4569
8274 5485
116 4859
3886 195
9849 6791
7292 2609
7563 5041
2084 6228
46 6726
5030 9267
1241 7407
8420 9879
1283 6072
7984 8965
2833 433
2454 6132
5003 729
1617 5119
5589 5504
5315 5438
2295 2608
8047 9858
7649 131
6087 7696
6858 1117
6963 8100
8524 5384
7979 9808
1457 5964
8773 4290
6398 1228
422 1401
1958 2040
6520 7547
7544 1836
2986 9840
4444 1033
9698 2094
1165 5786
9790 8024
6903 6754
6125 5428
2138 4104
5236 3596
68 4010
7886 6467
5238 8309
7868 7197
349 4389
4744 7893
6225 7730
7733 670
8764 7432
2765 9930
3218 2555
7954 122
9310 4079
5550 1449
8184 787
5045 8253
4797 2932
4720 36
1241 2588
7233 1590
6978 1978
9484 3204
9709 7218
3874 8473
4651 6639
8404 7870
9195 6359
7992 8506
439 3543
9955 8623
4330 5001
6877 9128
7933 1598
9165 9175
4187 6398
766 1165
8377 250
4369 8086
7469 8244
6560 2121
4884 4965
9991 4080
1324 7983
2586 1763
1527 2542
387 5857
7543 7265
4985 5477
8863 4150
4652 3050
549 5418
4215 8927
5669 8585
7013 3139
6829 3574
5260 1714
8539 5252
5794 9864
3236 8380
1627 4763
923 2015
620 8467
9280 5606
3944 8143
9757 8597
1193 307
4015 5409
9234 9685
3994 6248
2824 823
9823 8085
2537 8362
3337 8332
8226 6574
6713 9854
1337 7636
1869 1958
6103 1150
7565 48
9293 7323
8645 487
7630 2661
5896 6865
2346 9891
3114 5171
715 2937
3257 3253
1299 6595
1585 9526
3169 8298
9381 4506
5935 1251
6465 2039
2401 4030
2087 1695
1353 732
2183 8984
3394 8080
5849 5740
7971 8964
912 8686
1901 4169
1939 3201
764 3525
2727 3933
1823 2109
8440 7759
3360 4905
9798 5761
8936 1885
7457 290
2618 9640
9274 6012
7720 5124
1753 5692
4088 2665
4378 5990
6834 6318
9191 7599
9843 1919
1532 1666
4028 9973
9426 7388
4879 9224
3150 3815
1110 608
4106 3729
248 3381
9741 7969
8505 1495
3661 2594
4160 8040
8584 995
4358 7776
8594 4201
9695 127
5868 3724
100 5294
1113 4979
4518 4264
8795 5628
4872 2901
9357 5121
6282 9099
3090 4788
595 6752
7383 4755
4792 5968
5750 9151
3745 4345
3352 3440
4472 9220
7165 4572
4514 8278
9552 9033
2542 8348
4662 7414
1250 4020
2535 7533
3119 5626
2321 3715
2379 9705
8470 7172
5674 4221
6323 9419
8567 9676
2860 3039
8896 25
7612 3411
8303 7165
2445 846
5513 7107
8261 6763
1127 796
4296 4247
6423 6618
7962 8803
6324 6433
5975 1998
655 2299
1418 9222
1975 4278
2261 872
4304 9874
4284 2608
7039 6729
3454 2552
3837 1715
9315 4965
2512 3612
9212 8936
231 7175
7739 6555
3608 3715
8553 4264
6014 9972
3486 7990
4250 5747
8862 8554
5621 3147
1162 2660
9877 4616
5213 3714
6332 4529
8679 8844
8141 7892
7780 8372
5068 5519
4928 8677
9235 3482
2941 5249
3454 6427
3239 7704
2175 2102
6259 7796
5250 7421
457 5127
2038 5671
8842 8371
200 7522
7215 8342
5415 4996
6715 483
516 1644
9160 9751
5126 2101
5000 8580
8528 8240
6284 704
343 2544
8501 5593
9965 8958
721 2004
4630 9563
376 4831
7086 7591
3173 2501
2588 9889
2984 3104
1533 2145
2856 6659
4246 7857
5240 2775
6097 1524
3479 6441
4068 1980
2034 4034
939 2756
6039 5570
2320 6415
401 9406
4007 3575
1908 6596
3464 4892
9701 4998
7037 2557
1658 1284
414 6898
4060 6512
8423 7540
2953 2492
9521 4988
6526 460
7744 2566
6030 65
8982 6431
9471 2990
6 1380
9586 3471
6272 9287
8470 3310
1844 128
4595 2259
7027 8655
8771 5450
6195 1725
7942 5716
6713 4469
6177 4458
7035 2208
4523 6018
8640 3995
9008 8647
5375 8594
2118 1648
7882 589
4959 9727
717 9554
1986 7745
8210 758
3195 4405
2483 1138
122 9197
5607 6300
3655 2643
8508 8179
8661 7148
2174 7670
5795 7550
6265 7914
9199 4147
8503 4158
3875 9221
3712 5862
6966 1922
6620 162
6328 9104
1301 6451
8301 6908
2751 1956
9552 1259
136 8214
8408 2310
5884 4203
9861 2149
2118 9060
6297 621
3219 173
9843 6932
6035 6810
8854 2656
6973 5183
1760 8274
1634 61
5182 4385
2018 4735
5645 2154
2949 4053
4465 8834
8257 4326
984 375
3387 7281
997 6606
7455 841
3538 3490
7652 2393
6146 4625
7577 7906
2899 9212
7968 8082
3598 9986
2817 9243
2141 5767
3297 6606
4601 1555
933 5585
1930 4321
2867 2928
928 322
3770 4467
3813 1422
6860 9959
6047 4438
7866 8947
3650 5834
7029 7248
5821 9847
6492 7962
5615 9789
4569 216
1344 5502
5802 3275
9823 8670
6204 751
8993 9974
5218 2806
1396 2079
