1000 2
8667 1547
247 231
6546 9524
5628 2536
1393 1212
5683 9721
2552 4237
510 8823
421 963
5574 3113
4442 6708
2944 4697
5129 7593
8956 5855
54 5793
6894 8722
7340 7141
8953 3887
6665 4581
6423 8059
5794 2107
7780 8346
6344 8291
7169 6766
9254 2743
9879 3697
9452 2824
8394 4581
418 7350
437 473
3143 7331
9195 484
4472 8149
4371 1138
2731 795
9197 8525
2902 6978
6871 9247
5269 4040
6013 4523
6784 5893
8220 6237
8718 6615
818 9136
3965 1255
9609 7108
8587 8804
7592 3059
6953 1964
4198 9685
2759 3396
8210 5661
374 5081
4908 5644
9122 922
167 5907
6815 8388
2144 5533
5003 2963
4669 8969
4219 4279
6077 2806
3084 3670
5866 38
5634 64
9723 8393
3461 7933
4055 3835
3014 8964
9479 2137
9886 9647
8044 6701
8036 189
2234 3040
3152 6904
2009 7371
1184 8087
178 4268
1758 6044
4307 7393
6109 4030
5787 9571
1963 9842
3406 4978
8806 2886
7116 8692
2534 5161
5394 570
5350 7628
3611 8502
4533 5621
5874 5718
3709 6053
9987 5467
2098 4294
2861 8208
8324 8648
7779 288
8490 1186
5267 7297
4072 2384
5990 6606
7545 1384
7177 2895
9013 789
1398 3546
6410 7273
9265 119
3326 9252
5587 5425
3546 8448
3633 1871
7096 1412
2160 5587
2599 7428
2884 6671
9812 8874
3278 7357
258 456
252 9271
1245 1650
2818 7655
8924 2084
7775 2250
1336 3362
7676 4883
1810 1309
6754 8906
2722 8914
4493 5321
6343 7378
1993 6155
6252 5272
3512 6511
5729 3764
5783 6974
5415 8602
4630 4339
686 2405
6590 2023
5768 4266
6906 7578
5576 3661
6484 8299
2576 978
3620 8919
8356 5614
5074 4609
887 8586
1121 6616
2351 6905
3591 7767
5508 8221
2107 6195
627 8698
8218 6395
2964 5124
3974 8541
8785 459
6840 1361
1437 461
280 9794
6075 5355
4404 6962
3942 5526
3579 6293
2432 7170
4060 7940
5392 6168
4135 6019
4866 2353
2415 7831
7478 6389
6372 6264
6848 3212
7625 8286
3673 7906
8081 9749
3262 2485
6712 7204
8012 291
3497 444
7461 7558
8384 2853
3727 2519
8873 8593
4873 1289
6424 2351
7678 2796
8615 4527
6009 6241
2813 9683
4148 894
9432 7411
3380 6145
4615 1392
6436 8113
1836 3898
5672 221
6752 9399
2740 5626
7992 7614
6915 4417
9965 4593
7214 8581
9120 3223
4823 1934
2906 8972
2828 2339
6383 6208
8484 999
7600 4921
9112 9437
8820 4785
9658 5573
4184 2399
1199 2177
13 8114
6594 9979
2708 3809
8561 1829
7032 3385
3763 9939
2358 6592
2279 8741
2801 763
9741 402
5685 8854
9839 4505
3639 9498
79 7824
1897 1278
1 1910
9393 6596
1890 2101
405 451
3931 7438
3837 7695
7377 6195
4287 9656
4937 7088
420 4678
7490 6106
3532 7330
612 7172
6828 691
4996 8725
1969 4998
636 1363
1595 2527
3464 2001
2979 7396
9440 6816
5091 6817
3011 9379
6474 7949
6467 6895
2627 3958
3002 6160
1289 3614
3333 8117
4306 8329
6843 6276
3328 7480
7639 4924
8 1104
6925 2987
8500 6365
9804 3591
3183 2816
2971 9658
765 9438
6554 3392
3397 9556
9553 4686
3171 2886
2804 7477
1216 9647
3754 4545
7128 1393
9469 7136
2497 6395
124 998
2761 9928
4590 5945
2744 7561
5604 3509
7000 2159
6902 397
1716 6456
5084 4887
9342 7888
2365 559
7536 6119
5105 4664
7513 4574
1801 10
970 1925
1009 3731
1853 5599
9677 4598
3160 5281
8107 160
7440 5010
558 9156
1466 5642
4044 809
3530 6409
1369 1066
2529 6474
5731 43
1048 7533
54 2019
9458 1063
5750 1312
6662 5427
5911 9823
709 4018
9984 8149
9029 542
7306 495
6184 1350
1305 9715
7760 2674
782 290
9148 6514
333 197
4047 387
2216 3506
1450 7967
4819 8113
3395 730
7936 4104
4749 7921
2254 3778
8463 9560
4274 4648
911 5579
4363 8671
8254 5146
8962 7403
1660 9295
7600 5707
9683 9817
9214 1133
7785 4033
9247 1180
4763 7184
5285 9512
5105 7539
3291 3569
7100 7565
8217 8011
3145 2581
6683 1399
7727 5645
8802 9387
4941 6403
5095 4624
6221 4309
5758 4006
8342 5005
5187 3106
2190 472
2619 7295
8011 5910
864 5111
3475 9082
3123 6620
1663 9806
8020 9390
5452 6823
8778 393
3227 3873
5017 9448
8183 776
3455 6526
5782 8642
9633 7972
9114 2252
5268 7126
8162 6133
2237 1637
5215 5361
8258 6878
5167 6279
6268 619
3102 5047
1013 6329
8921 6031
5778 7104
6807 9234
3631 2589
7876 3264
562 6991
5516 5830
4117 3678
1964 6355
5316 7179
1716 3575
4057 6884
9854 326
7503 2957
5373 8516
9287 4295
4547 5066
1400 1355
4300 5031
3945 2177
8296 4507
9168 3812
338 3285
7491 2302
9641 2808
9482 1357
6384 3539
8242 6238
3866 5745
9196 9240
4262 8483
3535 8810
3550 4935
166 7850
9967 4111
27 8263
8619 9195
2076 8958
2481 9568
1261 2123
2377 743
3481 8761
4282 1723
5000 8149
7469 4196
7389 1731
2680 924
542 6230
5860 708
4081 5827
4819 4108
4091 3439
3304 6167
2397 5786
5736 3658
7909 8113
4402 1391
6874 8684
3114 1874
6834 583
6071 4223
2315 8751
5148 2858
4982 1008
3566 9063
6836 8386
3172 927
1825 6476
7095 4223
2263 2831
7882 172
945 2284
1564 7820
969 4678
9695 7803
5262 5766
2027 7578
4518 7175
436 9501
8184 4002
8564 5020
2389 1736
5947 4214
8213 3043
8438 476
5875 6321
649 6820
8605 2213
4641 9575
6892 4336
7379 2154
103 9406
9732 4621
6581 168
4123 4765
4171 2687
9785 6560
4424 5733
775 2638
8777 9213
3114 4652
5534 3764
1473 4140
5977 6114
3715 2870
450 1094
5024 553
501 4757
5175 7082
4926 9298
1848 9097
1986 1634
5657 6411
7368 6433
9049 6145
5646 2163
797 1181
5928 2270
5322 1906
8385 9038
4776 8835
133 9800
9389 634
4558 4564
7717 9484
3863 9565
8582 5849
1200 4240
2260 8568
673 1309
4713 6320
3473 5511
7501 9401
7782 2824
1307 6167
1862 6084
5003 1995
5885 4392
2630 443
8956 347
9928 2820
9913 8510
8669 1113
2751 929
9681 3424
2239 4394
9744 5713
9905 7246
5115 7688
71 6423
3855 1933
2507 8858
3929 8392
3251 6559
8835 2207
6906 8764
5028 6819
7275 3697
7933 26
4627 7614
3450 6867
2008 3195
2580 1914
442 7695
9603 513
4118 3458
2446 6626
2317 6376
5018 5568
2935 3854
7776 9842
2618 2804
6662 9893
6501 4595
9919 1129
2209 3370
7996 4218
6566 577
6133 7008
8272 5736
7521 2391
9195 9968
9017 1512
6344 4036
7081 9280
7890 4857
9123 508
7661 5785
401 4163
381 321
5292 2591
3692 3289
6810 258
3866 2944
7266 2139
8681 4787
4531 7876
4756 3548
9389 1100
7585 6470
381 5475
1327 9504
5983 8989
5290 6385
3152 5672
6707 8445
8264 399
1735 5074
657 5601
8019 7923
7741 6700
2711 2272
4576 7467
5821 3966
8568 3406
436 8949
8881 1764
8454 4865
753 3745
1250 3906
9417 7958
2352 7681
8357 4087
2756 9014
9689 775
6938 7430
7475 9649
9702 2052
7116 5524
6018 5685
8930 6455
4635 7812
8219 3089
2677 8973
6834 3928
2879 6252
1886 5231
3933 244
9319 6689
9258 9008
7465 6196
6439 4940
5845 6142
6993 2962
1666 3011
8648 597
9467 3283
8410 7686
6373 1088
6660 3208
5016 9540
9460 6903
4772 3394
7148 4091
84 6406
3100 7549
2603 9539
2490 8449
5681 9483
1412 7348
2495 60
7946 1962
3344 6356
9649 9717
7444 6309
2926 2461
5849 2387
9365 621
5782 6513
4713 5866
2919 7813
3416 5522
7353 5907
3972 3034
5390 5384
383 7886
5444 8329
9848 8788
4685 9498
8506 2129
5808 1433
4591 1658
3820 3956
2280 9602
469 6993
5469 3389
4807 8886
8912 2160
4793 2884
5195 184
8268 5578
8070 3713
3908 7919
2502 8593
7418 1009
723 3226
2442 5315
4884 6262
9271 7164
5865 9741
4158 1334
3130 8965
221 2042
1125 5014
4927 6321
5199 3195
1900 3269
6909 5808
1189 9411
4402 8607
420 5126
1834 2863
441 6718
9125 9713
3883 4991
9454 8042
6326 2584
7007 6547
4627 8133
1561 9554
4454 6760
2750 6354
30 9659
2163 1220
9071 6565
9828 9492
1692 1662
2355 2133
8381 1481
1847 2265
6472 1301
307 2798
3886 7314
9345 8513
5448 907
8067 9902
7668 818
6257 7698
477 8421
8919 9549
4987 8747
9041 6679
409 1396
8813 8791
2878 660
1056 9350
1961 1363
2149 5847
8678 1494
4361 4126
2402 2429
4029 70
3247 287
7769 3725
8708 6688
3274 3695
5435 2316
375 5845
3712 9188
4636 6591
9848 5693
5941 1810
7056 8090
7658 5734
9585 2019
9861 1987
4448 3890
2057 7695
4177 9827
1421 2886
6515 4696
6582 1951
7012 6957
7797 725
6145 2434
7316 5994
8127 3257
7804 5184
1348 5462
919 934
7481 780
2921 1930
4671 4979
9626 8849
4807 1047
1735 1322
5743 8317
3274 2755
5274 1071
3480 1420
3505 796
7414 1633
4054 5218
6817 5403
681 7736
6337 8162
8517 9259
93 3188
4239 9719
2037 9046
766 3772
369 6509
2090 3643
9265 7365
4714 2746
8786 8220
3543 6200
9853 7597
1419 6670
3001 2100
4407 9338
263 2924
8598 356
6112 2837
75 8150
1884 842
1922 2253
7352 4013
5896 6617
1379 611
9363 165
8832 2907
6365 8685
504 7785
5356 3506
9886 9764
2844 149
2688 1442
506 8801
4280 582
6951 6164
1424 8874
8418 8776
2888 4315
5394 4267
4926 4758
4432 3758
7665 798
2444 8170
8583 7800
1676 8469
7565 4520
8619 253
5963 9126
9055 244
9708 6006
6409 1133
4881 4827
9909 7769
9142 5303
2037 4069
62 6469
7828 7727
7268 272
5897 5852
8073 7573
4321 5638
2094 2941
5892 8058
2067 4947
8303 1776
954 4712
2909 5835
9540 2819
3605 8682
8123 5642
2752 8185
2112 580
5912 9380
853 1810
5232 8926
9383 9554
4565 1478
2496 457
9536 4564
5405 7839
6340 6359
2552 9250
2195 2092
2069 5800
775 193
1443 3528
8378 3555
4108 4290
2936 4962
6100 8169
3889 5484
7723 8454
6962 220
8912 6499
4784 4317
4339 1125
676 6892
376 2871
8984 2445
8672 9760
2639 115
3288 1017
3670 7397
5308 6606
2359 1409
4775 6248
6893 2499
4702 3856
2720 3614
356 7504
7931 4696
8630 8608
1588 9006
1480 572
1452 152
333 4091
267 3621
5109 3938
1018 417
545 3377
1826 5321
9626 8720
7820 4328
2577 540
7943 2934
8045 5875
7630 6676
4483 9218
5683 5963
9791 7135
6116 124
1227 6383
3745 6336
321 4764
6754 867
8141 8581
6188 7768
7302 4009
2096 9879
4549 40
2813 2595
5916 444
9272 399
9662 4955
6363 9453
2091 2480
9578 3318
8863 3323
9655 9185
8088 6410
52 6229
4991 6241
3998 2293
250 6095
2173 4800
6135 4987
7395 2051
5431 6668
2451 5094
1623 8815
4548 3714
1295 4126
7033 159
7450 6689
9345 5538
3099 9397
1768 8091
5639 5766
384 5889
1861 2558
689 7997
7545 8085
48 2977
4753 2500
8071 6376
1316 2619
91 2611
6746 7124
2771 4196
3814 2116
9734 6913
1514 1503
5004 7153
7269 5389
3042 9131
7947 3731
7128 5493
1816 7177
8470 6570
9678 6541
2946 994
9161 3038
3606 5907
162 6377
104 3977
8493 9838
890 7
1342 5895
7161 8611
1284 203
7743 9232
3935 4871
4725 5752
2049 3195
2322 1727
9737 5269
2721 8898
8307 6327
4806 8470
2704 4910
2447 1198
4749 3337
1206 6091
9233 8367
4703 517
