1000 2
461 1015
7351 188
3451 9214
1532 352
3166 5077
58 5728
6042 1215
1162 8377
1540 4605
9587 2716
3812 9099
639 9995
2620 2119
3215 7998
2197 2049
7174 2659
3065 4526
2847 6516
3740 4380
6868 6907
9457 6927
2635 5499
8142 3798
3876 9682
8403 3463
2398 2216
2563 3038
2212 5183
5157 5427
3182 7354
7477 356
13 542
4882 2861
7059 8623
7241 3928
5530 6699
855 8165
2198 8997
1963 6075
8680 367
9538 1078
2584 2102
4117 4796
7285 9274
224 467
6629 7702
824 6643
8245 5707
9505 5304
4330 6747
9233 9861
3446 89
8027 5645
9087 9991
1720 7767
358 1259
8846 2942
3361 2963
7739 646
2237 7963
1114 8867
5665 1939
5511 3910
7646 5016
9215 1977
1764 8449
1838 5210
8538 9866
855 7625
9857 2576
5392 215
3835 4238
3158 7196
7201 898
7843 9439
8862 8958
8307 4527
897 3818
8438 8544
8835 7654
521 599
6103 2360
5810 4641
2226 6665
2266 2083
9241 7659
2299 3077
1897 5458
273 9099
6356 8117
8538 5218
7075 6846
9746 7973
664 8185
6517 9500
5840 7039
99 1943
9399 5909
6585 1626
2575 8852
3710 1817
6511 6009
4894 8409
1468 5168
7509 7825
3285 6048
3043 361
2894 2790
8334 3559
975 4852
3059 6816
1891 3159
8760 1291
9069 5345
2917 1644
4198 6627
3462 710
2637 8357
9120 4105
3525 6629
1930 6811
2677 4974
7172 5571
7764 5507
9130 8740
360 2189
5557 2251
5349 4317
3542 4418
9663 6460
6063 3861
3087 9525
4571 5724
7882 3691
9830 1407
321 1761
8219 2998
6735 5391
8569 4500
899 7700
3241 1259
9890 8798
3511 5239
3115 7054
9657 2778
3514 5720
6640 6601
5245 1212
2326 3128
4904 2156
4536 5225
3918 2755
8223 654
8147 6793
5154 9047
4493 8396
306 4383
7194 3818
9622 310
872 9280
3089 4386
5000 9730
987 246
942 3314
3375 5846
5470 7911
1071 9389
666 9295
43 8814
6088 5197
7861 582
3594 8168
4965 789
1986 4588
1100 2858
3869 4189
7245 8869
3920 8232
9116 4862
1547 2491
709 7017
403 1780
6407 1070
1075 6450
9884 7164
1647 7746
7746 5241
5915 2712
6031 7901
7301 7131
760 1170
1320 8006
40 5241
6239 9157
103 7786
1649 812
4804 2052
2593 1211
3122 3669
7661 3006
833 9309
753 8580
4550 6668
1292 582
4570 8594
7713 5331
9764 9034
3337 9805
4275 9576
8962 4378
7362 611
5191 2166
2663 7785
3377 5786
1454 1038
8793 2288
347 9546
868 4898
6214 2161
5480 785
755 3193
6116 519
2227 9453
325 6503
9029 9288
882 6392
9899 6073
8558 2563
3858 1936
8349 5313
2974 7142
7601 3322
6689 8469
8220 2904
630 3701
3689 1385
6895 9805
1905 9123
9259 2231
5626 8289
1519 6508
4681 1419
2582 3240
3982 6441
5176 2332
1754 8150
9475 9355
1473 6164
7825 9694
9068 8455
3395 2758
9841 291
2563 1747
9414 1823
3978 5041
112 5498
1549 4794
6917 4132
8034 900
573 3210
3232 2327
1361 2707
1683 2835
8872 9508
2529 7940
7964 5925
698 7806
6216 3262
9553 5631
5086 3532
672 5199
9030 2222
9993 5948
6354 8028
6848 6928
1239 80
9255 2600
2788 939
5436 1660
447 7965
9601 8412
3890 300
6218 106
3563 5772
5738 8649
9304 6410
3848 8335
8632 3842
4283 4987
1870 1131
1915 3109
1212 1171
5710 4000
2111 1146
5661 2559
9111 5263
971 3002
5563 7190
3109 9127
2962 8847
7776 2267
5258 1625
602 3891
5468 4886
8878 7338
6018 794
448 7230
1966 6159
1231 4077
7306 6892
6637 6417
2156 7608
9420 7719
4798 2529
6847 7761
1377 4624
28 6635
6249 631
526 1718
5517 9405
9056 1535
199 9505
8766 2166
5664 9997
6244 2970
6890 2881
9388 9046
489 8809
6766 5288
1339 3613
3049 2716
8237 3077
9352 4487
3708 9878
6205 9226
9283 5262
762 9483
4768 9528
1650 433
9526 7894
3404 6416
776 2793
5463 1266
1602 2230
6554 2941
5844 9604
5658 4082
2682 5010
8570 6391
4889 4775
5617 4173
38 6380
3657 4807
5908 5307
5240 5435
3202 8644
1851 3978
1437 7315
5245 3040
9546 1800
5982 5390
1404 1640
9472 4087
6651 8042
478 1540
2818 6096
5713 2857
2476 9370
7664 8385
4678 2904
3820 7880
1549 5672
1859 2987
2987 7105
6027 2533
8905 2009
7924 310
3650 7397
4397 301
5440 4875
1842 8259
971 7556
1116 3448
6926 8781
1833 1605
1686 5653
9486 3235
1325 1345
6223 4313
8451 2250
6847 7356
4260 4772
7666 7911
2169 2063
8213 7609
6939 55
5868 7910
7611 6985
1359 4538
5766 3192
6143 7452
8846 5629
688 172
6975 6911
4486 5426
9161 1333
2783 3422
6105 449
1333 8274
2512 9546
5884 9451
9602 1752
7362 7213
8737 8721
1752 4504
1914 7895
1956 761
3525 2644
933 501
9555 5419
5928 8717
6753 8711
2139 2858
9160 3473
1133 1673
3019 7018
1125 2622
8770 8487
9835 7508
7209 1588
2012 9124
9484 3969
9885 3009
6613 819
3511 6168
6238 9439
4885 2992
8150 7025
5850 7311
498 6984
8984 3518
4002 110
6140 2773
8598 5976
282 5807
7564 2295
4932 7049
6264 4818
58 2877
5637 3570
9046 1876
3009 3931
4868 1160
957 719
8472 1456
7703 7457
4974 1706
7567 1115
4480 6165
7092 4762
1973 4657
7057 6905
1706 3321
1724 1765
6198 7361
5335 5244
9238 8345
9176 4107
9505 134
4826 7977
1590 2530
5434 6565
4236 3001
7681 8716
9167 4773
3479 1140
9431 536
8046 1138
3857 9770
2903 56
7132 8239
5301 6371
6584 4478
478 6090
4612 5304
4067 6203
7835 9502
2768 2072
2504 450
789 1671
5224 4268
2812 4655
4804 859
5793 8662
629 8697
8719 7762
6936 4021
4133 3520
8499 4612
9610 3112
9917 3678
9316 7752
3180 2085
9824 5685
2535 613
7356 7759
4881 169
2415 9686
1028 8208
8349 1658
6905 7069
9421 3841
1090 3555
7362 9590
8167 6972
2703 8084
650 2019
5836 3831
4105 5661
9516 6640
6274 6873
4400 1155
7043 6815
842 8071
5024 9191
9730 1929
6261 9151
5771 7351
2707 3133
6942 874
106 9645
8959 757
1665 4796
4588 5770
457 4105
2411 6731
979 6811
7887 8022
3626 8729
6094 8650
7921 5824
580 4183
4976 6351
1534 7683
9485 8476
8557 9591
8122 7517
348 9787
2313 4937
5557 2770
9042 7968
9501 21
4780 7389
8044 8406
6119 4138
7057 4041
9962 7638
8224 4939
3990 9758
2622 3475
8235 1180
3067 6357
8697 3416
6144 1010
8353 1702
3781 7396
9670 3282
7418 4451
672 5462
2857 6791
9600 9915
832 9563
7554 9056
4502 1544
8815 7124
5020 7050
8305 8088
3408 7002
1504 9553
8013 9858
1255 1794
7254 926
5077 4672
5377 5749
134 8235
2540 9734
8151 3373
9297 5705
2429 3800
7250 1245
924 2270
8295 9230
358 1704
6232 1863
1257 4246
1721 2513
6040 8975
3440 1118
3647 8817
6867 3782
7053 9408
3517 5204
2781 2815
910 5210
6615 8160
6456 7540
430 4751
6770 789
6456 3003
2652 7714
7249 4373
227 3289
3349 3667
4407 6997
2485 1275
779 9538
683 4296
4743 3465
7112 5653
8676 3727
3814 5132
1267 4245
9884 8038
5034 6340
1041 7687
4054 8290
2061 4282
1580 5410
7949 5988
2408 435
7263 3187
9974 7947
7484 4717
1412 4596
371 88
8324 4185
5220 9592
8430 5104
7630 3465
1445 8672
1153 5499
6962 3214
9781 8543
8625 7731
4531 1034
8167 1795
4221 8141
9742 1706
2859 1155
6303 3230
1244 4628
7416 6464
4220 5847
1569 1851
9313 3014
523 466
8514 7486
3681 8296
6029 2307
6028 561
3341 4195
2356 7563
2336 2099
9270 5195
3254 5573
8426 4498
201 5842
963 4422
1690 2532
6273 1003
5547 6797
1470 4062
4284 5152
2358 313
7459 8386
875 801
2581 3231
8364 4918
5330 7634
114 8585
3208 8540
3083 3410
4383 4046
7832 6073
6579 4106
7077 2127
904 8548
6189 5188
3700 8548
5502 1160
6934 6377
1961 9516
9609 326
4435 4940
7960 4549
3525 1169
3090 6608
4579 7473
655 2411
3547 7235
6518 625
9363 7422
9173 5552
2610 2873
4100 8113
4033 1035
4490 5995
552 4099
6321 4988
9039 4281
9537 2565
5450 2627
9174 30
101 9830
2441 3649
7065 8960
4274 6428
6382 3447
1981 8993
6321 6082
7106 355
7118 1596
6350 7671
5696 2671
2659 4736
6953 2196
7301 2404
4824 6475
2434 4926
6305 4876
8575 3371
3836 2849
9800 218
6297 1782
9211 2618
7865 6317
2974 4983
7914 9324
2654 3610
1995 5314
8347 8949
7511 5649
1353 2335
2124 3787
7262 8430
8663 5837
1801 2500
8687 1602
2718 4984
3384 1930
7603 1249
8247 578
6233 6161
9902 8888
9772 1898
4202 8120
847 1713
3769 2201
4049 5894
5988 1311
4324 4652
7149 6126
7152 5836
7728 9871
821 1113
1801 8425
2362 49
9003 8595
6211 8906
7484 5984
805 1686
4104 1652
3399 7873
3854 7449
3767 9843
8761 8092
4495 5910
4218 1648
1747 1947
1520 2569
3060 3321
995 5423
3370 9999
4018 9582
8905 1503
5566 9710
3189 9670
1363 6589
7544 5217
4038 1311
5060 2800
9404 9556
8711 3622
1205 458
5569 2726
3028 8629
6047 4023
4052 9418
4023 8071
9000 2928
9574 4566
2639 2764
4237 4003
9353 1781
9221 3392
3093 4282
6193 2497
3839 4904
6120 5044
5363 1690
7770 8391
319 3818
2415 4372
3237 6438
2444 2238
9367 2019
6804 2007
4784 1042
6010 4137
2823 5232
7530 5917
9514 3723
8415 3353
8627 4535
8398 3991
6225 6168
2382 6545
9987 4798
918 3224
1236 3363
5462 604
5382 2267
2612 167
3309 8622
4304 6133
3854 1835
2051 3369
5559 466
6722 4187
5001 5120
8178 1227
1289 561
7772 1276
5359 8690
4501 6596
2054 9964
7200 7437
2231 9812
7604 5541
8435 1909
1675 2290
3744 3726
5659 9304
4192 2382
3491 9194
7502 1669
421 8791
2231 8193
68 7590
6884 4569
4186 8938
4533 1387
6375 6765
1199 3979
2307 9635
5889 3982
1925 9633
7708 7585
8937 1901
9967 2429
1095 7470
4099 1516
6261 6330
9710 6329
3920 6595
899 8106
5534 5433
9494 1909
2198 694
5889 4506
329 1778
8488 2255
1412 6197
9841 350
8098 9808
2779 9194
7278 6878
711 3540
3209 421
9870 7129
7016 769
5236 2550
6202 4730
4460 8401
5424 350
2907 5754
2129 1396
8009 3541
7593 7850
3892 5692
7659 6672
4887 4938
3550 5598
8479 6760
6020 8349
3890 3036
9119 9126
5587 5322
3857 48
3723 9282
399 6631
5037 2528
8027 3046
6070 5621
897 9962
1314 8557
6634 6201
3496 185
1799 1975
6945 7819
324 836
856 9444
9962 6444
4766 3820
6493 8489
3103 6892
5121 8140
9420 3148
1187 5491
8769 2085
5453 84
643 2088
6285 4139
2274 8085
6114 9220
5905 6439
56 6762
5883 18
3206 649
3839 9700
9139 6942
6592 4260
5083 6012
7409 6270
1503 6179
8356 6957
6263 8999
9046 2548
3138 1320
634 9253
540 6539
5693 596
3301 1577
615 6508
2227 4454
6208 1366
1397 2800
5627 6481
8813 3036
2752 317
9216 1108
7275 5479
107 6321
8028 3246
7641 8662
2500 8182
5202 8193
8778 8503
9771 9393
5012 1998
3848 1221
3365 5246
4022 8992
1727 2835
2029 4479
3153 1245
5587 429
6725 5695
6750 4753
8941 4392
3415 1442
2574 8618
9635 1352
7121 9407
746 2134
1405 4594
3355 4770
9840 7377
3763 1568
213 5793
6047 3367
7039 1635
3796 3764
7330 547
8517 6272
4940 1933
7714 7515
551 7350
8868 7673
6757 9614
