1000 2
2908 9083
3879 7560
2510 1337
3927 3128
3426 2856
3437 4048
4087 3592
4090 4027
4345 5380
8315 3886
6692 1364
435 2173
4504 5878
9249 280
3726 4748
9724 6634
3832 3603
4195 6342
4940 8122
9470 8367
979 2908
2415 5066
6500 6505
9093 846
1886 7409
4732 8578
8774 5167
752 3279
1045 1
3560 4771
4749 3284
1406 8582
6888 5601
4924 1829
3724 4395
196 4703
7303 2612
9770 3804
9117 8864
4651 1004
6273 9383
9583 5048
4551 335
8327 5596
336 1888
368 5086
5172 1775
3668 2060
7377 8593
3889 1101
2989 4086
5805 292
6698 5576
4097 5816
4440 8748
6820 714
8131 6403
5762 2683
6738 4090
8280 7075
5978 8648
2161 1151
424 5830
3211 7801
4424 7101
8903 7413
1187 4708
7706 7886
285 1803
3702 4725
552 522
5439 8684
6925 1202
1367 3664
5292 9647
739 1271
8296 2901
2422 8720
8732 5634
6521 3157
2735 5424
570 3923
133 8277
1809 419
80 5511
5144 633
6034 584
9317 2960
1786 684
6624 7079
331 7364
8350 8628
266 773
7348 8999
6407 3869
2156 9143
9294 2727
3066 9428
1004 4876
9847 1085
387 4992
1718 6422
5576 1036
9382 7362
1720 6007
4441 2052
3372 2792
680 3638
3565 8029
2638 9973
1898 4794
9116 1193
7522 2182
622 8526
7058 470
9612 7446
5462 1331
3868 1039
2367 3251
8401 4088
9259 2843
6141 2631
5636 6821
6270 9201
4850 8908
9174 6749
3703 8290
7943 1225
473 8566
9752 7532
9036 9365
4979 4499
696 8847
5538 3064
2099 3940
7152 1358
6783 3293
3989 2419
115 260
1621 4966
9169 796
1716 2872
9087 9660
4098 9561
8226 3851
7093 7262
3216 2072
1762 3913
920 7300
6977 3019
1240 4130
4378 8024
7423 8368
444 7539
8628 2065
2506 7797
2862 4222
670 1949
3882 4768
1510 2109
8619 8604
9371 1835
677 1133
5749 1597
8434 2726
4617 9674
6856 8995
7698 4280
7364 8143
1820 5992
209 4326
3790 3071
8548 4460
5020 2431
9229 6531
4540 7848
5136 3912
9684 5813
5046 5433
7410 3481
8160 2028
3155 5016
1023 854
9297 8388
8997 1117
4380 9206
5444 8171
2278 3992
2632 7299
6424 1861
3830 965
9710 8967
4878 9395
4780 9925
4828 2190
3406 2989
4218 6562
8006 5242
7417 7303
3630 6415
8421 8011
5622 3865
6183 7900
7858 8815
5199 4283
677 9030
5248 387
7997 127
9783 2777
52 4611
4968 3459
7601 9187
22 5607
4429 7439
2910 8060
3854 1332
6072 9476
5197 2255
7377 3056
1071 2577
7339 1748
1607 2588
2136 9605
2715 1919
2383 2768
6531 7351
6228 4132
6538 6250
9740 968
3689 2650
9029 7544
3983 5101
7021 9180
7357 4398
2236 8429
6975 9576
178 8583
2164 2315
8188 4880
4234 571
7649 766
7923 3877
4899 4462
127 4639
5430 3817
7290 4460
1361 1273
9562 8383
454 6919
2781 2691
5349 9757
2268 5527
8340 4432
7842 6529
9312 2077
7101 6961
2844 5025
839 7743
9487 966
2383 4918
4784 9674
9378 6146
948 8940
4529 1403
5860 7310
4094 1209
7068 6362
6736 5409
795 4579
1939 108
6656 9041
7070 9500
4066 7909
7244 3553
8876 9627
8471 3661
9302 7849
9807 250
6790 4336
1653 2650
1647 5748
3860 8716
2111 597
4125 2907
5176 6064
3015 1832
5105 86
1333 9171
7996 8577
2725 6873
8205 1196
534 7507
9046 341
7758 5837
4678 9412
8488 6325
5160 2348
5041 7272
2945 9167
179 8122
5232 3195
9954 337
3282 1288
9509 1278
9865 2235
8152 8070
3432 8686
5578 2478
9028 3336
8315 3706
2748 6804
31 7909
9152 5073
5182 2098
4240 5362
220 9473
8557 175
9810 1840
1463 9320
3119 1328
1556 1271
9399 4988
9957 4977
7466 8985
8314 5782
2692 1062
2586 2724
8972 1739
7797 4154
3837 2038
9516 4058
1511 8074
4233 1322
9914 5696
643 3033
7025 2199
4305 6424
7187 4262
1402 4654
3248 9716
437 5940
778 3024
8664 9751
4764 6462
3905 8601
8501 3422
2659 13
1496 6893
1335 1411
2589 1979
4445 9614
4178 8750
6039 1366
3013 7441
6021 6262
7157 6458
2202 7936
9483 867
7687 4247
7330 1592
2848 5831
5014 5508
5844 6511
2401 7180
7922 4991
9160 2368
4606 3339
1118 645
4705 4131
8086 726
393 5244
7185 2596
3180 6668
3464 867
915 794
2460 3764
6626 7475
9273 2471
3987 1675
9652 1910
6666 8812
4278 1272
2151 5396
1918 6857
9528 5
7583 9922
5249 4768
2519 8429
1437 5983
9297 2352
6778 1758
6117 3404
9234 5390
5876 3221
7066 5528
5131 3732
4340 9410
5005 6492
4806 6923
3349 4335
6929 933
4257 2178
5701 6777
608 7139
2760 9906
9492 9538
1665 5609
2943 899
1000 8819
4121 8066
4348 9253
1799 8688
8663 6805
5181 3470
3729 8530
7805 658
9463 2063
2837 5165
8840 3445
2304 1601
3352 1797
1140 5017
7406 4083
5916 8407
2903 38
6474 7251
9291 8274
5940 7955
5079 1121
1425 8808
9652 9231
9467 9116
1294 2304
4282 135
5749 6587
1737 9102
8384 2877
4119 5791
6961 36
4199 9865
74 673
7116 9366
8948 3057
7321 4028
4179 8746
2837 3831
7977 2304
2948 9272
4608 7230
9407 358
3817 1145
9460 2202
4022 3580
7993 983
3616 2192
848 3690
2866 7965
3056 1814
1022 378
5843 5201
9124 8680
9033 7102
984 1981
6375 5593
9212 5783
5952 3029
6928 5413
5231 950
8993 3225
1934 2609
5418 2783
6300 8284
749 9356
99 1771
9735 5942
6973 8860
4623 6007
5962 5607
7988 2337
1200 7200
8120 7153
230 5048
2566 5462
5999 1559
8688 7934
4168 4106
717 468
2391 1466
9825 2491
3238 9560
8434 212
8421 3057
6219 4383
8664 4208
6721 9865
1408 4842
7018 1639
9891 9584
7102 5890
1144 5790
3824 5312
9897 4542
5781 2288
6009 5607
4779 9247
5168 3213
9459 3589
6270 5679
7972 4935
9887 4694
4800 1296
9536 1819
2935 9427
1404 38
5318 2548
5828 9142
7861 5725
3685 3642
8014 9694
9249 2793
8941 4417
6007 8401
8007 2278
4080 5979
7213 3968
674 2014
5264 210
3834 8200
9638 5238
8238 4956
7787 4067
4099 5648
9793 7784
9291 7807
7479 8540
601 6421
2958 6608
4822 965
8886 8903
6945 6100
2871 7619
8114 8136
7830 1949
6336 7468
7187 4575
2425 4974
8642 6525
623 8436
4309 9914
6244 1788
8455 6845
8210 1414
3454 3032
2380 2341
1936 9325
8441 4808
6945 6556
2944 4776
8505 9281
2244 5693
3856 4670
668 2499
1195 1291
935 5505
1206 7179
7294 9661
4025 5504
1075 7479
8537 3455
9820 473
2781 8262
5281 9726
4818 8226
4502 3324
7507 6747
9018 1364
1418 9686
3863 2613
978 4799
8118 2184
1979 5412
1845 6004
916 2921
3484 9453
6377 3304
9927 9158
1567 5209
8885 6385
3436 3388
9710 944
136 8728
2308 1554
8414 6172
4167 9392
972 2286
1577 2951
7698 3423
8956 8615
6344 2440
8069 2721
5745 7997
1880 7312
3206 765
3698 6642
4154 3409
7586 4290
2137 9895
5844 552
6068 12
9945 7040
2298 1522
9992 9997
4945 8948
8613 1290
1389 6683
4012 7135
4680 5892
4448 7887
6658 8146
4530 813
1555 2117
5103 3693
2013 948
4245 8081
961 4191
5121 3259
5713 5114
3257 659
4063 1870
1950 5452
8554 5962
2588 3235
1855 7036
1122 8514
5182 5653
9327 6738
7770 4430
431 9783
5379 4677
7864 6340
8868 2986
9600 4582
8100 2857
5242 2163
4728 7192
7616 3283
3155 204
6518 5010
7240 7640
3524 2423
3293 2851
9161 1064
7282 9593
848 2662
4271 8712
9002 3140
1699 8603
7722 9799
1460 2964
1963 6189
157 9579
9472 3312
9783 5990
8323 7024
3631 1847
9447 6925
4699 8609
7990 1982
8203 8838
4644 2474
7551 3647
5615 9250
2250 3337
9050 3711
6302 1013
9900 6460
593 9373
9772 376
5363 8095
7401 8995
9943 6849
5921 4642
5458 3911
6625 3662
2749 1269
6137 301
4916 1752
9551 7166
5090 8601
877 1392
9615 778
7852 208
151 7625
585 5515
5721 7986
4511 5664
4836 432
307 294
4344 6932
3957 7093
8202 94
7395 3118
1846 6946
285 6936
5548 1163
8329 5164
1942 6182
5372 2093
3808 5958
7609 9529
3945 2120
5194 8781
2553 5502
9075 6897
2435 3033
3991 637
3127 1386
3756 4974
8333 4042
1911 3881
5206 241
9045 7148
6423 4418
9242 231
376 6851
9761 4321
8972 4956
3102 1525
458 2178
8422 2894
5212 2413
3532 8339
3799 7288
3314 2132
1331 5225
6014 6537
5466 5060
3685 1890
9479 2927
2122 9856
9779 1883
4178 8751
6839 7281
276 7298
9459 8698
193 4672
1112 3725
3011 4912
1013 6326
7045 2344
1552 3060
8882 7019
8120 2568
8909 7600
5496 1031
7456 5275
2915 1634
4027 9755
8915 4303
7054 8375
3002 7247
3047 4115
972 6059
9027 1986
2385 6072
4331 3937
9132 3213
956 7253
5781 9866
4853 1277
897 2310
6553 3813
3944 580
3568 2860
4884 622
1236 7886
7869 4283
2002 8841
343 1029
827 2728
7102 5158
6666 6235
8372 7623
3489 4153
7489 8343
5431 8387
653 1984
2200 4598
2565 5769
7458 7449
6391 8694
5336 4261
2978 7338
3102 3321
8367 3930
6050 5470
9089 2717
1706 7461
341 5195
1615 7831
3538 7047
6218 4192
9032 8419
8790 1597
4188 6249
9047 580
4944 4383
4841 7923
1721 7944
1244 89
1875 7295
5560 964
12 7266
8426 354
2462 42
8185 6000
7090 4403
193 6122
2823 8984
7720 7012
5233 6767
7592 178
1150 2434
8101 2872
379 9346
2962 2254
6642 8522
3219 6655
5789 1646
7009 8251
1688 5194
4252 8778
9598 4445
4901 2421
3429 2621
9434 8663
9389 7027
8842 540
9461 6944
3412 9840
6290 6375
2095 2933
4897 5314
9588 687
6960 6597
8938 8649
1791 3190
7427 1389
7636 2329
3811 1066
4950 3245
9730 4340
272 8572
4880 9734
5516 8292
9574 1807
4668 1670
4740 9566
6984 4329
253 3945
926 9191
2594 2718
2382 22
4108 19
2351 7919
1085 7302
1165 815
1642 1437
9388 6522
1172 4905
4815 747
6712 9483
2417 1453
9050 9402
5782 9303
3347 6709
8494 5941
9427 877
5963 3536
896 8315
1456 1981
5618 2621
2797 7260
4059 2186
3783 5231
7091 8599
5978 3804
8083 8396
5257 7133
7798 1040
6436 1145
7750 4931
7086 7178
5808 3050
714 6705
1366 2170
8687 6984
4792 1484
4244 8851
3670 8028
4083 762
6627 62
4566 4710
8458 9824
1844 6256
864 8280
7401 8614
3212 4488
5792 9020
7539 6507
5726 8906
8677 4413
5890 3469
5898 135
2321 9568
8163 6404
331 4791
6466 4897
9502 4925
4721 1346
1181 5586
9627 8583
4201 2839
3072 9994
1859 611
6501 7586
9517 5179
1999 5408
8649 7897
5543 971
7466 3707
7375 7797
8498 3842
2694 8000
8767 7416
9347 9949
3003 8974
8532 7204
1813 1604
7199 3673
2216 3701
1259 1733
8880 3258
7141 7530
1155 2685
8501 8622
6392 5877
6419 4890
9720 9114
2891 8487
6531 2238
8437 9534
1213 6969
6739 3026
8574 3938
6699 790
7639 7959
2524 6520
1217 9666
4050 2373
2351 2551
996 8744
8429 7415
3634 8149
6530 6526
6636 3061
8765 5074
2596 9978
2043 9335
3005 617
3274 9705
1408 913
7664 3932
7433 8882
3598 1484
1256 5950
4035 2252
4694 2465
9667 8329
614 6198
4856 7251
9260 3621
2325 1856
3600 4368
1192 6606
4986 4466
6311 6395
5379 3976
327 2813
2858 3926
4297 4114
9876 8333
6366 4571
798 6034
2900 1412
2232 7756
8663 1492
1378 988
3349 4979
5357 4541
