1000 2
2821 5143
2869 3912
4736 7329
4256 8592
3894 927
4123 9924
7971 1016
5172 1009
7628 3062
1321 3615
6690 6320
9329 3048
5954 3407
4383 6059
2162 6060
7049 4983
1203 9919
8895 5940
7249 3152
4532 1143
4079 8655
1067 2050
9672 6240
3060 7300
9302 4382
916 5992
702 246
9041 6656
3653 3425
2715 5815
9485 9765
799 689
9685 9694
6629 6934
2847 1161
8078 6926
9817 9146
8977 9489
5386 2037
6790 4688
6419 7706
681 7122
7953 9722
3778 1606
3147 6494
7421 2633
6260 8220
3322 5946
7915 9952
2881 762
1114 959
7689 931
105 6666
421 5492
8704 7211
180 5123
4918 861
2246 2871
584 6025
4477 3732
2520 1899
6365 8780
120 9688
4727 8036
9641 7608
8799 755
8568 6488
1687 8673
3155 2108
4165 1859
9319 4346
6983 4238
5208 9229
7109 5793
5254 1587
9525 7774
3486 5891
6555 3607
5580 1283
1643 5221
8891 442
5977 7459
6931 7664
6133 87
9772 299
1947 9092
4646 8930
3330 9855
8160 440
5648 3415
2027 5173
1190 5514
1065 7746
9121 6645
9029 765
1867 7921
1208 7844
5380 8139
5509 1514
8227 5281
1813 174
4374 6460
9105 7704
6315 7265
8145 1963
681 173
7137 1871
5687 8203
9618 4809
4848 8647
5575 6716
6568 6783
4560 1949
4923 69
3464 3150
5351 5277
3324 9725
1738 2429
7430 8053
9695 5576
17 376
5749 7154
2248 1436
5357 1866
6246 206
514 1821
6922 7083
8605 1483
9032 3528
1553 2497
6679 6905
7774 4
6630 9513
2433 4061
7566 2129
9637 7583
2506 5386
4738 4754
6823 96
6621 3070
302 7136
4891 7225
4219 3497
8708 3252
7025 262
5749 3704
7167 3524
3708 3797
3037 6142
7859 604
8272 7496
8187 778
2883 2926
5533 9707
3022 2155
2777 3324
9291 7669
549 3510
1166 9258
6762 8191
9520 2512
1896 6687
6036 5605
485 9074
1748 8344
9678 20
5841 7865
799 8725
791 6333
8432 3813
8488 1209
7138 7779
8878 7688
1290 45
6946 8053
8237 6466
565 133
3153 6601
5739 3639
5676 7488
1983 5354
7508 7825
3220 8308
6550 4011
4641 4982
7825 3129
6192 4964
909 5071
2652 2199
5116 9598
252 3353
6065 817
3487 9219
7419 9227
2858 3095
6715 4842
8450 4224
2667 1670
2532 9218
5682 7174
4200 3507
304 393
8472 1213
5465 1124
3413 582
723 3665
3935 6788
4483 7423
6008 1903
6650 8866
4999 3365
3709 3449
7589 6376
5119 122
5595 801
7296 9795
4309 7600
189 2781
8814 5654
3906 2227
6237 4629
5892 172
1418 376
7596 7426
2279 4247
6293 7278
7612 3
728 5202
6379 5847
5324 1974
6649 2621
1770 958
222 1960
3740 9036
7615 7646
1263 3852
2276 7156
4025 3694
7532 1621
1121 9811
5869 7415
7090 3481
7418 7818
8684 3798
3666 4009
5773 315
6630 7544
1273 6852
9504 5013
5889 7120
2660 7152
972 4936
4308 4998
8631 1841
6620 9752
1653 2489
7168 8743
5971 4586
6562 4655
8385 228
8664 4158
543 5295
1702 1817
2147 1207
6830 8036
8328 9491
5189 9300
4427 9498
4299 3058
1339 919
2811 2992
3408 9979
1736 9379
4566 8298
4035 2951
8526 2699
7110 9070
7994 8813
887 142
21 7718
8179 8349
7209 3368
7650 1636
2866 1949
4695 4205
2868 7506
7198 6277
7486 8934
5657 2053
7232 9692
5005 5759
2392 2115
4829 386
929 5717
529 950
3435 8708
9299 644
2076 6949
2280 4943
8899 6976
9149 1768
4482 6347
8045 1969
5282 3703
4022 2515
3395 9027
8274 5788
1142 3104
6174 2072
8821 6704
3022 2257
5412 2321
2901 7489
9271 5182
2433 8170
2158 1582
9938 6641
7930 7984
8610 3213
1687 2632
5728 5083
1660 4003
871 2803
7107 7046
4875 5929
3750 7897
8186 9163
219 1088
6653 9490
6270 9086
7661 8429
669 7600
5070 8600
5584 3680
1813 7272
6313 7541
2356 7973
1545 3228
776 8653
274 5652
4582 4025
3549 2769
3189 3769
3857 9842
3260 128
8928 921
8557 9597
8522 3627
8197 4107
7308 11
1379 3622
7553 3736
1595 9098
6964 2372
7751 7239
8025 2334
1265 1574
5103 4454
5344 8961
4296 8604
9089 3225
9525 7646
2823 8047
1273 1021
2154 8582
1032 3534
2204 8585
7270 3800
7684 4235
6173 5435
1474 4198
7769 2739
5773 2872
7193 1117
1833 1490
9721 923
4716 9247
8569 7539
7295 9843
8561 9449
8425 9594
2984 630
8180 255
4430 5864
4490 604
1299 5964
4802 9069
8703 576
1942 5897
1693 3776
7388 1415
4699 2104
662 3268
9644 7957
3112 8205
7407 1537
7799 392
2168 5980
647 6599
1844 5137
7203 3144
1102 2006
2213 9806
2582 4155
5703 4275
7931 3091
5691 2631
5196 6353
5900 4840
4311 9012
3046 1718
550 845
2110 2718
6826 2758
9317 8670
7896 6520
1814 8998
8526 4028
8804 1109
8184 4508
5384 6116
7600 1076
8747 2796
7429 4647
7636 1740
3659 682
3459 4209
1528 5570
6928 8354
8328 6245
7025 6224
2766 8839
5223 1293
2868 4027
2402 1052
8535 7787
7168 6135
8863 5915
8932 6292
563 6568
8033 4222
7251 1492
8432 8779
7063 5360
7134 5392
1605 4159
1616 4372
2998 6839
5665 5867
867 8067
6919 9403
5854 4087
5539 4717
3 4471
1010 566
1039 9043
4789 8291
536 3221
7070 7600
8581 4204
2992 187
8363 4609
4559 1362
1448 225
7229 2316
8292 4149
1719 4147
8236 7259
8865 8240
1730 9875
8806 2770
8919 3595
1061 9456
6817 8132
7056 5398
2337 49
5586 700
4658 146
2063 6107
371 9293
8423 8664
3442 143
2812 1679
7403 1677
9919 9133
1553 8726
1904 472
2322 2966
9929 9139
1098 6986
4537 3435
7035 124
4136 1693
270 6200
7800 642
5493 6224
9306 8935
6367 2118
615 3770
3795 534
2904 5349
9260 4809
5821 1583
7775 5750
722 8874
2736 5259
2310 9772
5384 6446
1465 5654
2647 9265
6296 8140
5489 5603
7076 1857
7721 7691
5628 1517
8226 8532
6866 7487
3341 2688
9070 1117
8439 9792
9991 1176
5052 2301
948 436
8748 2413
6091 1395
1679 2387
9536 7169
7990 6612
9026 5712
4304 4655
7230 2531
3188 4096
18 6529
6785 9089
7647 5224
8882 7638
6400 3934
9940 7349
4371 8688
9762 462
84 1442
2850 9620
8611 841
6233 7638
6553 538
2293 3783
3069 5481
7880 3088
2011 4666
2177 9658
9890 1060
7297 6291
4994 7237
3641 9366
5926 3404
9829 6010
4846 2679
5631 3458
3520 1864
1096 73
2402 3390
3857 5471
8872 1738
8559 883
6404 737
542 6295
1797 7840
2586 6792
5077 6227
6159 1004
9632 5988
7014 4478
8667 2645
7936 2187
4510 9033
2261 6912
2423 6119
2384 1295
7857 944
2179 4261
1681 2722
556 3479
562 3143
272 5640
9371 6431
6644 9003
2419 3659
3482 1087
6305 1418
3275 815
452 5537
7727 2875
1656 111
4171 9514
1056 6351
3775 2737
9073 4332
6217 9636
7476 6489
5276 6848
2921 1921
5852 5341
5580 9334
6429 1885
753 9704
2701 1205
5241 429
4081 6898
541 8253
6412 1597
4604 188
4334 3678
4521 552
3315 1997
7042 8591
8846 9964
512 4698
5305 6093
4033 1734
7979 4786
1439 680
5992 6680
1109 74
3579 1650
8327 9991
3247 2932
179 7582
6611 4701
8134 9926
6698 5177
8518 5545
5141 9031
243 446
5124 4276
2181 3104
9063 3620
3784 5056
301 4894
5130 3880
6544 3457
3871 9792
6390 4051
7374 3001
8752 5509
2928 5451
686 1446
996 5827
478 1240
6274 5603
5517 8456
8707 4580
2076 2491
9637 2377
7386 4767
6258 3930
8224 130
3722 4615
4181 1097
7617 2934
6606 545
8385 7292
1992 9382
3120 2470
622 9395
8074 6140
7851 6781
721 9928
9273 358
2306 6659
5125 8564
590 3350
8694 4312
7965 2876
5409 5582
5810 2016
6128 4195
9308 8121
3578 2429
592 4201
1824 8666
341 9676
5448 1062
9604 4721
1420 1911
1381 6546
475 1971
9896 9170
6284 7862
2046 1694
3445 7856
3710 9574
2052 3019
7695 5630
5449 8288
9832 7274
6954 173
6950 2402
1236 6555
7124 2657
8466 8506
9203 8942
477 9100
8112 6762
6962 158
8456 408
8015 2166
9982 67
5186 7677
5698 635
5965 5530
7909 2920
5704 4860
5323 6940
1415 2447
9597 9882
953 8801
8824 1431
7901 6936
8193 4864
7094 6650
5272 5109
8816 5254
5177 4003
2932 876
4638 8898
6406 2548
1819 2111
7408 7142
9051 8824
9590 8649
8706 544
7450 7530
1975 5352
4466 169
217 1561
6819 5489
6671 5636
744 1848
9639 3677
2724 4278
2575 9131
6826 4394
1242 4235
1537 294
3059 1127
8943 1765
1672 6394
9296 3648
1747 3762
3817 1964
5324 637
7453 1995
6273 8198
3843 5913
1875 6568
191 4450
5699 7018
8845 6941
1254 383
7235 4313
1511 6179
6079 3183
2573 5375
6831 4320
9138 648
6285 4463
1285 3738
6458 7559
1936 301
3472 3811
6870 3664
8262 2569
683 7108
9511 1937
7491 6747
6250 9002
2926 2330
2186 5500
7706 9017
9821 6845
9665 6106
1308 951
9845 7766
8511 1782
8068 1984
5594 4938
5648 3856
7508 6331
965 7019
8269 8457
3767 4519
7460 6694
6850 9646
2194 4556
8663 2016
1401 8329
8123 2709
9281 7968
476 7792
9750 8544
9776 5344
3483 5425
9201 991
1757 167
8011 26
8624 1778
4546 6084
8472 1396
5731 667
5953 4394
2683 7355
2724 806
65 2005
8775 541
9798 8525
9086 9575
3870 2569
5000 3072
3561 6758
3239 1572
6784 1863
3351 1330
7948 1824
2727 3679
2491 8681
8073 5175
6036 797
5982 6101
2803 4757
6642 2601
3283 5728
2176 7154
8298 7177
226 1859
3935 3465
3432 719
5329 6783
2050 3277
8608 4778
6957 1099
3459 5030
6275 9495
5828 2257
5596 8632
7015 2239
1233 299
7968 3410
7453 6266
587 7680
8125 4522
1146 1558
5242 6475
8341 7292
9753 6949
2071 6710
8049 5530
1741 4325
5026 7570
6583 622
6202 3598
2862 7436
3898 830
846 1352
7096 1433
9032 5222
5955 178
6781 1197
6654 5122
8490 6407
2072 561
3118 122
6092 4859
4447 1118
2429 1030
1741 8631
4629 4603
6067 8527
5434 6914
9879 2531
8347 8912
7754 4302
9091 4535
5500 5745
9658 3990
2153 1730
4552 5271
1853 644
131 6301
1763 2560
7331 3504
1192 1961
8108 7260
488 3542
4174 368
6073 2521
9281 3827
6824 8373
8362 2325
4119 8020
6316 6272
9751 868
1544 1605
1513 1675
7906 3277
4236 5238
6781 5428
7199 4890
2689 7688
8432 6863
8057 4506
9385 7338
8334 6210
5711 6697
8535 9831
4717 4851
6103 4469
5720 7648
6075 7234
9323 3981
511 3560
9220 7292
8988 6419
2183 1677
4108 615
8541 2165
5122 7926
9504 3456
4137 5216
153 2672
5047 4871
7524 1151
9341 3244
8799 5416
478 8123
9398 989
1683 8618
8282 672
5038 465
2350 9146
1081 891
1312 6204
8818 817
9660 2955
6033 9814
5628 1081
4686 3152
2232 4027
6396 1032
9444 6875
9155 8842
7865 839
7461 6147
1511 2500
6613 3862
1647 7695
4754 2959
3899 3572
3776 3560
6528 9810
3375 2157
891 8061
5309 3124
2089 1706
4156 1533
8581 3312
376 6446
4151 7838
2594 5663
338 9208
9525 1985
6903 4280
4944 803
7852 8721
4364 4381
8531 7739
6538 9422
5801 1848
2546 7890
3554 6703
9424 2135
15 9800
8582 4167
7638 1176
9831 7976
384 9357
9962 7288
3637 4907
8092 1490
3628 2456
5871 2159
196 2410
1582 5998
4258 4129
3888 7813
832 3313
9949 848
3113 8531
5015 752
9708 4846
8728 93
