1000 2
1014 3009
4426 413
9478 4502
6801 4143
6673 4871
1831 1673
2966 3913
9387 2682
8109 2807
2169 7133
1488 9330
850 2156
1193 8590
5496 1513
8557 909
4891 9571
3919 9318
9985 3397
3820 6787
7540 494
1658 9372
2167 4625
3285 1554
7308 1395
4362 9477
8529 5850
8807 9379
8007 1
7970 3503
1515 6528
4413 6407
6100 8332
5725 6085
1729 9545
2872 9270
39 4531
8642 2206
9156 1928
3761 6464
3323 8123
5942 1852
3974 4750
1232 1982
4751 9202
5485 6267
5731 9899
2674 1831
8231 8399
7916 9960
7944 789
9230 7983
5320 7873
190 4477
9801 3951
942 3125
2075 6885
4978 6049
1635 6210
8032 6387
5413 3518
2654 1144
3417 5328
2976 1648
3727 892
1608 1671
1682 839
9655 7003
8712 9846
1480 8514
3797 2423
1639 5873
9308 6617
1923 944
2828 9955
7331 8241
3473 9985
9386 6890
5314 2362
8538 9041
3255 147
713 4937
987 369
1940 9699
215 3421
8214 4013
5844 9853
9887 5153
6470 1810
6097 9298
1765 3429
7540 5239
3415 6927
2129 8729
9290 668
7771 2545
816 8485
7483 1803
8855 9423
1503 9070
2845 9717
3084 8689
9570 2971
3843 6041
4782 9941
5339 6547
3370 2880
1786 6786
9807 3916
5515 9098
4585 3287
1643 5401
1773 9126
7204 628
8550 8707
9698 1395
8424 2783
85 7995
5755 3929
4036 537
3870 9376
7084 7241
2257 8871
4027 2065
2788 9543
1163 7373
2831 2807
2774 4604
1933 9979
5232 484
8687 4931
1879 7112
7714 1965
5107 3469
5894 9144
4006 9764
8521 1091
7005 778
9963 1033
2844 2752
577 4007
126 3408
6814 2901
8012 8748
2880 3244
9232 1567
8175 1112
8679 5890
3077 3787
9360 8971
2932 3367
8735 1453
4459 5741
2232 4423
6775 5076
7175 7352
9084 7301
760 5898
203 8773
4647 3084
2018 3879
4651 194
4991 3331
6084 8068
7119 5444
7039 51
8812 5775
1505 3271
1517 3737
7694 8292
8814 4869
5645 7898
2171 6406
3797 2375
5179 8444
5459 7198
2324 110
7392 7315
3442 3476
5384 562
8921 2423
614 7733
8199 2119
1004 9717
5857 8699
8009 4672
3569 3655
2571 5740
61 6368
8115 5241
4813 3574
2439 7137
3685 9831
4452 7128
3308 9837
7691 2230
2261 8305
9963 460
425 968
177 6282
9667 8187
955 3236
1843 3526
8977 1905
9895 7093
7146 4708
668 9586
1846 4354
9418 6298
1483 2727
6136 9174
4957 8397
7480 4921
8857 7905
5890 9035
4188 5558
7223 5143
8794 9066
8669 7772
971 8564
4866 8118
3273 5534
7705 5119
9889 7124
1418 1372
9851 7554
547 4808
5951 8027
9730 4809
5932 5620
3845 120
1178 1068
5263 9973
135 3933
7746 1107
2498 2612
9226 5771
8147 6931
890 8036
4056 2309
9409 3907
9863 9956
8716 5815
7984 8446
624 3917
4067 4469
4037 5245
5538 9301
5219 5674
3235 2965
6781 5733
5577 6008
1504 3725
2940 2395
1761 6996
4704 1171
903 4568
1128 9620
383 9112
8067 1008
3029 2134
5478 7067
7380 1016
6368 2599
6691 9603
5565 3473
5337 1142
9481 6841
4868 2421
9237 6629
9418 3942
7801 322
8510 8929
9942 8893
8041 8009
9902 1071
144 5380
8138 7524
6397 4507
124 3088
4111 5689
6561 9448
6832 6043
6290 1700
8464 5527
8330 7882
9469 6131
8204 7980
5060 8147
6873 3102
6157 6775
4173 6301
2156 2312
3825 8553
6820 3949
1641 931
9638 8203
380 6471
4246 6670
8171 2711
2198 6501
594 1668
2632 8799
9648 7692
6946 6522
795 3103
3298 4968
9404 5454
7281 3230
4008 4101
7180 5650
5033 6819
3853 5413
3290 8100
2084 1461
811 4282
7962 1406
5951 595
205 5599
8288 7152
2122 9083
255 5420
4052 9660
875 1334
2891 4883
5435 71
533 468
6891 4387
5882 181
2488 7966
1643 3300
2249 9606
4706 8200
201 4911
3800 8490
2063 5922
7573 2319
1342 1626
1980 2218
2960 4871
7101 8396
4943 7635
8864 1834
2023 4746
2016 4511
2713 3659
7811 4962
3266 2517
3162 3467
7429 6962
1958 9493
2884 9532
1813 4227
1158 3793
6445 4119
8665 3547
2515 3609
1183 1380
5444 3206
6127 7461
7718 8840
1120 5530
3803 4387
8048 6965
7855 5477
3927 9813
4971 6812
9345 6784
1040 504
578 7485
4623 9244
1033 7139
2853 2216
8520 8298
5423 4647
5759 3142
3488 6880
8672 7291
1267 6720
4257 9122
2197 8185
8935 7169
4997 8281
3953 6038
8785 4532
3524 3409
3776 4557
548 6629
6774 9068
4928 2198
3716 687
5340 7205
7567 4012
4497 8834
732 8755
7957 2930
6940 6893
99 1938
5174 4053
7976 3959
8585 1500
7368 2361
6058 7917
8991 2832
6986 3919
5030 703
4607 371
7909 2174
4383 2406
1009 5116
1161 8966
8047 8102
5859 8147
40 1034
2200 8017
4994 786
9517 2363
3148 5576
280 2140
8408 7267
6059 3439
7970 667
3810 5879
2841 8194
8286 3851
3311 9448
2818 1358
7551 8678
9505 7591
9712 1706
5609 4706
2493 5127
7069 5641
703 7350
7781 9112
4617 3841
2551 2588
4508 6362
8468 7350
4557 6755
1202 7868
6203 4020
9226 3754
2698 8732
1346 2411
439 6955
7118 2932
2082 4187
8574 2786
1538 6356
1898 6156
198 4450
8744 4707
812 7212
2057 5369
3967 3260
3237 171
7280 2464
3926 9979
1197 5272
2391 1637
2228 9509
4570 4311
3697 3144
7097 5235
9500 8996
1391 9699
3446 136
4406 4258
7349 6464
9628 1317
9724 2866
1488 7004
5330 5414
6984 6528
687 9375
8165 2916
8884 2735
7227 2581
5880 4325
7817 5381
3321 9209
5080 6768
9345 9486
1027 6694
5950 655
8011 5675
3521 9500
2679 8852
4915 9664
5381 5602
9039 3546
8519 7924
6282 5746
506 2162
72 8324
7544 3394
7533 2624
162 6878
2111 1189
3573 8062
1845 1584
3737 5367
1085 6417
4219 6000
6081 9601
1603 5121
3147 122
3046 9430
5869 3552
1593 5942
1876 9137
9336 9410
1762 9499
6288 3873
689 9862
1935 2534
1447 5672
7902 2532
2089 2122
8532 8171
1723 136
3293 4871
259 6339
4301 6128
9892 5894
2071 1769
5032 1407
1179 6794
907 7468
668 1596
7330 2603
4131 8777
8276 2033
1309 366
4155 9842
8538 5879
9978 1831
750 238
8170 5051
6367 8062
946 8438
9831 5978
9846 1010
2773 753
8479 3441
2350 5809
6045 6482
4586 4322
8516 5896
4689 2672
5738 3227
8551 5717
5058 9301
5955 3229
4352 2322
1291 5299
761 1123
1278 607
2134 4051
1361 613
7493 3711
6422 3539
194 1009
7861 8710
6905 2551
1382 2643
5778 9933
8361 837
9234 4316
4066 3587
6639 5358
8887 7401
6481 165
8008 8615
4217 9370
9229 1710
3082 5651
5250 3276
6660 3112
1986 3566
5663 3369
6209 1442
3303 4570
2279 2537
8887 6345
6125 5527
1703 5012
2928 8185
5178 937
6800 9395
307 6029
1105 3389
1681 6355
6666 8342
9467 8653
1908 5131
2022 8118
6573 5325
2689 8852
7863 1577
5198 3989
7105 6901
9002 34
5086 4180
971 1887
3575 1279
7917 4681
4669 9599
1036 1336
7942 504
9989 9851
5635 2011
7969 2208
7337 659
1061 5200
2237 6259
9189 9342
3161 8191
9376 8248
2371 348
136 5947
1628 8053
628 6297
7653 1665
7633 5595
2169 7622
5447 7805
9634 3417
13 6971
4076 1075
2172 6313
7334 1362
5656 495
9554 5032
8743 1925
5381 8879
7873 7009
6933 8501
3306 4587
166 940
183 2336
8563 5630
141 8198
9047 155
5170 3124
1230 7342
9438 8564
8704 5094
9060 8258
127 7804
184 5508
6684 8057
2517 3617
6559 5824
8205 6725
6764 8388
9061 5328
4018 9202
3526 3066
9358 8697
6190 588
6039 5628
9152 4744
722 8213
3002 850
6017 3187
6358 2701
1245 8875
6319 7804
4699 4524
4530 1464
2912 3591
6793 6930
2794 320
9996 2152
9017 6187
2741 5057
1815 1894
9801 2538
107 2804
3388 6124
5991 9747
8826 7236
8622 5145
5041 3322
9669 9571
4787 2582
3163 1581
9513 5958
1902 9510
8111 919
5697 852
5976 7513
2746 5778
52 2853
8582 3440
8978 4573
3188 7804
1810 1810
2949 6852
5133 2619
6423 9921
5201 9587
1502 4714
5545 3404
4224 3656
4324 9922
4509 301
7435 7255
6079 7487
109 4661
928 9087
9235 4116
6891 1046
5927 9841
7898 1060
2460 4322
982 7661
3910 2485
2376 9455
5890 6601
3112 214
6523 7621
516 3958
4877 6595
1445 4986
1257 2373
4073 493
6490 965
1540 2417
806 9439
3478 3266
3761 4460
928 7671
6945 3304
7127 2835
9905 240
3050 6429
7862 3566
387 2739
162 1833
7726 1419
4207 1800
1913 697
2765 3453
3114 3571
2892 6592
6838 6654
1053 7767
4326 7998
1072 1454
834 978
1694 3884
7407 9556
7450 7794
2296 7612
9627 22
9032 3835
1823 945
4532 4588
4399 7646
8160 7291
4239 4998
3946 5292
2765 8272
3291 3837
9726 4125
4815 1421
8009 2223
978 5460
17 3274
3073 9645
3297 2105
3480 5120
3051 8012
9709 7450
5659 7869
4742 9899
2867 8688
5191 5633
6961 8483
9471 6687
2608 4287
8109 618
6510 9087
6078 6527
2362 9151
6173 5659
1257 9653
780 4308
7666 489
1758 3326
8358 6501
3225 1226
5189 8417
6859 2150
6900 6330
8838 9508
617 6947
126 7128
6035 6205
3655 8397
5356 9828
4056 6614
9482 4837
922 7148
5326 2681
475 3685
9182 3700
4911 4372
2117 1770
6523 9018
8101 5362
8526 8719
2310 8653
5847 8345
4858 9503
6742 215
9332 799
6829 8814
5636 7752
5963 963
433 6438
4648 9616
139 9559
3988 2257
1330 512
1275 9431
5874 9802
8151 8184
8456 3999
6529 3315
3502 3272
3530 2834
4071 360
1649 9708
8112 7613
671 8546
4052 5319
8162 4191
4879 2151
6449 6209
2663 7724
5641 8538
7527 3793
6722 5983
7792 3252
9298 1294
6524 2829
4129 596
3189 5778
304 1301
3392 976
9847 7444
6296 8010
1635 1175
161 8084
7385 2825
5809 3027
1364 3336
6820 8086
9320 4612
1339 8618
5907 7864
1448 36
8460 4637
5815 8765
5939 9207
9741 5786
6651 6037
3797 8287
7213 3959
6372 4598
6785 2182
7625 8149
5518 4446
6236 4839
9058 7575
3458 4966
5439 4906
5002 3900
9543 818
2665 5482
25 2406
1269 6677
8444 5066
4965 5658
9025 1337
256 5810
3519 7882
3960 9038
2329 196
3877 1388
7771 7335
6354 3211
2241 1357
7111 1785
2175 9777
7267 2201
2184 8537
8878 628
3603 3843
6287 2629
5181 6543
8440 8700
4426 2400
7739 6755
2596 1616
8143 368
8952 4498
3580 1194
5855 692
2979 8031
469 247
232 2653
8784 9111
3282 2388
2955 9569
5018 8136
6113 3458
6837 540
5858 4576
7296 8455
6193 5440
8824 5146
9938 2404
6341 5793
3097 9320
3824 3566
9568 4057
6220 8353
3168 9503
742 6123
9073 5760
4260 5187
9218 1098
5728 5077
5674 3024
3533 1868
8465 2357
7015 8403
4762 3356
4197 7859
2677 8022
1426 2245
2079 7647
599 5248
7151 1341
1372 6224
7101 5633
1412 6320
6731 7140
1398 2406
165 4931
4274 8630
7289 1289
7034 2052
4646 1232
9912 7323
9254 1338
9569 1334
8986 168
6583 6137
1509 7955
2362 8611
3588 3774
4931 320
915 6329
2726 1081
1261 7000
9711 8550
8290 6746
603 2937
7978 515
260 7233
1854 9829
8567 840
9997 5151
6978 1507
3107 9340
118 6696
3115 5050
7016 4030
1380 9742
5112 2641
6743 4823
1192 5034
1570 1795
7971 9548
2310 8232
6781 4165
8061 5349
5005 8059
500 1983
9567 3608
1324 9686
304 4439
4736 7320
8470 6116
7062 3582
