1000 2
1975 3778
5304 6866
2836 6972
8172 239
7417 940
2061 6523
8334 9151
940 4352
3995 7335
4820 2404
3354 972
814 3416
5971 1657
7716 321
4371 247
3837 6346
4025 9141
3213 6862
6113 1386
7102 3531
2326 9163
54 661
8315 994
5014 2310
8330 9835
4715 1685
807 5529
5101 6778
7186 2818
7099 1557
3066 936
7904 7092
78 1117
3954 6191
2503 1057
9722 4830
220 9777
5491 8536
771 505
846 9101
341 5561
786 1149
1091 5888
7927 8277
8706 5027
9834 1772
5964 7739
8864 6042
8856 2819
2234 1360
3876 1957
6190 4097
1734 1681
2633 2506
2187 3480
1608 2528
9041 2395
3677 132
8283 1605
8410 6990
6633 8245
8763 2598
5984 7628
8641 4841
447 876
6201 4324
2833 2391
8421 4568
4072 1054
7075 6260
4534 8683
8789 3576
1079 2466
3709 9363
4072 2120
6353 706
365 5116
3304 6349
2744 1945
1190 3192
2821 7391
7516 5655
9783 5937
224 3856
6992 7299
116 1527
5983 8905
5104 7062
1372 8813
6425 5445
933 2779
6151 1299
7896 9456
7648 641
1402 8839
3833 4224
6231 1350
9880 6014
7288 104
9870 4280
7404 9987
5808 3387
8893 912
450 265
9725 6876
5711 659
9656 1863
1958 7552
1319 9607
8194 2721
8446 2028
6946 4678
3378 6826
693 666
6930 563
4947 4334
551 755
7722 9444
1667 8173
9710 1393
5050 5422
2053 4706
7285 4012
2259 8604
3619 453
1326 2066
2481 8272
6744 5859
5098 7437
6526 2029
8001 1474
6363 8553
2230 4086
7998 3898
2260 7708
5292 7310
3130 7345
2016 415
1357 4275
9020 4977
4728 346
7043 7210
8619 3788
3070 3717
1226 9596
5746 9228
1071 2110
7781 3301
6197 5779
7199 8457
3488 2491
5767 6619
9837 7784
7034 1194
2060 6055
6172 6788
6402 3215
3999 5021
7003 7069
8739 8230
6665 4486
7458 7737
6597 5239
1038 2794
1019 8238
1252 4507
730 7020
1126 567
4804 8161
1762 6865
4216 7934
3653 619
1150 7653
5640 8154
4722 4379
6384 1387
8866 3842
9125 5463
9082 163
8258 101
8402 9510
4608 9132
6531 5735
9700 1336
3897 1463
8201 8114
9397 1855
8733 548
9508 4374
8702 4230
8754 5086
5618 7620
8929 4743
3083 8011
4906 1341
8112 3308
852 2721
2441 7383
8457 2141
8719 2354
3604 6920
468 3002
8775 9201
3551 8283
3575 2253
2514 2329
7340 8132
9950 6269
2875 3033
4280 7782
4375 2393
1091 5227
5114 3532
2611 3571
5674 1330
5926 9279
8251 6394
2282 7026
5596 5833
5310 9172
8086 7824
1502 5426
5957 1452
1696 8832
4485 5976
6614 8861
8369 7706
4088 3484
1238 6699
7055 6913
8030 2981
6192 6281
9376 8475
3308 4972
4308 8619
4145 2395
6443 5647
7822 2401
7099 9518
1233 1585
5495 7848
446 3864
5554 4535
7348 6793
1235 4404
3707 9265
7386 9900
5547 6762
8375 8855
1735 2684
7474 5880
5079 3918
1527 2902
6319 8627
2420 7553
213 7915
5402 660
1780 957
5195 9129
7751 6431
3533 1458
5697 920
1359 1244
7683 9734
100 9418
2419 7574
5299 7498
1493 6827
400 7813
5454 2821
5367 5668
737 769
6328 2517
1727 1523
1646 9478
7954 5180
937 3652
6100 2296
4896 3783
2031 4996
3201 4450
2571 8501
1949 4065
5328 2350
1879 783
5171 7246
6451 5908
8016 2779
8426 9743
4303 72
9222 2258
5253 159
5910 1353
2456 807
5136 4488
5803 8338
8938 8375
6839 887
2441 2168
3238 4320
2951 8409
1566 9403
4318 9583
2183 2745
9327 6486
2818 8549
8745 8071
8709 4655
9424 1166
5462 4560
5654 1266
2899 4592
9642 9739
5480 2083
1907 8718
6403 4859
7128 7970
4263 1447
7553 6446
4192 6880
2932 7010
5430 1678
5081 4139
6333 4506
5305 1796
9067 959
3063 1966
5552 2705
1705 1032
4788 3613
9751 1192
8473 6880
9162 2736
8327 6716
9182 2520
3596 2115
9531 9026
3793 4613
3166 127
9119 8471
1924 8186
9431 4987
153 4983
7692 1859
6015 2481
5472 5767
3673 3945
2647 2836
6682 974
9552 5864
3495 3149
7979 3026
2175 1773
7639 5341
1901 6758
3813 3825
4945 3244
8812 5098
8227 6505
6957 4243
8986 2430
10 2660
6376 2657
5497 3058
3632 5049
8922 7127
8198 6902
154 374
8676 7793
5715 577
4552 9529
4402 9497
2773 3214
4596 1000
9720 1553
5243 8707
3984 5254
1367 360
7911 6864
3418 1544
1914 2341
8672 113
9244 8826
487 7920
6619 6203
8498 1171
5732 2900
669 8505
6115 5265
9506 5835
6819 4750
4542 803
4 5910
1164 7916
2775 4583
9460 4690
6924 8132
4803 6169
6958 5290
4090 3578
1493 2588
4750 7225
5489 5419
5731 1604
684 5237
7440 7504
9987 1983
8307 9992
7894 9472
7908 669
4055 7369
5359 980
5502 162
7149 2461
5453 1239
6039 6947
3828 789
4172 9317
6209 9904
922 6894
5141 8362
4398 5129
346 2706
5121 8240
2178 3029
8909 6233
398 4269
7214 5901
4432 4363
8362 9885
5603 4402
6832 9431
5192 1005
8748 1401
909 9671
8296 6051
8033 2694
1180 8379
5401 6301
6620 7580
9331 5529
3814 9730
9799 1028
5631 4231
5391 3993
4117 995
8395 950
426 3587
1955 9175
4989 2865
8846 3285
8916 6880
5980 96
5260 1381
6398 1880
8961 5729
7410 2776
5459 7209
3804 1091
1441 9195
5084 5558
191 3480
6508 617
7068 8464
9793 2058
1329 8640
5343 246
5520 1324
343 780
2706 6741
2661 1668
2471 71
4444 7930
7280 8248
9021 8721
7444 4106
4280 7635
7587 789
8253 4655
9253 8046
6713 583
6687 2057
830 2207
3382 1173
2988 6088
7914 5649
7756 385
5720 2200
8316 3001
449 7338
1723 7893
1444 6003
5529 9031
6793 3782
3687 6046
1829 401
6630 8516
2459 7460
724 5841
8633 3712
1929 6548
9361 9686
6934 5082
1887 5250
8083 2336
2589 9807
230 4033
5810 5760
3065 2603
9542 6752
8650 1372
7154 5281
9889 9613
2742 613
5455 1376
4326 7384
7924 3688
7071 4859
8770 8959
110 6854
1295 2699
6661 1526
6732 2472
7286 9798
5076 6829
6551 3727
8202 3705
9009 8091
3319 1751
8705 8774
3127 3032
6159 1052
6720 3230
5911 5491
2189 6021
2345 3485
8720 9007
5012 5453
1480 2298
5251 6557
9128 1802
284 7331
5508 9293
5423 8827
1045 4128
7601 4172
7161 3760
5225 3881
6991 1136
9372 9180
7158 1718
2666 5879
726 7678
1332 2206
9977 6584
8764 9106
8387 9048
6437 3895
8342 1860
2722 9387
5989 324
3560 3150
4084 8786
7032 1075
9923 6404
256 7081
8123 2922
2961 8850
601 4294
1056 578
878 9820
9685 9266
8869 6122
3161 7212
7983 5884
6600 3972
6208 161
7123 293
8947 4155
1369 8870
560 1626
5952 8684
4548 8913
7534 5150
3208 8591
5729 4086
8412 5414
3352 7281
1537 6514
4494 9520
2398 1094
3493 8607
1255 617
8901 202
4772 270
9073 5333
1896 5026
4017 6445
3940 1552
1595 7148
143 7324
1235 8555
2739 4587
5837 4276
1102 331
3796 3501
1426 7290
2108 2681
7907 1009
2884 2680
1280 1958
8013 3176
6984 2031
9622 925
3583 1218
8073 3727
8542 9308
2283 1282
3896 8121
5558 4998
8452 9355
8499 9879
6645 608
2561 4552
1618 5445
7232 2898
7404 5246
6075 4388
7278 5697
5314 862
6915 3387
4589 5458
2696 6872
6740 6592
4993 2299
1591 3446
1655 91
3326 8300
699 5887
2853 2318
1332 86
5216 8737
5332 1292
3126 2610
6989 8440
3473 3905
1827 8062
9364 4523
4935 6105
1116 9929
8404 2708
3376 60
2799 6702
8360 3499
2589 1214
5817 3922
1300 1033
2659 6633
2325 5785
9244 9315
4225 2717
3221 6052
780 2585
576 5715
8690 1693
5644 7095
4401 9021
7155 7200
5723 5515
699 8312
6730 6517
2234 8030
7550 4893
4664 9876
679 3908
9192 4904
6626 2413
957 7406
4998 1534
3121 3689
3227 8766
784 7628
7787 7939
4829 3511
3455 5529
1823 185
2046 4058
8216 9597
8952 2880
9474 9631
6789 8666
4535 3415
1080 5492
821 6079
7026 3943
9768 254
2710 552
7883 498
8492 2713
4009 1947
8242 5832
2132 289
9891 349
9886 8843
3229 9360
8474 18
8027 3009
3434 9108
8502 4256
5187 5529
8199 4955
5783 909
5508 3667
1407 4000
6380 5417
5948 4623
1250 8081
4912 1141
8430 4798
9984 1660
4159 8459
1679 2187
1468 5113
1295 9971
9369 6482
5501 7569
1438 1285
8479 6947
4952 9887
948 1333
5304 6897
5956 6554
4978 868
7695 3408
5667 7680
5068 9827
6139 6748
2014 7608
1861 3309
7580 1231
9792 3081
8800 1231
4366 7279
8179 9318
7166 9128
651 2471
6025 6608
9025 1003
7476 6721
4412 3143
4401 9481
2970 541
6229 4985
8149 8090
8295 5729
9322 8087
8810 8122
9319 3177
5402 7499
2495 2569
6627 3147
5040 2653
9755 4065
3656 7232
787 8069
375 5188
7550 3346
5730 3779
8331 3879
1870 6626
9609 1192
4714 8419
9315 4034
1596 4717
1534 4092
7286 8162
7240 2327
815 6996
6393 4472
4228 7180
2541 4604
2369 91
7951 8099
3871 6282
1979 5741
2909 1588
6934 7624
7 6249
1659 1604
967 3193
5697 8254
1355 2937
581 2170
9934 6974
6643 4162
4155 9184
8767 6524
9275 6718
4623 3147
3001 6602
8888 5911
8190 5822
3535 8198
2072 5195
9803 3040
8388 5501
1294 9744
8438 1875
1915 8373
8850 8558
2535 3005
7742 1302
9530 7018
8021 4154
165 1022
756 9054
6933 8947
4877 469
7146 6950
5664 6950
9990 4053
2451 1284
3798 890
3160 5713
9263 2011
4272 1799
5016 2015
3102 4547
9033 1123
8701 9199
2145 9458
8254 9079
8406 3131
9549 5553
81 5213
2503 71
9267 4955
1356 3065
5845 4516
8778 5109
6527 3051
6908 1544
5066 10
6091 4100
1134 4792
3299 3279
4251 1553
2359 2657
4685 1908
8210 4767
7122 714
4838 6389
5669 6195
9455 1515
711 8234
6624 7239
1285 3532
8784 6351
3543 4875
451 4677
9668 3751
7957 3920
5305 316
6577 9990
2225 4788
4757 9347
5502 9596
5737 1171
5791 5192
2686 6503
3427 9311
3743 4712
2844 2527
1064 6387
7403 1515
1065 7072
5267 9022
992 572
9339 7570
563 1564
2358 5320
912 7860
4917 6650
9032 709
1843 1719
7213 5270
1030 956
9983 3874
3484 1047
262 887
2563 1327
7959 7830
349 8952
8402 9689
6522 8965
1253 8880
4286 2166
6741 9204
8816 5773
9913 659
7492 7127
5930 8523
8083 5913
2398 1568
6960 2660
2455 9523
3987 415
7354 4337
9367 5756
4026 5890
4722 5280
4770 9008
7446 1512
8212 6263
7285 8126
6923 4778
5253 2853
3302 3337
8767 5700
4905 5728
8360 7361
5252 2348
7776 2606
6685 7144
8363 712
3035 3085
5992 7806
2094 3439
9318 306
9702 6604
8433 6626
1382 3686
9480 4685
7024 8247
385 1929
3975 8746
9290 9228
1094 7067
1834 7780
4212 198
8492 7247
3283 4485
5053 5378
7924 4371
5685 7627
975 4118
4253 2358
7805 3733
7043 4829
1980 7429
6759 5956
6175 6049
5185 7269
3117 7019
5050 7329
7218 3542
4576 501
8028 9629
5879 5952
4000 1564
3580 4976
5683 7833
7334 3488
1567 4378
8318 3548
1807 5077
9504 7982
1127 4689
5252 4244
1709 302
1573 8928
3845 6149
9429 1874
5778 5309
7826 9779
6874 1407
4756 2558
9240 2091
6047 807
6469 4365
4355 8277
9442 3860
6260 569
8550 1512
4813 260
1815 6387
9188 5661
2536 8618
7535 8315
3928 5362
8095 803
6769 2851
3361 6010
4943 9408
6817 1413
3773 1173
9690 3216
5034 5950
3786 3584
7463 8600
