1000 2
323 9217
5149 7122
4626 8032
4989 3656
2542 4383
747 3845
7736 8167
6387 2916
2977 7365
3775 6959
1903 7985
4096 2124
8586 3510
8656 315
9895 1401
5637 219
619 786
7341 5246
8819 2331
8902 1362
6714 9650
5207 4450
7818 1595
7366 795
8961 1142
7755 864
9128 1852
2988 7714
5362 1644
8030 5258
3046 3667
5477 3665
4454 2819
8911 3273
5151 7814
4636 1865
7465 9843
6316 5283
1438 3683
6079 399
4826 3835
1264 3954
5687 4253
1669 1049
5898 9700
6307 8944
3367 1785
2609 7822
4605 1521
1096 9756
9336 5732
1621 6801
5576 7938
2085 7015
1621 8164
7414 6448
2000 8679
403 7687
2932 2072
8737 8830
1773 5044
7774 5141
6830 384
2963 1435
1906 4060
1192 1243
9793 2814
8044 5369
752 130
2384 2374
8294 9799
8822 295
8479 9225
7982 1411
1298 6719
241 3071
1764 8016
8212 8595
8401 1176
31 308
5236 1223
1551 5030
4037 9596
399 4790
9726 2784
7164 8021
2584 5986
8316 1063
5212 6299
2475 6511
3019 2717
9582 4784
733 7795
3379 9135
8971 3410
9444 4208
4633 996
9238 8671
592 9638
3461 319
2423 625
8341 5007
6612 6658
6071 1825
2957 8546
8336 5976
1263 7918
761 1997
5713 4140
1133 4685
7550 577
8893 2184
1573 8132
856 2166
7770 4317
2486 194
4943 827
5202 1555
7485 1273
3380 443
9820 1716
6420 1083
9635 7181
3081 5348
1321 4214
34 8872
4792 8928
1057 6366
7060 1913
8532 4831
6230 1018
5025 1173
1846 227
2729 9332
1501 6109
9775 1321
7826 6195
2405 7461
3377 5487
2810 4698
9702 2844
3571 4494
1773 4628
861 8833
6542 9394
3664 2772
413 8690
3946 2259
8918 6676
1591 419
2786 1367
1741 612
7563 4147
8074 940
9634 884
5639 9337
3729 9210
3832 5502
3839 4693
4336 381
4087 8001
3154 4500
6691 7101
6760 5609
3777 8352
6029 6563
9719 7771
7175 7282
1919 5250
8222 1553
6135 3861
891 9865
3072 4723
5368 6911
9416 9704
7293 3504
7705 448
8005 4397
7549 4765
7 1326
3118 6037
7890 2837
3808 5065
120 5727
316 8342
7281 6451
2204 8172
6316 5276
2896 1684
2188 2312
1388 9481
5817 9094
9930 3822
3491 7479
8588 3498
8806 1706
9535 6696
4544 3344
1762 4664
9072 2078
3007 6353
8529 5211
4526 4845
488 7422
6530 2676
9735 7918
2158 5552
7013 2088
9375 504
9568 7964
4003 8374
9670 3539
5070 4214
6884 6832
8879 5956
8910 1886
2310 7440
7097 6837
2286 7585
4260 8816
262 3995
6735 2421
9548 3748
4510 8924
4253 4078
6888 8257
2452 6558
1797 7522
773 8681
4355 9652
4638 3265
1538 6948
706 8636
3786 2992
6222 8046
1808 6484
2041 8543
8906 1590
2292 3416
514 6545
7495 7402
4802 9948
3961 6599
7471 4735
5281 1826
4388 9919
5092 5926
6868 5798
4563 654
8790 785
8700 598
7270 742
9142 6176
2333 1434
9593 2847
7979 7089
250 2782
7037 4212
9382 4508
8947 4664
6334 3335
4583 1426
9262 1452
7225 3825
2106 6015
4611 807
6614 1881
1550 5756
8058 3883
7190 7652
6731 5170
4741 6981
7953 1778
1194 7336
6287 142
2000 2621
3477 6584
4048 2740
8036 1274
6566 143
7289 1177
950 3904
3059 2500
9660 1118
6384 6851
8770 3115
2022 3512
96 9976
5291 1291
7312 1578
1433 9312
4200 4911
5896 8249
7651 3932
9523 4217
4075 6813
5395 5026
717 8454
7527 378
9572 3911
7230 8343
7026 9252
1856 7123
9228 7147
8414 6541
8726 9848
5853 2926
4759 1750
1176 2410
5682 699
6628 9758
7513 2024
4785 8230
478 2312
8609 51
6223 5839
8395 3250
5092 251
373 4321
7399 8788
862 6125
8636 6716
9051 3395
8466 227
5806 4149
927 2435
3908 8440
4459 8693
6671 4938
1006 5280
4990 7230
1120 3385
480 6212
3637 854
534 1036
9643 1397
7161 8279
8113 6212
1675 6579
6440 7481
729 7367
9917 4637
5808 4376
3331 2479
9314 4337
7759 4304
1567 8880
7690 2048
5093 1327
2902 5627
2363 2545
7024 9525
825 5138
5738 2500
1718 2178
9982 2447
9546 9899
7084 5354
4276 415
7834 3590
4753 5594
7894 6320
4474 5585
8368 9567
6912 1271
5195 9276
3817 2220
8802 4643
7358 4540
7143 9077
6719 7126
1524 6266
7026 8608
1620 1302
9024 9455
4892 3777
5049 2787
98 9524
8372 8467
9092 5285
9738 4287
4562 3556
6508 3364
8199 3867
7904 5343
2944 4624
2470 4468
890 9496
3077 2511
799 2102
1966 5692
5879 7016
8479 5977
6540 6852
4445 5632
2138 4183
9920 6701
7740 6428
65 5939
296 7970
1282 3241
2594 3752
7709 3485
3249 787
5996 4048
2889 7962
9740 8769
4979 8220
4747 1519
5073 9192
7151 7212
3376 7072
3913 1116
3501 3978
7056 3797
1949 8339
7038 4544
2092 4748
8029 5341
5536 4025
9390 8426
1988 9130
7195 6967
7351 1943
8487 2425
1135 5638
9637 4512
2711 3550
5628 6212
7529 2684
10 9479
1023 7049
4023 3115
1797 2052
8457 7334
6078 7847
5760 8066
6978 2956
5034 4330
4899 3521
6755 6035
9160 6393
547 1871
9943 6176
8084 7473
8860 8094
6952 9884
5143 975
3000 6941
3028 1457
4275 9106
9305 36
7173 6284
2992 2207
614 7892
5729 7370
3927 4890
3763 4475
6761 3707
651 4846
1180 9511
2940 8133
9396 8083
9109 2396
5024 2137
3854 9300
1244 3160
9336 8417
9445 2329
625 59
221 6355
7430 4149
1245 1193
8624 8007
4900 9275
2853 6081
8787 5793
4215 8184
3877 3324
581 8902
5462 4436
8203 6706
7596 7540
5124 7041
9869 5750
7101 91
2105 4531
4241 3350
5725 2865
1358 626
2141 4211
6708 929
5 923
9113 3883
4247 9694
2785 9709
4130 988
6416 1727
8528 1540
8769 8398
7290 5871
8489 9395
402 2731
2746 6128
5597 4105
6754 7738
8317 3462
8668 8322
4386 7782
2205 8634
7477 4991
8343 1608
5979 4760
3335 4508
6300 2105
2906 3591
7976 1396
2987 8379
4127 5733
4507 9724
9839 1262
7463 8156
4725 6132
6479 9111
3914 8685
7745 1391
3676 6089
2999 9656
849 6335
4165 7150
8440 7071
741 6417
8468 3728
4796 2596
9462 9303
2321 9301
565 9785
7458 5290
5917 3937
4402 9832
2622 2148
1224 6299
8237 4224
5956 9087
559 121
6237 9000
7193 6978
5417 5661
707 213
8258 169
9517 579
9471 82
365 6929
5373 6283
867 9776
6115 3490
1924 7339
9789 162
1563 5745
9249 2123
5867 5486
1123 3060
2465 6541
8722 3172
6755 6980
3342 6272
7560 2814
6355 7925
9743 1729
4209 611
1505 324
4101 3430
7664 3891
3592 9228
9637 2841
1351 5504
8328 2475
8564 794
9017 7287
3967 5772
4267 7310
2044 1828
124 8399
9754 9868
128 3963
479 1634
4288 4580
5065 1952
8472 8657
1180 8109
1499 2532
3613 9828
5008 2178
622 4025
9465 4590
9797 3733
1900 1841
5561 2024
241 5316
1892 370
9280 2372
2005 3568
6952 7070
5521 5425
5727 6701
3534 7227
9234 7147
7055 4242
9325 7678
8267 8791
2268 8064
2524 4169
9906 8085
6193 147
3402 8086
518 2682
458 2523
6251 7411
9593 1772
2836 5321
8474 6370
2548 7708
3518 9604
1951 2844
7283 218
1635 9552
8283 4159
3721 8189
2245 9915
8337 5648
8001 8856
8330 8460
1379 4581
5871 972
6353 8708
6294 4828
5078 8843
2536 8597
8447 4487
1441 5731
4706 3077
5283 2989
7236 9004
1179 9482
8919 9517
5130 6921
8373 3461
5381 9752
8042 1253
725 4396
9961 7020
9225 5040
5863 1761
3637 4311
6249 5079
42 956
8156 5326
3946 5393
4330 5126
4876 3250
4643 6
172 3017
3468 5553
2770 1511
6806 3496
5908 6768
516 5133
1808 6379
6895 5445
691 3144
525 733
4101 8681
6059 8047
4075 390
3173 8951
3641 7817
8958 3813
834 2426
9367 3604
3937 6174
7100 9845
2942 7617
4979 4750
3996 1874
196 4688
5019 722
5422 9120
9404 1482
7167 3479
1873 341
2431 5514
8158 1390
9328 8993
3817 8695
2598 7755
4870 9698
7601 7813
7315 2580
2563 1312
4454 2760
6001 9473
3482 1423
8593 2886
2905 5761
6366 4778
6103 8798
293 4262
188 9621
3255 4005
8317 5853
1760 3187
5552 9361
1000 2868
1942 3564
4181 6396
6325 182
5869 9808
1605 4463
2695 4511
225 9062
9290 6328
7860 9583
590 8048
9204 3845
2054 7522
9699 3815
710 5251
3177 1710
8119 5119
5275 2300
1515 1601
2483 7385
1409 4088
1848 4105
8600 2074
3167 7890
8402 1027
7473 8992
9076 6678
2838 1131
4201 2537
4946 4911
7789 8124
6622 5908
3243 1898
8209 4759
3499 692
2144 4909
4781 3993
9014 3381
6068 2181
1272 4470
3209 8745
3463 2285
5424 6301
3417 9625
8839 8363
4537 6628
6488 1159
2537 9731
3057 747
4491 6557
1439 6636
1466 6221
630 480
9603 6698
2662 875
1168 5871
9621 4631
8157 5046
933 1575
4672 9772
9939 9209
6400 6427
368 8938
6159 3426
9685 650
9983 1125
7286 1449
7347 7916
1930 6950
4614 4592
7825 5783
464 7447
414 8622
2493 1348
198 7165
1120 137
6374 7521
6564 6743
6459 2723
169 6145
3373 153
7270 660
1602 4617
8576 3533
1568 3191
8126 9394
8974 8591
6841 9389
7214 9334
737 7412
6500 1858
7549 2875
9380 4113
9618 5840
6837 9788
1985 210
9941 9256
870 1544
3874 9447
5078 5442
2638 3204
4836 1613
1795 1678
1002 9009
1013 1740
6421 7513
3599 3971
388 2979
8085 7
8819 4922
9795 804
5133 9737
61 6003
1281 3935
5451 6360
9378 8090
9564 4214
9703 1360
5893 706
369 6906
2447 6791
4419 6046
763 4808
9025 8848
4815 7844
3770 4610
8649 8903
4348 8710
4907 5630
2645 358
1990 2023
8448 1554
6238 8152
2914 2132
8858 3284
9038 1305
76 3458
7352 839
8266 6377
9687 3082
4222 3457
7693 2871
2361 2041
1582 7268
7671 4228
7627 9661
6252 6076
1216 2491
4229 4130
4623 3087
7415 3661
4393 7491
7120 1746
8330 5387
8123 8018
8469 2346
1476 6162
5218 3837
8204 6800
1106 5876
1028 8734
5537 7281
4810 6754
9772 9040
884 4395
2128 8300
8057 6522
5791 5177
8268 4122
564 6392
2140 9034
8738 3617
5197 3956
7454 3401
757 8561
9277 1785
7295 4815
9066 2106
1569 8839
1146 2454
3234 3274
754 1291
9796 6546
6469 8065
668 7034
4457 2809
6068 3195
6426 1266
7152 3881
4668 7909
2442 3946
9695 9738
8761 8761
1845 331
7600 2992
2786 835
6267 3541
2127 6064
87 8596
4129 755
5631 8586
3565 1700
1782 9991
2966 8934
3872 7634
6844 6315
1580 6539
6053 342
5301 7898
674 2901
891 3460
3737 7158
7001 5864
3222 7088
4461 7351
7844 92
5938 1409
1792 7720
1400 4759
6655 5273
2393 3499
1588 3973
38 7642
4316 5339
5541 4990
8241 6432
8451 1978
3590 5452
7843 6812
2541 2305
4164 385
2398 102
1795 4190
7822 3196
8950 4477
8469 1343
7977 58
5317 8015
7700 9633
3354 3241
4624 1596
9674 3075
3574 3264
8528 1418
77 1069
3723 4241
1455 6121
4343 3250
312 2166
6446 9262
6644 4916
606 4621
4975 5923
2636 2675
5557 5991
5917 182
7587 5591
3257 1162
8856 1785
2580 8933
2855 6303
3174 4310
2425 7518
7561 2737
9684 4008
2000 6328
8924 2606
949 3899
8530 3586
6575 4087
9577 2493
4269 7164
8084 7527
8326 6941
9313 906
5874 2168
7210 9049
6478 9635
6567 4039
2373 6252
8047 4373
2580 6972
6980 3530
872 5510
7116 7448
9598 6693
9941 3867
3858 8026
