1000 2
3710 9692
164 3538
626 6216
8843 9484
5873 348
4380 2591
9589 7598
8851 5951
7789 4397
9452 836
3246 9739
2715 5717
9109 4620
1794 5985
4672 6398
3458 8382
6090 3623
1921 6716
9839 765
6201 5713
1114 582
8305 703
8180 7156
6655 5970
1553 6107
6806 4799
5846 9522
517 4956
4143 2311
941 8816
8709 4400
7198 4800
8023 9120
1517 7863
9886 7718
3576 1000
8300 1882
1703 6481
9038 8358
2451 591
4466 9258
5391 313
8781 5909
5269 2924
8221 6211
1740 6930
612 8939
1730 8636
8060 3248
6499 7946
966 76
8946 9267
1958 650
5748 997
9009 8200
1588 3475
7459 6980
3789 6241
2889 9059
9166 1110
5271 906
8041 5883
9846 9772
4519 7907
3020 1019
5853 3987
1095 4800
3254 3054
5450 9003
4051 4459
7204 5640
7935 4664
2621 1725
905 5511
784 71
6622 6055
978 4663
1939 825
4436 6458
8732 7457
7478 4585
1444 8574
9385 4699
1628 4836
3702 5680
9296 907
1320 7231
5571 3941
8957 6476
9452 9741
6547 6075
5797 7526
738 7736
8351 5175
4195 7083
2632 1674
1669 4076
248 1055
8775 1876
5891 2478
7557 5188
3385 8877
2420 8956
2819 1377
5433 2272
1119 1981
8347 6916
9507 9086
4653 7858
4261 8848
4942 6893
523 6612
970 771
7667 9746
2648 3559
2225 205
8747 5610
9082 1167
4567 1902
2544 0
4174 3663
1981 2521
580 1489
1608 5233
9347 5869
4082 4290
2763 4605
902 3734
5376 8569
3480 8025
2129 5705
8230 876
1316 7312
2044 5884
9215 4589
5884 3389
8253 7866
5911 8833
9355 7519
4067 8703
3389 8149
2993 6153
2755 3896
9887 8132
2466 3367
6157 4595
9073 4387
5472 390
1700 7516
6274 915
2105 2159
4305 359
25 217
9192 9381
7736 3259
8084 1126
1409 1078
7279 4165
4974 7166
2297 7440
534 8455
2035 9608
2843 7508
9998 4543
5025 6273
5459 7130
8432 9764
7490 8458
9981 6682
7839 7718
9942 5924
8845 1352
7002 6124
5517 1976
3291 7815
9417 3825
6271 1453
3433 9114
8961 3432
3658 3986
9705 9118
1117 8138
8883 8607
6596 8864
5290 4436
6583 5233
360 5428
6585 7363
1553 2103
9340 4844
9919 8757
8670 6191
210 2104
5305 9172
5536 8964
3159 5242
8082 4276
3381 6965
2884 9978
5830 8174
4414 2414
3408 4775
7842 9993
2139 9396
2097 1479
4240 2017
236 2910
8208 447
5014 3514
9620 551
2478 2779
5793 561
7056 9175
7527 9940
9153 3358
8115 3567
5772 1523
8343 3615
1517 482
3011 3614
1961 7252
5632 2198
162 3840
2646 5177
7354 2266
5728 9833
5046 1522
395 2102
697 7923
2042 9851
1281 158
3419 7054
1681 1762
669 3199
2245 3681
6814 4207
933 2446
6406 1096
6286 9052
6274 3641
1319 2003
3475 6365
3526 3870
8467 4224
1793 510
4075 3075
668 7494
129 2350
9257 799
5549 1502
4480 2363
5709 5414
4809 2115
6510 1096
1168 2785
4738 2487
4788 8213
8853 8314
2084 7320
2538 3878
7831 6613
6953 8500
4108 7082
850 3365
7882 6400
4867 2362
8763 577
7776 3573
2692 4287
4670 3860
7072 9408
6348 1861
7621 5201
175 9706
2522 2714
3584 353
9328 537
8853 3436
7620 9704
6801 5502
6104 1668
7865 4868
2246 5641
8441 4938
9929 3112
8799 7002
2520 5147
8863 142
348 9039
9848 2871
1753 3432
3224 1081
3970 2078
4517 1590
1783 1319
7093 7887
2988 4958
2756 5234
600 1198
172 530
4310 8972
7532 6831
4119 6396
6973 4468
5435 6822
7339 7189
255 564
8270 4225
2643 2788
5816 4426
4107 2910
2314 7096
7868 5070
2330 8469
6269 2503
8999 579
1475 6531
7410 5595
2927 4384
63 8363
1206 7403
5552 1461
7968 3823
5687 611
6611 1504
5038 719
4414 7353
7815 2283
2424 146
752 8693
2649 9752
9273 4124
6283 6683
9720 9211
1067 9783
7575 2274
7187 3127
3736 5155
6951 9424
5767 3562
928 806
4282 5343
8160 2098
7626 584
2244 8379
9278 4893
8131 8551
9018 4415
5235 8738
3627 6302
8522 1203
8577 5710
4331 2313
865 1282
1737 6633
4845 2666
7440 9127
8009 5600
1226 5636
6185 3470
4016 5463
8364 2147
4015 7382
6563 9250
6121 191
5553 4643
1394 4130
353 5725
6443 1219
7008 8181
7853 1853
847 5293
981 8856
894 2207
4492 7079
5677 8508
2543 4042
656 6558
1424 7220
5808 7546
7412 1361
2190 8806
5491 2544
4532 1935
3763 1540
116 1617
3394 963
6911 4375
9820 7805
6582 4313
4885 2260
2822 7428
6302 3479
3986 7727
699 9794
5273 8112
1156 7463
6918 6647
7 1451
8583 3771
2992 8699
5389 6386
9663 2300
761 9484
106 7343
3797 4991
9604 6620
2419 5906
99 6406
3633 799
6201 8906
8911 7357
6370 5830
4005 6378
7282 2588
150 274
1288 5539
6660 952
7840 7422
436 7946
4766 4234
2938 4370
854 5358
276 954
1764 3910
1753 7966
2817 665
5323 9188
6495 9328
5566 3777
1916 5717
4052 3205
1256 713
4157 9097
8135 4594
7044 2902
8828 9982
7272 9683
5341 7549
637 7106
1460 2391
5072 4277
3056 395
3465 9552
9724 9032
3329 1641
4749 7381
4846 6006
8095 9003
5103 6230
3598 2147
9132 2426
2130 6405
2110 7471
3955 2747
4578 5415
5138 9650
9693 8195
45 3159
7747 9769
2191 1076
1411 6941
8458 6257
2947 6553
5261 8051
2784 8859
198 1917
1286 2329
8323 3396
9801 2278
6143 4379
7694 1282
4029 7387
9477 4075
546 7224
3845 2737
8301 5256
9678 6760
1514 2626
3314 6775
677 6099
5634 876
8017 6921
3205 6340
317 3007
8618 6461
7386 6312
7743 1416
3700 7221
5492 4246
4446 9338
6984 2748
4594 6663
9509 6108
9289 2824
2884 9967
8923 8519
843 6940
5440 4049
3281 5757
7056 1900
2218 4443
8213 9962
5860 1913
7184 1353
6159 1630
691 3143
4379 5285
9806 3888
1394 9096
6713 4278
9063 5636
2797 9907
2577 8238
3956 5858
3995 1013
7759 6214
5457 5972
6177 1318
7885 3362
2671 4045
4993 3362
7189 9372
8647 6996
3261 42
6093 9974
4321 5156
5611 7118
5063 8188
5357 9020
4047 9353
34 1806
5568 5491
7779 1745
6809 5665
5107 9481
9710 100
2843 6900
9473 1491
3897 2734
1533 9990
2709 5854
5147 8320
2973 211
6509 8330
9231 556
7683 9266
2363 3251
4758 142
4997 1567
5808 105
1049 5519
206 3892
2419 9679
5383 6316
2414 6916
6307 5123
2771 1454
3443 5744
1665 9952
4075 897
509 1759
163 2873
5011 4921
3015 8
6489 8824
114 7538
4343 320
1430 6762
9999 6813
3079 2413
3730 9386
7537 6502
840 981
2247 2506
934 6322
3403 1443
8081 3566
4316 3093
8487 7332
3101 4976
6156 3215
2515 499
3536 3945
7262 3535
759 341
5949 4490
9728 3487
992 569
4468 3239
3075 5402
9562 6478
6845 7643
45 1162
737 8532
8495 3838
3509 4652
7054 6024
5151 591
9970 2414
4127 729
2756 76
5220 2484
3563 6212
3054 8032
9451 6129
3434 9014
2608 280
6658 2654
1443 7395
1187 9938
1234 4696
4590 8289
721 9742
8880 691
2156 3007
1421 4913
3084 6641
7398 6647
2854 452
4680 2306
6582 8115
1320 9191
8395 7978
1845 9839
5373 3032
9777 6607
7729 4368
4896 8450
4111 3776
9142 6268
6784 564
1181 9868
7206 8579
6516 61
9032 1196
2367 5614
9311 3687
4805 7707
1666 6651
7546 7040
9683 7324
3647 7412
1692 8544
5863 5804
2321 5006
2072 9105
5571 3253
8973 2778
1833 5490
2839 865
6686 5206
6479 5998
8894 1285
3705 561
7936 1251
7601 7620
8576 1248
5033 269
9793 896
6073 2114
5903 8145
1220 1474
1399 194
4252 3232
5684 7092
4097 2370
2298 577
8369 1193
1862 2074
1754 9799
3326 9355
7419 1902
604 2452
2171 397
3349 8244
2512 9252
6390 3732
727 7789
3926 4980
1021 9610
2072 5119
1981 4371
5696 350
5564 7559
2425 7319
7359 5751
6674 4778
7654 7279
7231 9826
7677 580
8070 189
9833 4461
3922 560
2250 7848
5541 3272
7459 7614
8392 9441
1985 4089
9792 7549
1649 2217
4869 9008
7969 1544
3786 5623
8823 1017
5449 6500
1598 3520
6690 1431
7981 612
1992 232
8461 7533
3505 5921
5147 1897
5362 7133
5986 5155
4683 7635
7372 9552
6644 5341
1096 430
964 9920
1448 6414
6420 3046
9934 3111
4477 7916
3723 6470
8148 2185
4004 1653
8106 9151
3551 3469
6285 9538
8624 968
7174 5996
520 3818
1338 1617
4248 2303
1537 5697
8717 7958
8743 8652
1069 3221
6568 4792
9691 4716
6977 3695
6370 5084
2847 9921
8553 9132
9459 7177
101 6634
3174 622
452 4512
2239 4701
6816 3776
398 5533
1734 9142
4185 2803
2363 753
7596 2055
5470 4574
5750 1840
9658 8598
1762 8211
7731 1222
5389 7832
7856 8563
8454 8309
3076 694
3010 9892
4471 3409
5426 6206
2551 9612
9009 4914
366 6606
6970 5836
1180 2721
7677 839
1319 9440
9050 9051
662 4440
6883 8519
3003 5338
6828 6080
6032 9839
5972 504
3248 1399
6710 5799
1011 5720
714 1377
2326 7684
7214 3507
405 4891
4346 1724
4331 3397
775 4994
7837 7659
3513 841
2998 342
6921 9031
181 2894
9535 3429
4293 6245
9228 5305
1965 9942
6682 4292
7627 3896
7799 8032
8788 2146
9757 3120
5543 533
8114 3381
8193 1627
4222 1191
1969 1144
222 2150
4038 9757
5580 8332
6003 4808
3637 7968
4751 320
2260 2378
4217 60
410 3006
2206 167
6126 7750
701 4240
1132 8894
5868 5354
85 7838
6499 308
9989 537
65 5569
8870 6069
378 2508
4037 5129
2829 6298
7507 7047
6359 7918
53 8565
8086 6180
6316 8787
421 7448
7681 6289
2803 7767
4128 9302
8075 4117
9840 8141
9687 8711
4210 65
1219 8248
5194 4049
4546 2702
1096 905
620 1150
9471 8706
7330 5788
7493 7751
3237 5175
4041 6040
2942 8169
5343 1017
2287 5184
9159 1974
3895 3369
2040 5115
1617 7234
9164 6164
9936 261
7070 557
1411 6542
9263 8741
2330 6756
6493 5567
1931 534
1608 4874
8704 6951
5891 991
2136 5050
2966 6032
8420 5006
1147 38
2241 312
6202 2178
573 3272
2735 1985
9814 1998
726 2145
8755 7220
7712 687
7754 9320
5561 6458
6272 1453
7450 8409
6504 417
4441 4924
5423 5588
4962 7665
5901 1164
9843 6474
4437 2579
8459 4252
4577 9186
6397 3332
6406 4110
4020 4161
3431 9581
620 9703
1034 8070
8113 7538
8487 2554
2462 3911
8142 7425
1576 4043
8590 1420
518 3028
3999 8978
7280 8577
8164 3678
1910 4571
7788 5930
8732 1220
5511 9352
924 6546
7422 9037
4084 5910
1591 6547
9821 9733
3973 1398
3777 2563
2819 4296
5591 6818
3274 2872
5395 1438
6550 7305
6010 4339
3236 4742
5559 8747
4095 6483
5294 1518
5520 9378
7428 7111
5926 7250
6845 9900
8649 623
2463 1468
4919 8055
8286 8193
927 3682
9632 7477
988 5642
1817 4224
385 7376
2972 4480
3860 8266
5998 9381
7645 3426
6493 3572
677 3339
3472 9326
3962 5935
794 8882
3990 9081
7075 4918
2764 6708
2395 3752
2350 4213
7977 2736
1590 949
7216 5450
9216 3214
4832 6861
6641 1325
434 7318
4664 3906
6645 8626
9842 7439
7508 3833
6521 4584
8751 9285
1292 1147
3038 3643
5360 1015
6380 6950
1965 3596
2401 1181
6810 7233
8043 3452
8558 8477
770 3222
2383 7415
1849 2225
4855 9358
6059 1377
3943 4810
663 5236
5957 3701
8880 1317
4717 5260
8268 6682
8856 669
7864 5667
7903 5907
9119 6461
