1000 2
991 2603
5031 3357
2663 4670
3056 8519
6330 6104
7289 3309
4395 4111
1304 7213
4645 6666
7958 5382
7137 3413
2772 8252
4404 2236
7773 9986
4453 1192
1198 5445
3795 6230
8802 6458
900 1859
4977 7231
7963 2267
540 2359
6379 1845
9572 1025
8511 7531
6407 5648
944 9180
3901 5349
1416 1674
5336 5870
2866 6534
1315 6662
2764 117
3121 3665
1976 8099
896 9940
366 1437
2300 6746
3282 1873
7771 1793
9404 4179
7442 349
3359 1343
5698 4776
3018 1034
646 5885
7568 1962
2547 333
2080 5668
3998 4056
3767 4895
3997 4134
6332 6297
880 9615
8170 8651
1408 7575
2831 8851
7924 6190
195 3623
967 3213
4657 1614
9098 2226
3576 1646
2559 5657
7315 6557
9714 1082
1452 3711
5217 7785
9 6097
7400 8180
4749 8809
5755 7580
7660 3680
3771 7855
7304 4739
1069 1961
6353 168
4188 9930
1814 6747
5587 9129
3305 5301
212 4758
9013 5429
2544 9022
1526 9944
7203 6276
8753 2959
3857 6414
6640 7629
4270 3944
2368 5339
5906 8722
5507 94
8652 7322
6842 4240
6452 148
9542 6664
4906 8555
2093 7450
7578 3620
7395 4781
9897 6149
7740 3754
2563 4380
1383 6833
8325 3752
2173 4231
2474 7681
4326 1127
5003 1169
5367 1455
1317 4909
8119 6224
3465 213
3675 1043
3834 1070
5825 3731
7219 3566
7486 9783
7947 8870
6617 6272
2622 8790
504 5096
6471 4830
6224 1475
5999 1591
2930 7316
6501 1050
3540 9966
1264 7216
1010 5098
8286 6835
8830 5506
401 6316
5290 8348
5186 1907
4621 7809
697 5125
2905 7169
9955 9129
8644 5955
721 1575
3272 7222
2625 6813
7189 3890
4029 8199
8988 2315
5035 7818
7822 5437
4134 3112
3786 9321
5019 8407
7130 5717
3533 36
2887 3489
9166 1532
9444 9887
3107 2716
7110 5733
9530 4300
9623 3559
2500 8611
5875 7535
6430 3697
2973 565
6810 6759
9886 1829
5167 7017
7547 8700
7053 434
2189 6219
1966 1634
6107 5074
4351 3217
807 3881
7518 431
7440 18
9042 3316
7554 5473
7013 527
6038 3824
7287 5925
5653 2455
2942 3201
1155 9995
3636 3345
6214 5603
4979 2322
677 9330
5540 1485
3211 3058
1916 652
3077 959
3968 631
6432 982
1159 2470
4806 8447
8395 460
902 1337
3662 2058
1333 7298
5403 7548
2901 383
9870 3579
9713 5410
5064 2925
8468 6980
3578 1545
7939 7547
2177 4372
8530 3337
6843 3336
1784 5238
3797 2686
6576 7459
4744 7910
4758 148
5458 7660
531 5328
1239 245
738 6304
3171 9207
3284 6749
753 1224
4296 2930
5597 2826
6267 2440
6163 8052
7679 9961
738 4256
7421 5483
2166 2180
5632 7624
9840 6163
2952 1079
6409 3691
7384 9580
2898 668
6329 3652
1893 626
6582 7490
3453 2850
9930 9617
902 7610
9578 1641
1866 7000
7125 4032
9180 2757
1657 9020
8921 4609
100 5330
8301 7484
4910 1200
8153 1240
4852 47
1866 1435
7537 5319
4286 7468
4936 5188
5078 4515
6830 6945
1515 3955
977 695
6713 2634
9715 5635
7244 9816
965 5546
7300 5875
6746 5454
7115 1599
5501 8982
3034 3039
4301 7321
507 9238
2510 5586
3753 9340
2532 5269
3296 3509
5964 9
6144 5680
5644 3389
5497 6610
8935 2797
2486 5682
8252 9602
7281 3753
8584 316
6792 2886
7637 7300
2125 147
2886 5879
9488 5418
1148 2784
8928 7113
2794 5073
2794 8439
8463 8291
5050 7398
1089 7536
3081 9341
7139 362
3094 5723
679 9886
8610 8317
7186 735
8465 73
6615 7953
5492 7763
738 4421
4877 3533
9494 7671
1972 7957
5962 7022
5356 7051
4559 8437
6393 1698
8800 9487
7422 9480
9374 6032
7797 6560
6768 6263
6634 3384
4216 2126
1147 4955
6548 6025
8488 6043
3696 460
4001 9659
7483 9357
6711 2043
7795 3104
3742 6596
2591 1164
6076 1965
7197 3874
8526 3966
137 5161
7350 4353
7287 8498
9308 3836
4523 7797
9879 8220
8257 3880
7879 5741
3238 4590
7785 1033
7695 1527
7630 287
2691 3706
2253 9889
7581 779
3855 7718
5940 1206
2072 3228
9704 1381
7065 4228
9178 6944
2448 7436
825 328
3178 4063
4919 963
5097 2614
2490 2727
2901 5182
6434 5154
5071 4015
5934 8927
1734 1875
133 3806
5104 9837
5187 2169
4066 4366
9114 6514
1802 9939
6842 4980
4002 1762
5944 9100
4376 8434
1827 7278
3617 8262
2433 8689
2277 8367
7616 4011
243 7749
7818 5348
7587 3006
7518 1653
7372 6632
8168 9174
6571 5010
4155 574
6773 99
9674 1149
8533 1502
8428 2151
9764 861
840 2042
9229 8456
6054 9473
6206 3872
4821 3793
6878 2339
5447 4251
8971 3615
3425 5543
8626 7580
6117 5399
7680 5792
6549 6213
7294 4977
8365 7059
5838 9205
9101 5067
7662 5156
4540 3868
9029 9362
7662 5908
1701 3109
159 673
6725 3585
6216 5351
1165 2334
751 8845
8127 7300
5059 5422
2277 3425
2481 8116
2630 1583
3184 292
6739 7724
4161 5768
7087 1824
1677 8788
4933 1836
9462 1659
5421 5678
7011 6587
8013 7762
5433 6141
5063 493
1563 7341
3918 4044
5457 6549
5627 8641
6841 2367
6366 1003
8136 3453
2827 9813
2242 7761
1650 1704
9420 7071
7383 6432
3659 5397
4194 9092
1538 9258
9585 3101
6599 3504
7145 2056
53 2773
698 6894
5141 7064
7898 3277
517 725
3091 2760
8487 4741
4464 7908
1813 1847
4340 5472
7244 8535
4565 8782
7793 4150
1884 4392
7654 9029
6449 7707
1803 7147
4602 6944
4211 2501
221 4729
3227 3313
7489 1714
8054 1954
9622 9868
3802 3962
5340 1047
2497 9905
9830 291
4056 1714
4683 1711
744 1133
9419 2547
8280 4022
9491 2491
6523 9713
7221 9750
3026 4711
1465 1081
6665 1087
949 468
5050 6289
1515 7548
6195 1345
7839 252
3060 2523
1963 3804
3656 1382
6351 1937
5404 5843
4428 1928
5556 1650
1678 8583
6362 3144
9664 3028
4231 613
3496 9282
6903 5011
6831 3099
6357 4671
3351 9418
7194 5314
3222 851
6697 9574
2788 2102
5417 7217
4030 974
8868 5709
9557 5230
8853 9222
8258 3085
9836 1754
2368 6739
6766 9199
9838 3124
3870 3190
2542 1065
8505 5765
1916 5202
5339 4705
7305 757
1923 1336
1732 791
7046 1290
6021 5900
512 4280
8985 348
6035 1354
7088 2801
553 6927
5926 4424
117 8469
5489 8622
4234 7406
3825 9574
2112 1131
332 4035
2467 2064
4826 9513
3354 848
5413 3867
5129 4399
4216 1164
5753 1304
3966 6307
8232 9892
731 8350
8361 6221
6973 2596
3627 798
2171 5739
1929 2503
9774 4397
4567 4601
3911 7922
5450 9324
1789 579
3724 6005
1743 9478
7310 5710
5786 5542
5602 6517
3893 3964
2738 866
6561 6366
1664 8732
2106 3594
1235 1881
7992 5802
6482 1903
3724 1933
1228 5514
2513 4952
1519 4257
4431 8830
9967 217
4373 5570
6735 8266
9534 9474
9132 6095
5841 797
4827 7947
4392 6063
9828 2384
1866 6311
4287 5591
8244 5516
1105 758
469 2625
5015 4900
1455 4983
5118 5829
553 1854
4095 87
1328 3227
6183 7169
4025 1011
5117 8417
7074 4945
802 8940
1256 5090
4531 9501
606 5637
260 1075
8262 5275
5976 9718
258 1094
5547 812
2949 9642
899 4277
2870 7083
1447 6896
8094 6565
5314 5169
1510 6116
4110 2767
1206 8641
2269 1813
4279 2529
2888 2541
7805 8865
2260 8064
9959 7807
8876 2909
7450 9776
7186 321
6859 8634
7218 4954
5199 2532
123 6710
8648 4233
9478 9855
2875 1747
1668 7154
4277 4557
9696 2082
3422 1957
147 3382
9765 9023
6291 7215
8800 3478
7537 5660
2113 4755
614 7312
7287 737
4023 5936
4971 3501
5791 7847
5249 7460
5001 9526
2017 4698
1609 5440
6655 1757
8822 6421
781 5114
3636 9581
8592 1174
5241 705
5930 5855
8018 3218
6593 2042
9154 1565
5543 4946
9412 793
2406 4414
320 4423
9113 1929
9863 5768
3686 8686
2189 4467
3800 5826
4049 2392
7001 9290
3098 2931
5146 1116
6149 1740
3158 5304
3305 8702
250 2718
9496 2656
7132 9816
7080 6245
1745 6944
2014 5432
5630 4204
9900 9431
31 3949
1824 7032
3240 4922
9964 8387
6039 6114
128 9198
1418 3433
7901 1668
6152 7397
4325 3284
7213 1406
9530 8959
8350 1544
4392 3981
5748 4292
3412 5780
8242 5236
2812 1483
158 2777
9871 6198
8891 9999
5396 310
3432 3297
1979 9584
695 6305
2869 7908
7711 2399
6867 6061
3944 1260
42 9693
5552 3455
5473 3795
8691 8286
5279 8850
1063 5150
5049 9955
5149 445
266 8582
3743 2245
8167 4438
8550 1036
2347 6261
3436 9215
2323 7380
475 2366
7073 6028
5821 2546
9824 4513
833 5103
3363 1897
253 8412
1852 5403
8858 2119
3985 2602
4364 2152
7040 2915
3189 9387
9177 6625
8602 1500
4006 9078
3866 1080
5106 9687
3626 4930
4201 4460
33 7564
6357 287
5977 8209
5690 4836
329 9676
7438 4693
1828 4478
7609 5018
3866 6786
1644 2469
8287 5650
1547 2154
6730 6654
1842 357
1584 6043
4817 1618
3607 1174
1906 9585
9384 7597
4421 9713
7273 1859
4407 9102
6338 2017
4121 204
8803 5765
2674 7091
1416 4222
9245 8146
876 1087
8504 2461
7130 3322
4079 738
4497 5986
323 3882
3583 4745
3596 857
6604 8003
9959 2943
21 4080
3148 8825
9845 5822
5916 1262
44 5161
9408 920
6249 7913
3381 3379
1235 7461
4117 5732
3447 4441
9615 7031
9186 3211
7888 5791
1215 7848
8734 1236
1928 1882
61 1774
7705 5977
3036 7749
1139 2445
8670 7388
359 2052
767 1594
9513 4885
7327 2961
9326 6942
9993 8513
154 7881
4304 1369
5729 3039
2605 7658
4922 2667
9433 2627
8645 2470
376 9784
4916 9047
7173 5275
1099 7941
6870 613
2826 4197
3574 2153
1140 3567
666 1295
1449 4971
2664 7179
8010 5270
4838 2933
7937 4271
5560 6582
6741 5937
6367 1657
4984 3540
6933 6083
1481 3803
6696 4308
8001 271
6461 9142
3839 7128
437 5289
2100 3101
2468 111
8372 7306
3044 6309
1578 8604
2892 8320
4541 9260
9978 9526
2800 6911
5609 4282
714 2306
8590 8716
2578 5052
7858 6417
2181 8295
1706 4281
1397 4175
4392 9769
1482 7436
6078 3060
6041 8971
1380 582
8231 1358
108 1032
8269 5718
5314 8984
8025 3905
7700 603
8957 5558
7021 1138
3854 8728
5419 5251
2904 9812
5020 4386
7248 1099
7446 3290
71 8826
3872 8302
185 3981
9334 8454
9700 4649
7439 7725
8554 5139
8329 7511
698 5350
8650 4552
4079 4069
9804 6983
3882 4825
1369 1131
5924 8816
4421 5995
7643 8294
4298 7828
2275 3632
6283 1976
8281 3722
9701 6836
8862 8030
4347 9560
3381 2997
4113 7461
7067 3918
4444 950
8743 5814
2081 4668
4631 6502
663 2274
4797 4962
102 7072
8594 6385
9048 6876
108 8750
3712 8970
6781 8060
8531 163
1058 2645
7624 8126
6563 2069
9076 5307
7884 1157
9975 2515
7660 639
4789 2457
5601 4892
9530 4196
1278 8579
1073 1386
7329 4786
356 4111
2847 8888
4274 3905
1534 1898
2031 8098
3968 1107
3405 1852
2265 3381
4367 9926
4020 9157
2383 9622
4049 1914
3819 5327
493 4892
6714 7823
9679 7071
1934 2526
5959 6209
6432 7493
8108 8463
5591 2076
9571 8997
3929 1837
2378 8297
1763 6399
7454 4147
6021 1504
6061 9841
6832 6555
4734 3546
4378 4413
617 6313
6940 6577
2523 3372
4070 631
1836 9662
2708 1408
8659 6637
3245 1038
4934 5009
7437 2389
9156 3459
3893 5217
3300 725
1772 8034
4272 6151
