1000 2
1661 7613
1647 630
7878 319
7429 4192
8045 8296
2362 9304
1451 826
1443 9509
3312 7952
6972 4616
1358 7338
3285 7420
619 5592
3698 8948
7438 7949
4971 9099
5562 6618
9729 3441
6938 7159
7633 4983
5455 9996
4288 6907
822 5732
6417 4135
3684 3389
8751 5043
728 2036
2464 1347
7629 6162
296 5067
4111 5267
4166 9674
1886 3896
3115 8824
1056 748
3808 6511
744 8097
3419 1567
3829 9836
5702 7514
3225 4454
2557 3954
6490 5021
5301 4119
1184 5597
9187 5295
864 3354
4970 2751
7250 8085
1575 8306
8834 5384
4818 9579
3481 8238
1146 7310
8074 6849
4824 1300
1303 7382
5254 7794
2404 555
1914 3588
6153 1101
8884 7018
4455 3854
9769 1706
1940 1344
13 774
6728 4832
354 210
3070 1500
7521 1144
8350 2345
2445 9653
9728 7699
7448 2132
8254 9362
5721 4408
463 4605
1426 4919
8459 1195
6626 399
2540 6639
1174 9269
1471 1528
9479 4542
3029 7000
5686 1379
9346 8131
1033 9074
5831 8481
1207 4086
7844 6928
8494 8308
1533 9920
3227 9993
1115 9854
393 3655
6493 1567
2924 7965
3095 2404
2507 6125
9404 8194
7505 8750
6326 8539
7825 2157
7021 9032
6243 4865
5960 4738
3173 7494
4658 6401
7487 5774
6255 7880
9430 2748
9448 2354
714 2544
4758 3221
8669 4163
1416 6174
2913 7742
4713 738
9900 1734
9771 6143
6600 5732
882 9774
3226 5540
6175 714
1315 2430
8595 745
5179 8043
3099 5894
587 7858
9115 9256
2021 532
5431 4935
8274 145
5674 8174
1880 5445
4318 8480
1178 5200
8254 4404
741 4430
5119 2056
6861 3714
2801 2041
1757 5901
7935 2344
3760 7051
1601 5782
7583 7033
718 5858
7178 6392
4032 9059
1838 8351
7540 3016
3552 5795
7421 4293
225 2541
6350 7086
6255 9152
9128 8013
5053 7063
358 8814
4115 1959
4596 1698
8993 5315
7557 6172
1707 1589
5231 3546
9941 2772
6563 3493
8567 3985
7787 8792
6526 4138
5879 2781
3290 5008
794 8344
2071 1152
7158 6187
3112 1755
7886 2105
7070 5443
8278 8778
7033 3510
2324 6974
6282 8888
468 4849
2873 8256
3642 9399
2394 9522
2180 5684
4530 2975
4028 6602
4128 1187
2789 7240
2943 675
9346 13
6119 7624
8791 3152
1134 1116
127 7417
4 595
2266 2877
8851 5909
2277 1246
5431 4458
6930 9962
7433 959
6564 1561
2147 9354
8802 5090
30 8149
5104 6149
5774 3895
9301 6909
5012 9428
4326 5017
24 6592
7895 8875
2501 172
122 7933
4630 7052
7895 2063
8012 4459
3625 159
3814 2428
5250 3844
577 354
9993 6351
4249 9294
3260 9262
8723 7586
4279 8747
4179 2174
7623 6681
2346 7745
4614 6977
4798 2510
9040 2810
6970 2666
2970 784
5094 8220
4628 5671
8574 4621
2023 2824
3916 5283
2086 2639
2870 6366
1387 7050
8541 9010
3731 888
6755 8346
7865 1553
856 6906
4364 7826
9572 7334
8610 4667
5555 3239
338 4129
7860 2361
6954 1777
7645 9040
4416 516
5407 5803
7566 3949
4814 1298
4838 1569
9644 2703
3123 501
9610 7488
8328 9182
4823 6939
3849 378
178 4188
4507 8039
6550 1461
9816 4196
502 4233
4712 5910
37 2279
9860 4851
3577 4698
6421 3222
7402 9545
3724 7012
7033 2053
6194 1856
8992 44
2234 9171
4233 6742
7210 783
8204 7027
4980 8707
1261 9693
4618 1298
1972 4478
6149 5550
9177 2570
8773 6579
2115 2498
3591 9149
4551 9786
1005 3544
9830 3240
2715 4064
9983 9926
4848 8188
6954 9828
6895 8215
9521 1514
9513 1494
5993 5663
7044 5170
8233 5818
1749 349
8316 5340
9499 2867
5126 504
6411 4957
3745 9127
9021 3728
9054 3869
1916 6008
3697 8812
4223 3219
327 3737
4713 6320
9400 1757
1490 7634
7576 3239
7983 5892
8579 7482
8760 3706
7987 5172
8663 1733
4299 7684
5461 3354
1554 7378
9362 5252
6191 3586
8471 6518
7323 3184
2838 6723
4942 4329
4357 2518
7568 2341
8411 6148
9824 7171
9854 7812
2344 8517
9545 6644
6202 5007
9998 7757
2385 9360
3009 8577
2946 1481
5095 269
4666 7934
6993 9609
2263 1350
2128 9832
3692 539
5980 3516
7711 5834
1328 55
4352 874
6699 555
5881 6697
8313 8267
6058 1322
6844 9004
2804 1940
9274 7470
9875 6268
7079 2138
7618 9207
1970 1311
9747 7951
4827 7458
3786 6156
7513 8138
7030 4213
8694 2912
910 7007
1179 6968
8330 8024
5973 1134
9965 5248
8605 9840
1516 5685
1979 9135
4892 3949
446 4640
1901 5274
2098 5687
1430 9612
3825 8461
3825 2520
1374 4736
9528 2554
1705 7858
578 7679
8993 544
2927 7599
384 4443
3284 2363
3579 8177
6313 4025
2817 8214
9299 4916
3901 730
4528 7727
9192 8354
248 566
3090 9776
3120 4795
7635 3699
2474 6629
4243 5402
4228 4628
9846 7512
6991 3425
5690 3305
7451 8508
1519 6750
3424 5421
7481 7953
3148 6673
6307 3396
7240 9398
3173 361
4193 808
4060 6668
7437 8304
2071 1665
2932 1917
9178 9924
5343 4869
3229 2794
3377 4749
9545 6801
171 7026
4754 3320
3700 1062
6716 940
460 9890
1301 4654
698 5362
1323 8136
3667 3394
9801 6599
5312 8980
6524 655
3849 9754
3450 7226
4503 2995
4028 4674
22 8783
7994 3722
9845 4711
4663 305
4602 5965
4959 5300
1327 6282
3436 4994
9677 3238
1594 4989
2219 8118
5645 6068
7872 9095
3295 2376
2090 7324
7051 2112
6107 5046
5834 5953
9758 498
6259 4360
6463 1218
9661 7790
7501 3098
2785 7179
6336 4380
2168 8555
2498 7814
4624 371
6909 7920
2748 8999
5244 9800
1112 1352
4846 6947
7305 4605
7445 3564
8966 3908
4783 8627
1699 2285
1726 4484
9464 8062
8864 1633
6618 1363
9447 1243
1735 6356
9163 4484
5356 4407
4284 6468
5759 9131
3415 3065
3736 860
6629 2703
4769 1412
1331 6468
3698 3057
953 3162
1120 9817
4796 7738
1181 4243
8982 2916
600 8145
7400 5956
2553 1685
2425 8313
816 5841
1378 4553
6702 8007
7256 1471
9420 8588
7939 3118
1645 8892
6281 2765
8710 1077
503 9891
5320 9486
2808 5921
7631 209
1877 185
1894 4303
8498 2711
144 9876
7264 6846
7884 4521
8317 7304
3109 6257
423 4755
5150 6704
7520 3860
7781 8024
3752 3102
7510 6560
9023 5141
6770 901
5327 8664
5204 3825
1376 5349
3702 8641
2195 1586
3163 513
8891 6272
6771 9314
1028 1921
6019 8548
5781 3800
6572 9534
6903 4082
6095 5926
9224 2865
6828 4551
1530 2032
8377 2906
7381 2079
1547 9577
3665 4710
91 2556
983 6862
1871 2011
8783 7890
559 4565
1691 7132
4099 8594
1215 195
4521 439
3060 1349
4991 4590
3382 3368
7497 764
5447 9045
341 9113
3755 432
1670 4739
7295 3541
6751 6078
1432 7311
644 3123
4443 4744
1718 5658
4939 6239
6098 7999
7589 1090
2590 971
4458 88
1735 9906
9133 2077
9020 2889
2510 690
7629 9805
4232 4380
5884 5665
1691 6528
8789 6135
1272 507
1794 6211
6747 7893
4211 4336
8983 6801
5308 3442
6890 7044
3349 6023
9121 2369
8912 1632
3060 6542
1437 7292
922 7322
2957 2614
3850 1746
8750 5123
2254 544
1334 9002
8438 5546
3338 7421
2348 8647
864 9238
5691 4213
5261 4812
6583 4174
6444 9643
716 7882
6936 1639
5204 9894
4254 9055
1641 3004
4178 3895
3549 5513
2897 1987
1059 6236
9409 3407
4883 273
2645 575
4486 7907
5388 1069
2082 1833
713 2799
9715 7649
4438 4920
7543 8692
3975 9184
1697 8154
3080 5246
3667 5978
7233 4726
2215 6643
8133 7099
6916 779
7674 1403
8686 3062
2473 768
4895 3186
3568 4611
836 8006
9531 8380
6699 3507
7565 8396
1661 645
3643 5328
6624 877
55 8839
7520 8189
5938 4436
8968 3612
5839 7655
6675 8313
8423 1570
1499 1992
6182 2336
9998 5714
716 6698
9221 8281
5095 883
8927 8738
6212 5551
9615 6268
4391 7135
4457 329
1572 3425
3942 7411
1080 617
5725 9504
2188 7225
1496 8370
9561 1495
4084 277
8193 3306
8559 3289
4190 7487
2027 403
3039 1642
6671 7430
8778 1128
7759 350
4553 1701
7762 5634
2318 3487
5138 4506
712 6635
2877 273
8130 6961
551 6324
268 9111
9613 4458
6598 1641
4861 9638
3284 1533
7068 2062
2661 4828
2412 7215
6529 175
2849 8848
3662 7988
3355 4374
4624 6232
4648 2754
3194 5200
9079 3462
4311 8693
7921 910
334 2783
548 3619
4316 7617
5681 6977
2445 8094
4193 8975
8269 7042
7823 1932
5031 1179
6306 9655
7411 955
2410 606
6156 1490
4069 468
183 1991
1378 518
4774 1927
4137 9091
9544 9819
6069 1990
7913 262
965 6182
7305 8788
8115 2337
9968 4421
1992 7379
5377 4403
7986 1533
5893 2055
2001 6076
4046 3380
6595 8821
5308 732
7912 4853
551 3982
6843 8465
4244 7808
4648 1550
6597 2763
3887 6565
7185 5879
3945 2562
282 1932
4096 6175
3987 6098
2252 8034
9478 8848
6856 4787
9580 4768
9640 132
8750 6484
8598 2995
4292 3246
4545 890
6010 8432
7456 3195
4312 1402
5758 4595
3334 9855
770 7322
5953 3023
5357 5432
1871 2213
219 1452
6982 9860
1585 5733
6344 184
8728 637
3430 3274
1528 9441
1706 8984
2636 6018
387 8395
613 3722
8250 1384
1045 4204
4408 6402
9637 6280
8616 9856
7733 5598
9717 9318
1331 6061
9502 59
6699 2933
3333 8227
2374 5040
7212 5011
1059 7599
3407 1673
1321 1657
3058 2367
5862 7466
8769 5499
3747 7385
5356 1480
2983 5073
798 4315
1135 301
4375 7834
3235 7709
6061 5609
2749 3273
621 3809
873 4028
5482 2195
5686 8540
4562 1548
6007 3331
7048 9754
717 2404
1234 3701
7478 2033
8016 8614
2335 2391
6448 5570
100 2510
1180 2850
5784 1802
6659 6657
5830 2141
8853 1516
682 3415
3065 6689
6746 113
6444 7464
2518 7679
1165 9997
9713 9181
8611 2049
1573 5060
7619 1673
7570 8800
4523 3355
602 1183
13 6432
3324 8866
7949 4007
2281 1015
697 9028
1129 7141
6492 3647
4821 7657
3644 4535
6839 2255
6584 8413
7315 4204
86 4886
3004 4610
8241 3607
5794 8254
40 9118
7120 7989
3126 9402
9005 3823
8430 134
965 4923
3781 5786
2581 7426
321 9420
9682 6906
7833 6997
1110 7920
1884 4115
2531 126
7722 8325
8380 7762
7444 5501
5752 570
4904 4757
4393 3334
4891 5358
8257 8673
1145 838
6099 1467
259 5781
8373 8093
2779 9484
6013 4664
3599 8545
4790 1322
6870 3171
9084 4315
8673 4836
4885 3577
9594 9278
6911 4485
4637 5168
3159 5782
6007 9258
7249 6266
5040 5623
4359 7820
5107 373
2484 8707
8918 7274
29 5789
445 9113
104 9118
3950 4990
2695 3544
4269 9607
8030 8906
4776 1190
4689 783
448 1938
7050 5489
7562 1410
3309 2670
1784 5793
1377 702
3068 1406
6492 3513
520 6597
2632 4470
1587 5328
8015 5856
4935 6046
4763 9711
7236 9452
495 7685
1391 7545
3174 8953
8955 6484
1623 739
2278 3000
1442 5347
4407 7935
8860 4927
4532 1493
9397 6120
6821 7413
1976 1756
3459 6739
1468 695
6192 1963
8381 7583
9508 1556
6536 8464
8041 8160
9204 319
1161 647
5666 5568
8583 4527
495 3116
6021 9893
9236 2842
7306 1213
4599 766
7953 6068
1462 4145
8031 9843
1728 7540
1400 8265
6005 9441
6426 5210
9760 7587
5857 5427
3155 4440
9955 3651
7556 5976
3544 6793
8819 851
8006 3419
1618 5960
9487 3080
105 7518
2924 1834
5059 4324
100 1064
3765 6526
