1000 2
2306 5567
6612 6599
1120 3746
4801 6420
9100 7958
877 2372
8268 9519
246 6700
125 2467
5312 9677
4299 9549
145 754
1494 426
6378 8764
1342 4846
8887 3649
414 5500
248 1534
9246 5049
7955 8347
3008 8832
719 1276
8352 966
7977 8477
3434 3289
8154 7734
2839 8300
8488 4334
8726 4866
3098 68
9713 1986
3718 127
7486 3966
1662 6733
9016 9617
5080 2024
8450 5800
3301 6802
6767 1278
5279 201
4568 3434
7935 7407
1734 6423
1742 460
1290 4841
529 1004
6827 4248
1132 4313
8214 2794
1047 7230
2411 6127
9255 861
1928 2556
7663 8695
3834 2943
8896 8402
6377 6832
5810 8111
3255 7552
8572 4546
2393 9102
5550 9221
3350 6682
3535 1565
9476 4582
8795 1888
709 8051
2750 2638
607 414
1333 4441
3357 229
2843 9734
7061 8654
7846 317
6207 6419
4863 8600
5521 414
7822 8872
7096 1357
437 6573
5939 9233
8461 6649
7284 1211
9287 7892
1625 620
2333 4983
850 5177
4717 7912
3831 2564
8229 38
8983 3093
8639 4505
3507 6461
3377 604
7818 3815
7177 3758
3049 5639
407 334
6850 9695
8226 8476
315 559
3459 1166
5737 8177
9078 9569
741 7308
9608 9724
401 8247
4229 3909
4709 7607
4513 2528
1423 1691
6286 4472
7330 6694
4806 4181
6389 3032
2657 6705
3592 6117
7871 9330
4294 6950
8899 5036
4258 8507
4761 4660
6755 8990
8569 1465
6598 3083
3993 8021
4775 280
2494 2105
6975 7301
6286 3365
333 8944
70 3926
5061 7942
3256 9356
4892 2156
4392 9150
663 9153
3810 7419
8144 2380
8884 4743
5464 2878
2765 239
3159 5259
2345 134
2560 8632
3500 2894
7576 3570
6821 2638
1513 78
1995 6405
2234 6387
5556 2897
5541 9367
316 3686
1748 9200
8429 7212
2079 1194
7452 5238
6454 9797
5372 9015
8430 8873
1910 6006
2443 8731
8645 3957
8809 640
363 1043
7028 5919
3941 2569
5287 4258
6256 7035
3459 4685
4248 5538
5880 1700
776 2335
1498 6149
1350 9928
5022 3260
5935 7466
1991 4580
1423 801
5221 1786
1845 2249
7706 5786
4819 2993
44 1075
29 3503
5760 4277
9041 1641
5978 9818
3976 7477
5967 5326
7405 990
8587 3341
8456 578
7921 9880
1380 3143
1667 3225
5392 9373
9012 211
2367 9057
1287 2396
2560 7047
6674 1602
8689 2653
1421 2665
130 7389
7992 7535
8379 6579
876 6836
7158 8798
6716 8538
1942 8383
1764 7334
7757 777
7546 125
9834 8833
2522 2395
5881 9196
3997 4570
1849 5419
7236 1979
2808 5229
9515 1187
1808 392
8023 8967
9191 4740
7506 1133
3124 9270
8468 881
47 6015
1006 9882
4848 3529
2277 730
2725 6275
5301 4575
1694 2537
6555 4502
7767 6071
5690 9575
6463 3714
8543 5655
8454 6049
6788 1578
5320 5257
2460 5368
1272 3467
5250 6121
6996 7527
6851 9722
3802 2153
4297 5497
4690 853
9999 2458
6924 5690
2033 3387
9404 576
9042 7859
6626 5831
9437 1946
1089 1898
7314 2361
5365 2565
8483 2362
92 5334
2084 3895
7487 6381
9393 2178
7234 9393
4636 4159
5083 6670
7546 4487
7247 6589
2347 3873
2421 1784
5820 3510
3683 3135
5872 9048
5700 4355
1410 5793
9690 3495
9689 7178
9877 9082
9357 7112
8475 3994
1271 3558
664 8817
8046 7912
5407 393
1786 7829
2178 7606
1340 5861
741 7212
4910 6442
1568 6321
2235 1259
9816 1925
8437 9694
1007 7794
6806 9483
1788 8077
3041 2453
6895 1088
365 2302
1482 2152
132 3661
9758 1472
9522 500
8684 4433
6943 253
755 9179
1512 572
1104 9950
266 2112
7744 7072
1595 9533
5149 4637
1987 2044
5725 2353
4347 7208
4505 4479
869 4264
5952 392
4764 4637
4825 1707
4890 5581
886 6402
6154 1991
6352 6420
4103 4097
3493 5698
3631 8642
335 5618
687 6061
7971 5035
3270 2477
9515 4139
6741 5467
4531 1506
104 9357
3214 4994
4939 4100
1397 1093
6092 7750
7513 195
1848 1006
5894 5480
9649 6229
1098 337
2291 9070
5372 5561
1548 4888
9701 8289
355 4233
9795 459
3590 3009
5454 8530
7110 6852
9623 3203
4603 7137
3398 6452
8144 9292
1932 7793
5522 3031
8131 7814
2102 3504
3376 3650
8392 3077
1939 8747
7310 1735
9207 901
4745 4662
9432 1856
1515 9055
5059 6118
6192 8457
2571 4337
7750 4503
2131 3273
7534 262
1087 9636
3766 4463
3287 2158
7540 5227
906 4851
6962 114
5753 1708
4777 5185
3564 6292
4241 8624
2411 434
7082 4982
4771 4832
9485 6902
8105 7020
7165 9193
6657 931
3656 9944
3090 1197
5171 3997
6049 2134
4112 1802
3842 8889
6988 7407
5181 1229
6032 7592
1664 3114
2574 6435
7947 2060
3338 6053
9081 503
5246 5738
1435 8903
5683 4526
100 855
8523 6150
2989 2635
7953 6832
1524 4941
4239 6706
6171 271
4298 7835
3386 6873
4271 1333
8934 7610
7386 8016
8113 2633
3754 9549
1536 9438
4075 1636
293 2599
7786 3282
5234 5739
114 6759
681 4354
3466 6853
4626 7764
4689 8012
4638 8960
9345 3573
6570 6732
1589 4684
9365 5344
4233 901
4782 8309
2538 5076
908 325
8358 6143
6065 8473
2902 6747
2827 6368
3600 7454
4133 8289
5466 8772
7250 4812
2346 3821
1544 3935
8505 910
9279 2739
1812 4062
1048 4351
9138 1956
4677 7497
8099 742
5970 1002
7489 8798
7370 1090
6253 1504
9379 1719
277 6630
6531 2623
451 8076
6558 8956
8987 5838
1695 799
9901 2744
5151 9040
4700 9828
6537 2799
570 2508
3801 8060
1307 1172
9151 7560
2677 8531
9279 2954
5161 5811
5577 5612
3888 2136
4569 2875
7974 6265
3675 7876
9009 8826
6916 3709
8655 3453
6509 9226
5962 311
7286 7269
1483 6438
4829 4161
4969 4109
7115 130
9921 2693
5743 3810
4829 312
6686 2804
6577 361
680 5586
9188 7596
9296 7843
1050 5805
7069 7012
6116 4356
4282 7600
794 9112
1761 5764
3222 8876
5895 3143
1569 1638
6954 6398
1950 3640
9203 8528
4002 9883
4114 3190
7480 3410
1034 8531
9216 8103
5544 5332
2460 9826
2932 3255
8938 4693
9019 2160
3570 4914
5304 5139
6553 2258
1538 8503
5899 741
7032 9901
625 1147
3091 8105
4558 4125
6636 3774
2229 2180
9106 4689
2007 2039
7944 945
6733 6964
3106 303
1878 8411
5442 8431
670 6980
6935 6569
7722 3968
6470 8347
5115 9562
6452 9673
3688 3089
3447 5917
5270 2554
607 7277
4594 8552
8223 1327
5516 1330
1630 7395
9742 7073
5827 412
4054 2763
6982 1776
6731 3453
123 1846
3015 6576
1520 6704
9666 4968
2622 4936
7523 3229
2214 2117
1782 437
3445 7298
1768 5075
4694 1510
2148 521
1922 6202
3285 8904
7979 16
2358 8102
1863 5373
4679 3383
2078 4345
8351 4700
9282 5874
7930 1496
7992 9712
1933 1437
7011 3701
6512 1705
5211 8661
2227 7134
4864 5512
6039 2843
5529 8397
946 7392
3771 5626
775 5849
9971 9126
550 9253
5001 8480
750 2993
8193 2684
4430 5204
6385 943
6910 1597
9605 9138
8732 4469
4651 4771
7313 180
3169 8259
7572 6941
3886 8348
2791 3857
7475 3341
3111 2476
1822 3862
5470 15
6546 9900
5220 2932
844 2131
4529 449
1270 3262
4919 5921
8034 2232
6102 1204
492 3675
8145 4378
2023 936
8236 9498
4278 1348
1974 6100
5210 7445
6116 1756
7345 1337
4688 8190
3468 9218
8639 4739
2480 3558
660 515
5791 6762
1719 6283
437 9864
661 2461
801 8898
1959 5080
246 3934
1180 5456
1379 7297
7213 8725
8635 1901
6915 2104
1120 5555
6843 3601
9114 7503
4116 4905
4266 5836
1188 4704
5701 1850
7165 6502
748 9124
1582 994
3059 2763
6451 4439
61 3664
3164 8696
5566 80
800 6686
5635 7643
288 4749
5146 4405
9655 9413
241 843
4117 5942
2694 1282
2444 3442
407 4027
4437 3467
6791 888
7906 6852
4553 1070
5548 119
1150 6349
6806 6786
3992 7095
1536 9139
1500 1191
8553 1741
2034 2670
7684 4729
3953 129
8171 4361
4156 2608
7828 947
3497 5734
7800 8050
6805 3349
8169 7956
9698 4976
4743 3691
2071 6279
2831 3571
7470 1384
5313 9505
4054 2997
4234 8008
3126 2406
2369 7283
5014 198
8231 8512
5933 6031
6562 2738
9380 4732
695 9079
9708 5438
2770 1780
1718 5601
5352 9189
6985 666
8694 1040
3663 2929
9048 6790
5335 1418
4073 350
1616 2305
8863 7549
8336 5425
288 7717
157 984
6797 9866
6423 9568
1647 8141
5170 6999
7330 2155
7665 6025
3196 1329
8955 2245
8120 4291
3664 2194
4642 5280
4499 3505
2830 2836
8930 3119
554 9088
4104 7351
8954 527
6919 602
8669 2089
7602 5999
4245 5267
2025 7442
6597 980
9688 4717
5272 3352
6911 9914
8633 1411
3419 1464
4247 2350
4583 4802
1438 8688
2153 393
9215 9073
995 7884
1163 8597
3884 5409
3865 5910
2852 463
6890 2540
5180 2163
5892 2092
2077 4525
3504 5496
5989 7751
7847 573
2554 9285
9261 4707
9679 8477
3781 675
6362 4945
9272 247
354 3138
6157 3207
3601 3048
5747 8782
5211 1639
875 7288
6165 4379
2785 2155
2131 632
2728 4685
9918 1990
9393 9597
468 3175
272 6830
8120 9545
7078 8475
2684 3235
1682 6286
6283 7429
5068 1495
9069 5944
8783 5235
324 1569
7390 2456
2202 119
7141 2121
2110 6535
1718 2578
9710 1991
9409 7831
1537 6487
6306 4222
9723 7988
508 6006
5418 5577
7501 4488
1521 6285
9724 1845
7855 7114
4301 57
7234 1443
2178 9345
7979 3897
1924 7689
5889 1333
5520 7427
7821 1827
1649 7544
9816 2157
3551 5234
7734 1053
9723 9256
7339 9447
1102 5194
6562 5404
5252 3797
6848 7430
3142 4827
1328 5066
2516 7217
6400 8037
4645 4222
9864 6294
1767 9680
8452 5319
4915 6187
6372 4639
5443 3712
4087 6545
8907 650
1950 4159
4447 8798
1590 7590
3625 2918
2657 6142
136 9058
4180 4781
3280 4044
1076 5048
3725 9528
367 8641
5715 6740
3281 1158
452 7368
7704 9360
8019 9655
3519 2467
8453 5110
57 2078
8028 2715
8221 8165
1773 2401
2947 5054
6446 4023
102 171
3551 470
8813 9266
7210 2094
425 7663
9463 8130
7023 7482
7785 543
9950 6238
5653 8
8317 3681
2723 6538
1847 4497
8939 4794
9552 5386
8817 9655
5558 2369
125 4371
1636 7336
6466 2062
4999 5930
193 2023
3413 7978
2566 3363
4217 8219
3371 2535
1901 6095
9073 3748
592 8013
8543 145
3400 7361
9800 8958
9731 9926
3329 1367
7262 9796
3430 2262
5727 3623
4285 9140
1602 6851
2504 5819
5071 5876
8354 6972
1971 7428
721 2564
5442 9264
2709 8842
6626 2510
7800 6357
2436 1130
7724 9699
927 1155
1961 6654
4778 6247
5795 6380
3098 8299
2200 8170
4176 555
5142 6147
7984 5864
8712 3426
5128 1422
2269 1755
3933 70
8112 6370
1201 5837
6069 2129
6992 8031
8783 1770
4278 4579
8151 7377
2879 351
5547 7055
906 690
3203 8890
6554 1915
2317 1683
3338 4587
3438 7271
4657 1550
3641 5859
7388 9710
7988 4380
7741 6772
6151 2020
1351 4302
9397 4230
4653 4945
1285 5560
5635 4489
4451 2189
6404 6768
3873 9742
1355 7311
7014 6013
8862 655
1872 6251
365 9861
631 8107
6633 6782
128 7984
1085 9525
2215 5739
4470 3501
1299 106
7990 5750
2295 4395
2519 6169
4138 3874
3481 1152
9888 2344
1807 1760
8595 2173
1621 9226
281 8255
6009 409
6239 7095
9934 8454
2834 4405
1956 4134
4511 9946
9885 6807
4341 2404
2976 8479
