1000 2
293 634
4023 4452
717 8070
540 7194
8874 8598
8201 3172
1081 4195
3978 2494
1431 9038
8528 8351
313 6823
8640 5715
9060 7607
1582 6639
8540 3024
8761 8833
3659 2784
3286 4377
855 3826
1571 9730
2424 9773
2903 3506
3968 6881
6001 5400
5919 4529
3752 6232
1353 2392
1948 413
9999 3530
7052 8540
6555 5814
7374 214
8599 660
4591 9454
4486 6163
9185 6911
5937 2088
418 9905
8969 6419
5305 4889
949 9058
1121 2302
1450 3070
2716 1450
6601 9769
9990 3156
5583 7364
3370 4182
8025 7962
3637 2511
4125 2823
9423 62
4911 9841
9968 3881
6261 5274
8770 7210
4332 9892
9513 5782
2963 2230
7233 9564
1999 7223
2720 7583
4588 6091
1766 2613
4053 5404
5125 8179
8227 4549
8241 3139
4390 8209
7021 652
3484 5792
7862 7816
5684 7376
3599 8648
9606 832
8212 1605
8056 933
9189 2644
7024 955
5258 1078
6360 384
9257 4588
4933 7499
7727 9324
5708 4748
9976 9192
540 7839
7009 6225
5215 608
4874 4821
1440 3086
6427 9496
4020 5617
2141 1045
6573 7400
2124 2933
7784 1381
7521 2718
8880 5249
2042 4589
9997 2019
3782 538
9858 792
6764 5073
1400 1638
9895 2840
4725 6322
2337 8746
1939 4479
9791 8513
1880 1915
1446 9665
3297 8967
2383 2178
4217 4426
6768 4215
6445 550
4753 6304
1342 1518
1378 2743
3157 1273
5584 7882
7596 7922
6629 9536
2401 6420
8049 4282
8336 9495
3947 1633
8463 6331
3812 2680
758 580
6895 7204
1131 1649
3508 2474
3168 4886
5217 6325
6160 801
4208 3756
8723 837
3292 1125
7257 1342
5407 5594
837 9355
7228 9301
5687 1040
1982 6445
1620 8878
3650 2751
527 7158
5225 3695
2045 443
21 8205
1244 4229
1962 9968
5066 5255
1093 2324
6597 6501
7918 7435
5856 5146
6737 1544
6187 8719
7989 7807
7597 1639
559 8125
8798 5785
1821 844
6228 1842
9050 7472
6071 1012
7441 1138
6267 8534
3462 2865
5035 1381
300 892
6527 7038
2436 2715
5757 426
522 3355
2065 1082
1480 864
6867 3301
1708 3096
5144 758
569 1216
1771 8010
2354 8039
6544 5816
904 1580
7198 1205
2472 3725
8243 4909
6440 4001
5335 6963
7356 7401
8046 8836
8265 4913
2138 9974
8009 7282
733 8579
8498 2504
6589 852
543 3133
6669 1448
4714 3867
2653 7186
7593 897
2095 4034
4898 7431
998 2254
4832 9044
1091 3098
3958 3229
3072 1967
512 3805
547 9010
6310 7136
9863 6853
270 6533
8302 4984
400 956
2170 7994
1853 4266
2028 6752
1697 3027
9007 6529
2071 98
9627 6029
3328 2700
7997 3840
6506 8544
2851 2816
5680 2714
9670 5950
9247 7972
934 9648
8928 3105
7643 782
7371 9672
7534 9069
2699 6542
5599 4771
6640 5227
800 9968
7927 8798
3809 4433
7342 6660
7250 3023
9375 6921
8974 8623
4893 9909
8272 3822
3014 5915
4605 386
5587 2140
9456 8287
8682 5055
3058 5322
282 3858
5291 8209
2656 9101
2643 9999
5762 9894
3022 5137
6815 1997
3760 1709
1906 2033
5532 4920
7948 137
5307 3536
2277 4763
1823 959
9818 4881
6282 100
8740 1574
8310 1397
675 954
1396 6437
849 4419
1575 7664
6416 5336
9373 8323
7369 4905
3243 5318
5043 8551
8854 7321
3314 677
8281 3133
5559 4564
3234 4299
6138 1545
5697 6814
2499 7093
3252 3348
1513 4827
1013 7930
164 387
6253 7533
5292 9497
2851 336
8048 1706
7657 1363
2383 5939
4496 7943
503 7730
2243 6641
9276 7940
3456 1775
5034 6709
5124 6547
1537 6137
4478 1701
6524 732
9235 1817
229 2086
2154 8278
3793 9812
9642 6176
5751 4138
4120 6254
1869 6363
2896 1145
4303 6352
2921 9337
3061 8046
5885 4598
4184 364
6300 709
1096 5535
2526 1326
7622 4681
9605 1415
4493 9247
7592 244
3385 1712
6499 5255
8076 9395
6401 2379
5748 9322
1717 8810
7368 7603
3409 1552
7968 9709
2261 9064
5244 4788
391 2867
9470 9996
4282 3964
9243 1875
4209 2629
3587 708
7884 1663
103 4286
4043 5852
3608 5761
4662 977
3365 8071
2530 1333
7780 4792
397 3025
9581 789
5892 9052
785 175
3016 28
2050 7225
2658 5638
7933 543
7302 8037
4829 1345
3889 8438
7107 8552
9416 472
6623 1947
1805 4404
6739 2203
7430 6321
2993 3323
5373 3778
3498 8390
3807 5549
5615 6465
1187 3549
7008 8489
1587 1838
9835 5476
276 6942
4029 9692
7415 652
1640 9221
5057 8379
1425 2487
4701 4418
5810 75
8196 9309
8465 2004
4858 4081
8469 6046
7630 5478
4535 9217
7316 4371
4694 7593
1313 8724
7286 8729
9377 8926
7950 4434
7306 9376
6922 2008
3794 2733
2083 1991
2043 549
3995 6901
4630 2465
2948 2261
7943 7483
1479 5260
1855 6174
2854 3168
4898 140
1898 4275
9067 9849
8710 6373
9225 5633
8382 3019
8366 465
5011 409
1015 9006
7311 5646
1471 259
7907 9415
7743 9387
4676 9598
5561 7530
2767 460
7671 4666
4736 6739
4515 3446
3113 3740
9079 1495
6760 7446
1961 1771
7856 2976
777 5168
8622 2249
5428 6530
1665 3172
5917 6342
2770 1479
3873 5538
1940 1545
204 6676
8284 4719
123 1397
8460 9203
2893 5220
6650 4854
6991 4506
7830 7769
9674 6453
19 5102
2983 1685
8274 8901
8027 1045
380 1900
6584 2320
3445 6789
8997 1730
1509 9120
3128 9969
8324 6021
5190 4974
875 2181
9480 8706
9951 9155
5159 9971
4258 8143
1656 2532
7044 9683
3578 7425
1584 162
9745 5029
6951 8743
6760 8461
7864 9888
8430 6188
5909 3620
1163 6785
5802 643
5491 5754
9799 651
5725 4057
8794 7381
6590 5839
7064 168
3264 8648
331 3010
3678 7283
1753 438
5744 9618
326 4175
5806 6236
7796 6970
3021 3598
7614 8513
9352 7413
9165 5078
1470 7960
2459 8061
3799 9524
8229 7064
8173 8561
74 1852
5844 1828
2291 1588
1446 2618
5763 7253
8854 3559
4223 1876
7158 1838
389 6511
9251 9554
1589 722
7514 4049
8783 1314
3573 7013
8378 1746
5574 8452
3599 1418
281 5890
3007 1728
8508 8771
8981 7362
2331 3205
9238 9489
5043 9627
6001 4295
9182 7591
5017 6696
1640 3801
8011 5214
814 6389
6960 6389
4841 559
7807 5123
6449 815
6851 4957
9586 5833
2320 1917
9038 1558
1407 4082
1186 7409
8377 369
5000 3395
7066 6641
7196 5077
1855 8011
1466 8816
4400 6308
9375 2208
1431 5825
3023 8282
783 2609
4115 3104
4527 3154
4662 5935
7236 5849
3344 5614
6218 8345
9009 3284
4986 6206
8362 6842
4218 9828
5658 8618
6136 5033
826 7568
859 3850
5850 1643
6459 9966
4747 987
3120 9410
6923 357
5260 268
5972 1479
8613 4981
4763 3600
1188 3125
442 5406
2954 6100
4025 9091
1134 4852
6659 1994
8702 2509
3637 5162
2476 8385
6149 5597
7795 3072
5954 3056
3340 1926
4535 1954
6908 9299
5554 8097
2425 5997
3504 5379
2098 7529
4470 3232
2381 1129
5226 1083
3639 8864
6246 6115
7249 2395
1713 5045
5468 7667
8101 8809
9594 2637
763 6503
1936 6318
4601 4361
2316 8105
9740 4414
5634 4211
7646 8016
5340 2873
9100 8980
1738 5346
5096 8988
7742 6809
4034 3210
4477 2136
2019 4072
4773 2783
575 6709
9102 5176
1070 1418
3282 810
5832 8917
5021 3479
6933 362
6352 6034
9342 8091
1381 4439
7079 9123
1248 1113
2334 5725
3249 4354
9798 8022
7137 373
4731 6239
5550 5801
7658 8833
6612 3490
7750 1634
6969 4683
1996 3322
718 1339
1413 2099
5778 8493
1222 7027
9606 3557
2753 2856
7911 2551
878 5049
2925 5610
1288 8476
1412 8947
7309 8024
2437 5059
9659 9407
9743 1656
2730 461
2995 4144
2561 8774
2637 3784
5802 2243
7341 8555
5100 5252
1107 5978
301 4032
1589 1590
2509 3001
537 9818
1026 2975
4878 685
2383 4621
2341 5113
5083 5337
9257 7644
4111 1894
1428 9913
4138 8770
8469 9238
4022 9576
5217 4323
3609 6806
5914 6118
9808 6451
5936 834
9427 814
1520 1810
5436 3861
6924 519
9198 6181
8164 3310
8076 9592
3224 2215
8362 1694
1454 2385
1270 6672
6709 4879
3479 2623
997 3287
9075 6934
4122 8503
7748 5642
313 3184
9503 7238
3704 8702
3420 1868
2013 1497
1461 5238
3712 9824
6932 5167
2209 8203
1839 8919
3082 5318
1542 4080
8606 618
1014 2728
9121 8763
8370 9435
1948 7874
6674 5652
6577 94
7520 8590
1591 8982
3829 5304
8806 762
471 1016
8965 2311
9935 2048
7630 1478
6128 6236
2097 7143
8964 1219
5906 7335
655 7855
5209 7329
3507 1787
7423 1028
377 9015
10 4207
4319 8817
4969 4791
9833 3934
7103 9769
5982 4733
1247 2111
969 3345
9255 9934
4564 5162
7269 5219
3017 2479
2548 6525
4266 9972
7553 4644
8987 7564
8851 3307
6381 3821
8099 6215
7755 5202
5985 3738
9935 7232
5850 905
578 5105
839 5142
267 8109
362 3285
588 2910
9810 4855
2883 7363
9499 1871
4928 8351
5179 1310
2172 3278
7525 9928
8481 3510
3667 8416
743 9517
9322 1321
4623 161
6464 4890
8270 6826
8176 8859
9737 7986
3714 2620
5350 3214
4492 278
1565 9671
1588 3738
2950 9114
3666 1431
2625 7333
9848 3368
6851 9170
4690 1474
9332 1155
6365 7602
7981 4541
6462 7719
2527 176
339 7878
3390 4832
8156 4956
4503 9745
8694 7453
8860 2360
8884 1485
9694 8733
4854 6545
7903 9544
8020 7235
700 4385
4838 8681
8926 1300
6401 1454
1477 6741
9332 4868
1573 7489
9824 6076
7235 8518
3530 6095
879 2415
7580 574
1148 2434
7119 9052
1979 5139
6288 2679
9525 1126
1361 8452
2427 7763
9906 3904
4504 9239
8772 6077
6729 8597
2154 3965
7116 5684
60 7995
8099 7641
8570 9248
76 5690
8300 2056
830 4588
4736 355
5715 6098
8807 8142
3861 8714
2047 8365
7954 820
4442 4683
9417 6596
8649 6534
2281 8710
4530 380
6351 3100
9628 6428
8790 7929
8485 9620
2518 3222
9975 8233
9320 8782
6376 3182
7497 8423
1547 5451
9244 5990
134 8662
2587 8783
5196 4868
7493 9726
5249 3845
2826 4878
274 1616
2808 8760
1236 5326
1982 1212
3559 1302
9995 9936
4484 7492
8359 6032
2943 7604
2023 3078
6266 4611
1862 1462
9480 9356
1188 4729
3202 4015
9608 3476
5631 2416
2236 6868
7743 4219
8081 1303
5521 8076
1239 6
5569 9599
6039 8512
7203 8063
1591 3469
2674 3453
4932 2154
2810 6120
6884 6012
136 6492
9489 5768
8909 1726
2637 6652
5945 718
7955 1467
8795 9195
1474 4364
8794 7514
2877 5997
5577 4468
9466 8251
7922 4399
406 732
520 7290
6745 656
3783 6234
6424 2692
7960 9061
9345 3906
9779 7301
5373 8574
6496 6847
2939 5290
4361 5816
1288 9939
284 755
8190 8207
5154 8597
8939 5674
5887 5684
6330 9670
1918 2754
2363 9879
1816 1708
3785 1596
9010 9159
171 5506
6007 3110
797 369
8926 2085
308 9211
2840 8499
7418 7994
7096 6357
3669 2983
2042 9999
2654 3961
2754 5017
3840 4571
6726 7626
6167 5736
6785 6338
1243 2792
9448 2041
3161 8374
4126 3470
7585 6967
1969 5003
4962 9065
1361 8631
2049 3403
8631 4703
7364 1386
9721 1205
5957 6447
8832 2124
2184 5617
8462 3428
8410 7910
5469 1572
6285 9596
5042 3871
6564 7011
8875 1527
6077 236
158 8126
3640 8790
2830 1004
176 2551
2210 6133
8999 1042
8257 1184
6660 6720
4613 5070
4631 83
6642 916
9679 1685
4788 6244
8696 3663
7771 4773
3899 7930
2900 7539
