1000 2
7280 9488
9297 1724
5231 5397
5171 260
1558 6743
2304 4064
3572 1205
3012 7213
6078 5811
8228 3193
507 2447
8508 955
3608 2951
1574 1618
7748 5041
361 5028
4530 9658
6753 9761
5056 1925
22 6615
8669 2326
680 2242
3532 3692
9455 9610
9503 7683
2804 10
130 1312
966 3739
4264 2541
5357 2012
7583 5718
7041 2113
5377 3795
1875 434
5721 1897
7049 4390
4223 7730
6632 7755
1422 6088
7366 925
3772 170
936 3902
1483 1903
7642 5748
4444 2999
7761 2028
8718 4803
4141 4096
8598 6016
4530 4320
7914 1580
8710 2137
9310 5343
9893 732
1431 7259
1658 5203
7430 2594
9106 8913
4498 6748
4661 8942
9748 2422
971 8466
7226 5112
2562 5824
1129 7093
145 9043
8673 8856
1181 7984
4199 1074
8717 5631
8334 375
834 5764
2970 9941
4677 7468
6690 9339
6411 6438
1762 7382
4904 8988
2495 7467
4813 3624
4560 4958
2668 3234
3814 3849
1218 8014
4924 9936
3645 3258
311 4480
9022 3282
4421 3700
750 1111
3040 7161
7550 4802
4543 2455
3791 7038
9922 8604
663 4482
3563 3332
7717 7377
7182 8936
5391 2106
8872 9036
5365 9183
3517 4388
2465 7938
8089 3216
9050 1129
377 6600
5932 4921
9055 9723
1960 8978
8328 2624
3460 1891
5956 1178
9269 3138
114 4661
5245 8986
3698 611
8170 7215
4999 636
5154 3088
3852 4204
4218 4230
805 151
9152 9860
9874 1112
8838 8203
3737 2299
95 9693
3478 9364
2832 3592
4026 8078
2578 7724
8689 749
4940 3689
1385 94
6778 5237
4299 996
9468 5104
1147 8620
4965 1022
9733 3804
9226 3470
6104 9321
3164 9582
8686 5997
3174 2713
4075 5753
437 2765
6502 5377
6454 7888
5472 3232
3126 9771
4229 2594
4875 5376
1215 9841
6399 948
3645 5625
4419 9749
4947 7583
9331 3634
3581 2506
6347 7656
8259 6784
422 4762
2162 6876
2650 7635
109 5776
7406 4338
8370 2282
9715 9585
2123 6114
534 5768
1740 4953
5518 6687
2537 4849
322 6118
7355 6669
3775 5615
3454 4197
377 5616
1073 3027
3252 1182
8803 658
5521 7174
2941 5236
6760 5065
1350 7294
833 3091
2248 6352
9778 4785
1201 100
904 8557
6770 4679
4172 224
8877 4550
5841 9951
7577 9093
1134 6381
9752 6655
3555 2693
1891 315
7758 3242
7610 8592
6333 9859
4944 6112
4645 6146
6213 5549
4704 2983
229 8877
3207 9106
3427 9048
9058 1004
8141 192
7386 7894
6847 941
587 8739
1257 8346
1981 8868
6939 8314
8727 1884
4426 3372
8031 639
8922 2735
3622 9152
1612 6830
8259 5039
5878 7317
6044 4020
7509 3430
1914 4357
4372 2502
3096 5630
849 5077
4498 7789
3392 3226
9673 7818
6599 7704
8458 5522
440 2081
4674 2053
8911 2933
7093 4789
251 3138
8810 7761
6568 724
2118 941
3227 5215
6571 4076
293 1070
1865 3685
4297 1539
1504 897
9244 9962
6419 9684
2044 1093
1737 955
4027 8831
5745 4279
1969 4555
2040 8538
5279 4159
9479 8507
9374 6051
2583 9668
7122 4449
3354 1419
5988 4858
2317 5232
4821 8736
4917 6865
9830 6655
7821 3858
5486 3566
8137 7455
8121 177
5993 3401
4337 5473
1908 3711
1524 4492
3380 8647
8941 6734
67 4929
1593 2384
162 6414
1120 5079
3280 951
1734 1101
4809 7221
4667 2946
4676 2789
3124 670
6190 7461
6143 8099
1173 7668
2591 4553
6315 1532
1287 6382
6462 2880
8766 6624
9295 9887
1704 2576
838 3439
3677 5647
660 8345
8594 5336
1134 1719
6006 7325
9180 2150
5424 353
9818 8016
4907 6133
9549 6195
2516 6011
9076 1282
2636 8372
1170 4340
948 2008
7779 4626
7656 8440
2971 6250
3776 4106
7969 9783
1432 7150
1934 6857
7504 1752
4873 2411
7886 4423
8606 402
434 7683
1685 3071
6055 2855
7412 7003
4864 5192
1629 2520
3632 4601
8770 7409
8708 6740
7192 141
3890 9126
6999 1394
879 1872
3806 8766
6296 2413
9169 6731
96 854
9802 6152
3710 7215
3155 8574
2407 4785
1094 6040
9387 9865
3449 8096
6606 642
8237 497
9769 5236
1892 649
7109 5698
9415 3406
8111 8584
137 8208
9439 9939
4360 3150
7155 7516
1725 9562
2302 2820
5603 1690
2685 9052
9786 9292
9695 8024
9789 9465
3261 1681
114 371
7379 9529
3777 5491
8114 3915
3700 7554
3855 8061
704 1010
5578 2429
573 7881
5249 6176
9571 7935
5229 9358
7228 4924
7383 7017
4389 644
8699 4504
1016 6079
4034 4794
1571 2148
8709 5271
9703 2564
3333 408
3575 8911
2837 4148
6792 8087
324 6364
6023 5553
5722 3251
478 3105
269 4868
3750 8968
9372 4766
5047 3406
9561 6618
5555 8271
1890 5258
836 5223
5666 4411
4135 8504
8559 928
6592 8884
7292 2616
4437 3014
5867 4916
6119 6137
9784 9869
5105 9157
4636 153
2563 4198
6771 8119
2469 8662
3377 3306
3885 9044
7717 8021
7548 6277
8949 4141
5161 6241
6757 9598
9255 2625
4515 5375
8762 4299
5245 3868
3457 9882
4021 6020
4080 793
4140 6550
9455 7517
9856 3341
6562 7573
1362 4111
3850 311
8252 9011
6552 5010
8610 5808
7635 3126
1183 6398
7426 6428
266 883
6311 4288
6904 391
5082 1044
6941 4537
8561 6797
7879 5124
4371 9241
9235 8222
9553 7487
7233 6106
2497 5844
1914 133
8970 3097
6531 6396
9526 6798
7280 5837
1086 4184
6229 6168
5228 3171
706 3790
9968 8586
8914 4340
7827 8149
2562 7381
5637 9796
3487 8135
5640 5401
8269 4611
8499 4800
1008 8026
1599 8288
3864 2685
2472 93
8854 7701
3264 9561
1491 3233
8147 405
7574 5975
8555 136
3357 4193
9932 6844
2328 5573
2246 597
185 745
5398 1193
8772 6997
9482 2636
9683 1955
2730 8538
9656 5995
8100 1148
9229 6248
1554 6803
2224 109
6939 5581
4303 6872
2425 6631
2446 4672
7229 2631
5417 2628
3825 4190
9626 3308
6826 9309
5263 9557
7848 4920
5552 5948
6068 4782
2196 7622
1585 4421
7732 8525
2 2035
5398 2428
8667 7844
7100 5897
476 2518
8526 4301
6708 8152
7610 3535
7462 2874
3092 5310
7794 8645
1259 3863
3427 3456
1486 5013
7877 9218
3538 7879
1254 8937
308 9921
6781 7408
5819 7258
9927 4345
1559 6635
2497 9170
170 9959
2044 3263
5270 9838
1908 6529
3702 5335
9986 5188
349 7863
4406 3887
5743 5661
2825 6052
5582 9606
3460 1402
6864 3388
5747 8424
23 8245
7594 194
8205 9639
3457 3475
9478 5365
5 3180
701 9991
8368 1050
7855 2774
4938 3599
8435 7763
9651 4018
7370 3111
5421 4234
6499 1168
2659 6523
9414 254
6717 7619
9893 174
1095 9371
5540 1101
2551 6241
1092 920
7292 8948
3694 2230
2547 2130
9993 2198
6149 7364
5310 1570
1598 1810
2739 4258
8333 2153
4512 5051
9773 4406
5226 868
3778 766
1969 6330
7008 3062
7250 4300
2011 945
6530 4558
3076 6524
6757 9225
3888 2067
796 5487
3877 3535
9746 2211
5689 4259
7262 5462
8665 2488
6331 2444
3255 8301
8774 263
1363 6025
4563 3375
6971 1094
7933 47
7619 4690
9272 1507
6758 69
6995 635
3604 6741
2847 9293
1000 110
4756 9666
2599 1087
2111 5854
9388 886
6117 752
6911 681
4127 3882
1775 2061
3929 9394
6751 3202
902 3509
3271 7898
4145 6876
4639 6993
6169 5640
7103 926
5307 9702
2013 7418
5557 1402
8304 1674
2154 5215
2356 6281
9098 4132
8343 3028
3527 5094
6230 4429
8604 9502
2328 2750
6378 6967
9743 2548
2608 6846
3475 7915
6548 5488
5334 2105
6890 3638
3780 9045
8854 6137
5327 7953
269 3670
981 3797
8765 7212
8227 7369
6714 555
120 3093
7523 9863
5642 131
6710 9117
8047 3259
4606 3381
5365 1497
7020 9146
542 5874
5283 5869
3828 5553
9540 4809
9350 8305
2021 7577
5675 8736
8132 5795
1830 5655
5659 7473
5787 2369
6590 3835
5628 1197
7216 994
2694 4237
140 3236
112 5423
9106 3940
977 8646
8749 327
6952 771
7905 2627
9508 6038
8423 1338
1694 4083
8812 7481
6452 5402
1316 2081
6599 8533
3075 9294
2771 3215
2530 2883
8639 1637
6823 9617
284 5573
9945 7236
6344 7850
9864 5853
3888 8288
7192 5583
2371 6004
3064 8824
1407 4381
906 8007
2915 3981
7301 5686
7197 9832
8570 5837
1469 5394
5454 1753
967 5399
8990 7312
3250 8854
3165 7139
7142 357
2722 9514
6362 5787
8338 7769
169 9244
5777 3085
3226 3078
8772 424
2911 7342
6262 4380
2736 1716
6134 3703
7116 5124
1016 367
3979 4181
7506 1122
4539 228
636 902
6016 8975
8672 6185
8220 4449
9270 1447
7528 8042
1871 439
5385 8134
4820 8121
9850 954
1825 6967
6079 2841
7334 59
7023 4841
1181 1563
5070 1818
2465 1086
793 1137
7272 9014
5586 6543
461 3115
4586 2333
3555 9971
467 8375
8093 318
9330 9918
7286 5410
2760 4621
5469 9783
9462 6650
1346 4533
8469 3812
5620 9263
4949 2892
8277 536
9436 8739
3651 4022
1073 7207
3993 1540
5582 2087
1859 4913
2005 9146
323 4766
3767 5792
4550 3230
2443 5896
7763 912
9709 3383
175 4658
6276 8452
5195 5712
7192 8847
9734 8265
6054 3728
9806 1636
5815 1666
6550 7821
812 6873
2588 4579
2665 7138
7810 5109
3035 5573
6021 2744
8957 6196
7402 5234
4649 2598
946 1841
1445 681
107 7499
4410 9913
9136 226
1579 5686
8048 2391
2560 636
6971 5225
7774 4781
335 809
355 6356
3554 9313
2553 957
4547 7202
3555 5494
9044 5000
6175 9152
2500 586
9065 1637
812 645
7324 8861
3037 9884
9497 9
5110 7272
4791 5445
8082 5147
1801 1636
4460 4354
2593 9008
1557 6149
4502 602
1150 678
9754 3650
1264 8820
5288 2077
9466 2612
938 2504
2496 436
2513 7606
7709 7305
3051 5791
2452 4853
7428 6912
9208 21
5920 765
6171 423
1368 7321
1101 1123
971 2366
9943 6259
4443 9410
8872 5382
1914 1368
5819 4428
8974 3528
1733 2026
9319 4185
6879 6748
1097 6088
6770 7018
6854 2941
7441 8222
262 8542
9345 1234
909 9289
7494 5352
8699 6366
735 613
7735 6554
5042 6710
82 6775
8736 9402
960 5616
6150 2058
1704 2921
9076 8558
5862 6518
6781 6124
5061 6126
7359 5970
5416 4853
1323 4115
1220 2058
4729 8955
8612 9772
5665 8695
6547 4402
8098 7507
18 4249
9566 1723
7170 8642
282 3032
5161 7063
9157 223
3190 6517
6193 8607
1370 7516
2723 2591
9575 7453
1546 8188
7225 7212
6884 3772
1614 4982
1279 1633
9232 845
3356 6402
9488 3639
9435 4650
703 8593
4873 3894
5110 1067
2501 6480
8583 5224
9072 8159
2677 618
6347 9902
7831 3231
3674 9445
8214 4954
1079 7446
5800 4435
3848 5289
8075 3284
9940 8778
1877 4813
2672 6987
5880 5173
3468 4464
398 2540
2623 3075
3159 8971
2978 990
2203 6652
436 417
1607 1515
7863 7408
5951 1712
2697 4026
4997 2637
2805 6874
7451 5477
3862 3331
651 7330
7796 1050
9871 420
4125 3030
9391 7104
4021 1594
3757 4457
2012 5364
5972 9875
2772 1923
1588 5470
5950 6585
8108 8755
3460 5559
4233 7322
8891 4885
4652 6687
5936 4523
7108 62
7554 6499
7166 1575
8094 923
6032 106
6288 2005
9982 9060
3929 1571
4531 9880
8156 2639
8636 1617
8198 2870
8939 7090
7755 3592
3777 3691
8116 886
3753 5670
7385 920
7245 5480
1843 3278
5587 8131
5284 5570
7192 9213
7141 1723
9094 5298
4363 7730
6915 2562
600 5855
9652 8356
9447 3430
2047 7563
