1000 2
8571 2446
9749 2507
7318 4474
8259 9367
7670 581
1094 7407
5851 3816
6306 4158
143 1112
2628 2848
6022 5075
4047 771
8413 5253
6863 7647
3621 1566
8164 2193
4013 7914
4700 1332
2389 2959
699 59
3541 1794
7467 9393
5610 3773
3551 5754
4885 6180
8603 908
1256 2650
1680 9670
7904 8543
7317 1525
110 5481
3719 4123
3396 8419
5455 5785
1379 6155
5845 4921
7949 3313
4314 3560
7086 7865
9314 1972
4045 7918
2880 5302
568 4561
4972 8472
3104 2289
9998 3214
7770 3717
7338 1167
2137 2794
6953 3516
8949 2798
8437 6899
6112 2752
460 3198
617 9775
5171 4663
7693 8052
9965 8261
2613 4937
6734 5717
7227 6733
8932 4997
450 6271
6165 2588
9065 3118
6104 8015
5917 4542
4915 2029
7294 5375
5228 7912
5150 399
2576 2844
8452 2542
1106 1065
7480 7840
6783 4707
4573 5716
9705 5024
1987 5870
7612 1053
8988 3717
9068 4905
8260 3984
6935 5555
9359 2163
3468 4510
2563 6044
7354 1016
8586 8460
2081 6067
6301 8865
774 875
4581 479
5899 6568
6349 3512
7622 5338
7230 6691
244 5491
675 7179
1046 35
9343 4514
4545 1907
559 1900
2923 9146
360 5005
5213 6662
3870 5987
7537 8452
6466 3437
5020 2816
6950 2643
8154 4180
9334 8399
9672 9
5578 718
44 4922
5233 4590
6830 5792
6490 9754
4939 6851
4759 152
3513 8630
6139 1051
7082 2606
4488 2103
5423 1438
4746 3578
5619 4080
1977 5291
4089 7556
6010 4134
2479 1244
8724 9309
7037 5214
9063 1976
2065 3823
2128 5579
2453 8268
6630 9535
875 1118
1638 6299
2557 6385
9877 8177
465 1855
3469 4555
9411 9479
8690 1890
723 7414
1200 7761
2629 263
9737 4695
4086 1866
274 6539
134 6905
6075 1010
8024 7714
7309 582
4099 7186
8759 4565
9041 2228
9121 8453
1708 7811
343 2432
5226 1543
193 7855
1807 9930
2551 5893
1796 2826
2433 1931
9731 8509
2941 7755
6224 250
8337 324
7437 7097
4889 6479
9325 4011
4932 1033
1823 5276
3465 7049
6820 3658
4905 8627
3589 7456
4521 5385
282 6955
7317 14
5465 258
7770 1689
509 6108
2013 7947
3205 6903
4426 2530
914 9359
3564 2737
4635 7029
9787 1455
688 4692
83 4277
2149 4605
9663 2432
1560 6980
2446 7025
7239 216
8714 7749
6324 728
5696 9529
7631 122
2060 8545
9482 5624
1283 4117
2654 1070
5573 3342
5763 5656
7620 7913
261 7284
345 1822
4264 2791
8848 1504
3008 7562
9253 9333
8291 4949
8863 5922
5072 923
4468 4554
6548 5751
8672 9203
6822 4245
2546 2586
9902 167
500 164
7451 845
1986 1715
3637 834
3220 6645
8397 2473
5979 6688
7423 4842
2611 2496
5766 7079
7051 2315
2831 5723
1518 9654
9969 4065
2241 9872
4232 2741
36 1683
3586 2022
3399 7224
2857 6619
3870 1254
9092 9849
7943 6516
4691 554
9012 458
7634 6063
2773 465
1787 4291
120 1757
8357 2361
1629 2589
5102 1665
4272 8689
3688 7671
5913 6545
4290 9783
7800 3383
9633 5743
9899 4324
6297 8912
4782 3932
4976 7556
4397 6763
1848 4518
8521 205
6879 150
2794 1982
1816 7067
671 5504
4738 6585
2049 9029
6368 9850
2413 6001
5593 2313
326 1891
1225 5109
5823 6201
2665 221
2965 4513
4739 1486
4719 1619
1636 7513
3601 3453
4580 4272
8957 9319
858 1007
8349 7227
857 763
3228 6451
3076 3555
8342 4301
8665 4166
503 1330
4387 3468
5844 9127
4954 563
746 6591
8077 4348
44 2658
8621 9002
1978 9479
9 327
6706 866
1090 9935
7317 4167
3490 5660
8468 2155
9826 8971
3486 4214
2440 9331
3341 7394
9895 4088
3986 7972
8436 4031
630 7057
3033 2608
6536 3042
2936 3243
3909 4027
3178 1227
8194 6669
6887 6663
8825 6714
5635 2312
929 8075
1643 4271
5470 1538
8359 9456
9511 6796
3487 142
3854 6520
2750 391
9563 5687
3634 3472
9714 6812
4700 7909
3482 1588
4572 2307
8303 207
4619 9232
8283 6263
3503 3753
7801 1863
3210 7313
8659 6698
7455 2513
3219 205
2905 2782
5893 6539
6255 5607
3352 955
3516 6834
2543 8089
9141 846
8297 3761
79 6580
24 3582
333 7826
5445 3544
5139 4105
242 2594
6619 3461
2800 9524
6243 8693
6063 2499
4301 9416
3454 7818
6250 5998
5907 5392
6845 4204
9153 6925
785 9178
507 1118
7004 5953
4663 2143
58 4905
4738 6677
8367 7539
6201 4611
6232 2265
7110 534
1681 565
8353 7931
6564 4260
3324 3410
8465 2478
335 9250
1656 842
369 8660
6796 5032
804 6854
9938 5542
3532 8305
3081 9733
2916 9314
1999 27
9849 3680
592 8202
1612 7156
2463 4936
566 928
7414 902
179 9071
1745 548
7731 8541
5581 8535
5395 5519
4078 8928
3825 7160
8661 6742
6475 660
6769 6324
4341 7361
4526 5953
4518 6989
890 5085
7918 8305
5987 8097
7376 7732
8646 5108
6273 4227
3644 1669
9747 7723
597 3573
4883 9259
315 1358
9920 7084
7682 4262
4446 2209
215 8964
9199 1106
4050 7117
9412 37
5214 6789
7770 3860
1897 4044
8088 5542
5714 7836
3265 6312
1409 8148
5572 1724
9507 5492
8809 7190
9754 3255
9399 9970
2220 8598
1077 6270
5715 489
6308 930
7278 4079
4790 9176
8123 2879
4718 3838
715 7984
150 2124
6132 5722
3849 5640
1215 2658
2830 970
5914 2229
941 8134
827 2019
4405 6543
2508 714
7473 9787
4794 2264
8964 2918
5144 3683
6756 5859
1667 6907
7984 7800
2629 1833
3440 3845
4491 6270
4815 405
8499 5757
8540 9327
7776 2946
5871 285
3661 3344
73 8455
5609 9037
1373 753
2721 8129
6613 4388
5036 4597
2188 7666
6430 5629
1511 922
1899 6327
1328 399
2084 9869
9726 9861
2815 5597
146 6477
8942 219
4932 4552
9257 6306
5305 1978
4436 1919
6367 9473
6516 8556
7139 2947
4185 8651
3870 6084
4979 5198
6483 7064
5067 6210
6925 7883
1807 7072
4361 750
7292 9293
5302 6549
5599 608
8528 35
2527 4895
9508 9043
3451 6648
1991 7636
5300 5861
3721 279
1059 204
7343 6127
6414 4269
4011 8222
1341 8372
8973 8633
7666 4275
5183 3266
4883 3712
3302 7410
8607 2811
6454 2059
9459 8445
9696 4760
4307 3417
5039 5366
3622 2383
1494 37
6653 5506
8259 7995
3879 7232
6628 1545
1508 1812
4811 6392
5524 8114
3803 4132
925 257
6191 385
8703 5887
5145 3010
9305 185
8377 2927
2569 9872
2964 9222
5378 1224
7217 9257
8457 3846
803 9965
5658 5615
6358 1183
3729 161
5315 4654
419 1507
5040 9123
7394 186
2133 6699
372 511
9627 2941
383 2591
2164 5762
3816 9381
5020 2273
3228 5823
2239 8887
1438 8597
70 5167
8758 5386
9822 9178
6893 4863
8301 4288
5049 434
988 5421
946 615
8362 1330
3207 527
7092 7023
9908 2113
9296 3137
7936 1536
2024 9374
133 2094
4541 8892
7481 4364
8070 4374
9227 6371
8662 4277
6806 9650
9698 7753
266 8061
9083 3473
8588 6176
496 8497
8289 9793
1634 6226
1329 3658
5600 1463
5753 142
355 3235
4506 8426
7609 3734
4798 6272
8011 1605
5923 7710
9358 6189
5772 8442
9663 4360
4619 159
2858 2909
9952 4492
9135 1282
8151 4735
2745 3905
4878 3101
7140 9385
1527 4750
3120 6326
1022 1131
7931 6946
8842 7289
3136 4614
5732 2799
8975 351
2958 1833
3261 2911
6326 2396
4193 4478
7132 6938
8383 2010
39 5524
1396 1567
274 4516
7893 1297
5648 5824
8243 4490
3114 1379
9105 8847
4179 8080
9198 7137
9914 2459
49 6241
4856 4242
719 1988
1181 9103
3999 1221
4627 5396
2789 4901
9912 682
6198 5560
6507 4442
51 9622
5822 9156
8469 1
7237 7668
7139 7152
128 7188
3393 4985
1430 4113
6974 2612
3216 973
3834 7844
6369 6623
2745 6282
7306 8944
1843 3814
3387 1894
3436 9209
1051 1906
9211 8288
9575 6350
5441 9704
3538 8834
4689 4969
2948 1663
7581 6164
2636 1415
4008 9006
8039 6754
5289 5345
5699 7132
9159 9087
9027 2596
8296 78
4503 7507
8367 4078
3858 3808
3782 7396
2643 8471
2366 5591
134 9947
1756 2771
1363 5765
1778 9403
2520 7068
4748 8220
4200 3908
7307 3228
6504 5603
3306 1007
3111 1674
5086 6970
5483 8869
4366 8126
7340 6732
3718 7475
6680 5475
247 8044
1241 2025
7447 3761
9094 2196
1981 3294
6104 9288
6522 2608
4892 9829
3616 8004
1503 8703
4974 6986
7572 9341
5113 4913
6074 8832
2388 2754
4308 2635
799 5549
4661 8247
9311 3756
443 1292
7050 6547
581 3573
9156 5474
3403 2773
3479 4906
1476 8454
1893 9048
7796 7007
3961 3870
5840 6350
6625 148
8986 7425
5697 3648
5672 5008
7404 6115
6301 4455
2663 6883
8028 1819
2358 1432
4593 5837
6339 6070
4292 8232
5118 2088
5240 9080
5959 1080
5431 2584
1229 4418
10 6926
8066 5682
1935 5470
1797 8236
9926 4461
5120 7955
6281 7478
9387 874
3315 5726
6944 7608
3959 2063
9697 9199
1144 5656
280 6576
8241 1509
994 8251
8436 9060
3933 371
4531 5731
8608 4457
192 3728
2413 6474
1206 1800
7348 4522
7526 4293
2131 1485
6356 1828
685 7501
7484 966
4077 5726
2475 5071
3977 912
4131 7911
1283 8663
3643 9892
3121 3835
3621 5534
309 4828
7334 7658
9350 4861
1951 1482
6346 8308
3310 7032
5809 795
7998 9886
6521 474
4957 499
1386 9089
8410 2670
7752 2053
2562 873
5889 6183
6408 6199
1011 3742
3858 362
8603 5809
1844 4950
4117 5155
1983 9927
5950 9982
9813 2472
456 4770
2971 1842
3860 1382
4512 1612
3435 7075
2486 9325
3258 8894
5524 4270
2637 9382
4633 1241
5192 6478
6192 9310
1633 8175
9237 7584
8157 9051
56 8614
3822 3028
456 7682
4410 4969
9294 7846
2044 1781
7171 5303
676 2696
9573 3313
2079 4207
4555 7272
685 747
6582 2318
8923 5820
9902 7081
4871 9959
5695 8693
2987 6152
6375 7397
1122 5670
5243 3166
7452 2415
8469 8128
5111 8043
1442 7190
2251 5997
4463 2936
6745 1045
5254 5669
6866 5157
2750 1737
5116 8446
431 8103
4599 6806
5501 5721
2477 744
8887 9929
3160 7357
8057 8271
5401 9499
5462 7652
5497 9925
588 2242
971 5843
7911 7837
1000 662
9575 6117
9108 6
4221 3708
6812 9722
9429 9290
467 8317
9219 3627
5675 7276
1899 1077
6776 7362
8729 2273
7287 9318
4516 8259
5162 2427
6096 6163
3090 5671
2281 2199
5677 6502
5907 2490
6225 5336
1780 6692
3654 999
320 9329
8276 2220
406 5053
9582 9136
7326 6869
8455 1843
5128 3618
4271 1225
9781 7361
6897 2062
9560 2574
8565 5467
5065 4790
804 6845
1483 4459
7845 1804
3788 6122
4024 4195
1175 3606
3332 8502
475 1788
345 5604
5406 4616
6830 5188
1977 3727
7251 1537
6302 5816
7005 1367
607 7810
8213 2090
2269 6058
3894 6058
2180 7918
254 3355
1525 3586
1857 2000
5374 2203
7605 780
6819 4436
5968 8796
8163 3220
334 4465
9036 7340
5832 9643
5151 4046
1734 7421
104 5629
3479 2285
3548 3733
5641 5073
7320 7499
7074 2694
9702 4680
3475 6521
9116 9444
5318 7279
2664 5653
1745 1701
2994 7577
1344 8145
1624 3079
5566 1728
8708 9046
4014 2256
2780 9655
7330 100
7154 4404
2795 6857
9084 6270
3379 8200
5715 8697
5480 8379
4351 7225
80 7345
4803 1425
5490 6427
4504 1057
8156 3213
103 2170
5470 2883
1826 2800
2984 8981
7205 5779
5838 6290
2050 9217
