1000 2
6783 1180
483 6358
8418 1968
7042 9512
8486 3683
8592 9463
9571 5
71 4800
9674 4252
1546 5259
2551 6021
6167 8405
2484 6666
8191 8137
6075 7119
4238 2859
8299 4721
9218 6718
6690 6261
6230 5177
9944 4822
4640 9515
4828 4712
4316 4502
8965 5862
9762 1516
1884 5929
9921 4369
2596 8113
2506 8671
5232 6744
1531 3532
1465 749
250 8156
7010 6480
3333 6954
1303 7974
6470 6131
2686 786
634 1652
6648 396
3168 8532
6326 3089
2901 8922
1202 5407
7594 6435
2152 9125
9967 3618
9875 218
1774 6886
6699 5108
3840 8003
3082 311
4134 5769
1097 4769
7421 7745
5166 589
6278 1493
3678 9180
416 4881
4587 8010
1316 6740
7136 1284
358 7012
1502 2132
3898 8201
7240 7739
6204 323
8050 339
6092 9147
5109 3513
6893 276
4103 3171
1769 7782
2351 2185
2663 6939
196 3980
3679 7332
5264 4038
4345 6766
6171 8243
4968 3412
5982 1173
3735 4033
1513 9827
3180 6622
3341 74
6898 7445
3245 8668
5227 5597
853 7891
2537 1049
1871 6216
8382 7135
254 2728
3902 6425
971 8871
9837 6954
45 3573
988 1558
3401 4168
8181 6743
4243 5080
4188 7489
3748 9416
3086 4602
7307 5623
5652 9178
1840 4034
6314 2095
6763 217
8521 7734
9089 8359
4689 9134
1932 5677
693 5333
9846 8874
2077 4089
3954 6265
1578 7703
5681 4665
2305 2989
289 7957
2167 2129
1992 8482
4225 8755
8700 2746
6490 7789
1105 1180
6924 3038
6857 7617
8372 6704
6492 449
793 447
6715 2372
8150 2397
7038 456
5386 7327
8414 7554
9457 406
6036 3682
9162 4737
6429 5653
2527 7535
6833 9451
573 3691
7069 8946
395 3561
9395 1189
4009 6111
3561 2159
8508 600
2616 3894
7927 1030
1448 7385
1437 7485
1067 600
2222 7497
6253 4749
5032 3087
4201 5605
6778 1270
4552 7173
4832 3948
8362 8841
59 1924
1001 8567
2524 3617
2462 451
4648 3911
7837 6085
1396 8904
6686 3619
6401 2939
8369 1433
6027 2570
7039 2805
3841 1592
9978 8673
5540 8341
7514 5599
265 8515
4166 2789
2133 6629
3241 6781
540 1078
2867 1937
9983 9553
5556 6384
2493 3926
7818 8520
6497 4858
1325 338
6450 1304
9012 1990
9645 6527
7590 9910
5043 1757
2700 7176
8386 5941
3958 8926
7019 6825
864 7003
6378 6420
3388 8872
347 1207
7393 6844
6065 8718
7183 2516
23 6195
4507 9669
2723 2098
9579 7766
3855 2279
4942 2241
8221 8901
1168 5241
5726 2033
2244 2105
8453 5632
978 8801
6839 8371
5645 2905
7090 2829
5422 7113
9025 9930
6782 1748
2028 6362
9514 5883
8642 4457
8125 6863
3358 9294
2104 9085
1327 4349
1191 9781
9981 2169
8582 6821
540 4228
9726 7630
7058 5149
4743 6083
5079 1526
7832 7107
7888 7346
2991 6530
1804 1117
3394 5163
412 5498
4249 1740
9848 5440
1521 9829
7609 104
6651 8150
4333 6378
5780 1391
1527 524
7475 6607
2050 5307
3715 9939
2654 6706
6470 4459
7824 9864
9623 8236
5363 3872
9976 5211
9313 1498
5041 6923
1603 1692
5073 5936
8070 854
7328 9598
1378 4804
6205 3429
112 9920
3368 2766
6627 9838
7226 4452
9703 6849
2688 5066
722 2665
277 35
4163 5318
6959 5767
7011 2032
1703 5081
2886 9032
4680 4265
3837 886
7695 3949
806 1063
6716 7434
902 3942
1886 605
792 4575
5671 1514
7240 5949
1550 1404
1267 8509
7171 8278
541 8875
3360 3428
7908 8041
7694 1745
8927 5389
5694 9734
6453 2410
7168 7356
6353 9055
7962 7145
3630 3633
8659 870
9583 210
2275 851
8719 9446
9130 9260
8321 2490
2689 6229
532 383
7974 9459
5773 3669
9193 2226
6080 6362
9582 2434
5417 7544
9579 9047
1178 8239
9918 761
8449 2193
1612 7168
1640 742
6429 9961
3233 9119
6191 3766
9502 4166
3225 5276
7836 2419
7502 3916
8782 7084
6350 4199
4629 5930
3247 5807
4169 3166
6569 2619
5359 8182
9788 6999
8925 6217
6961 2159
5336 3152
5925 4839
7319 9151
116 5155
1571 7618
9072 353
4703 5422
4553 9332
1353 7801
5140 5523
967 1710
8142 6327
9893 7930
3327 8819
4148 288
978 9485
3441 6904
4325 761
6056 4441
5916 7628
2060 4988
7981 6763
411 2535
6096 1764
336 1237
7287 1304
2948 5430
7631 2841
3361 958
1660 7509
1247 2639
6995 4689
9543 1321
5450 5600
5762 1367
3228 7822
6355 1210
4586 6767
3745 682
8532 4082
1920 5820
5386 4868
1250 3017
7709 4612
3976 9370
2122 5223
2009 9117
9913 1553
439 5363
7154 6201
6730 382
4024 3086
1592 8610
9854 5338
9293 8386
9420 1213
4206 4807
6082 5457
7825 3792
70 1801
3162 2192
7025 5172
1310 6938
6726 1749
2302 3880
7951 9033
4263 1975
2120 5856
586 1974
1195 9880
361 616
1094 4568
5423 7176
26 3248
968 96
5049 4131
2288 2075
9304 3599
9013 6030
5348 1316
9911 3299
349 4175
5275 2469
32 5862
4444 1227
5742 4805
1843 6836
9373 7267
4012 9399
515 4981
9496 5565
9112 1784
7641 8417
5383 6654
4447 732
7971 4359
4032 8320
8535 9307
790 8567
5169 5235
9795 911
40 1639
7748 9414
8906 1760
8814 9422
6742 8310
4988 5854
95 2629
4271 5479
9284 8719
6211 7255
3079 243
5576 1615
9551 6367
182 4721
1602 9978
5633 1643
1617 3381
1058 523
5142 9873
9946 1884
8184 4934
7739 8279
7564 2010
3758 6848
730 9970
4104 3810
214 9681
5425 9766
6048 5608
4487 7651
5586 120
9294 7203
3501 353
7727 8644
226 7674
528 8410
2608 8267
6690 173
278 449
7022 1009
420 1126
4819 634
808 244
401 6856
5853 4888
4508 1439
5009 3803
8643 8511
4156 6371
7155 4383
4045 7683
2793 6654
5950 9484
6827 6229
9933 3849
7238 353
4976 2057
988 5785
2302 1389
2641 8156
6277 7149
9596 1287
953 8239
9798 5109
4610 6953
9492 8656
4636 2286
5310 587
1770 2138
6817 1704
5988 4055
2057 965
6113 3046
6750 8416
4435 9392
6572 713
6542 6168
2000 7495
4408 1798
2604 9019
8751 2097
7675 3388
4383 2985
3976 6154
5124 793
7858 1112
4848 9916
2077 962
2962 8827
9378 7398
8219 5951
8111 4761
2120 112
2256 6528
1910 4861
5547 662
6958 3223
4050 1342
6209 8027
7497 1333
8820 5356
2445 3669
5272 4522
4631 8235
3350 4010
5633 1570
9962 3745
6331 2082
3857 8588
8610 5767
3450 4158
6430 408
7381 481
1751 3591
8508 9248
4924 7328
4604 7369
998 9876
1892 5630
8112 5243
9640 3746
6813 9602
7491 3145
1685 1348
1734 295
7116 5184
4454 3546
5592 1836
4027 7343
5427 2536
6592 351
9865 1196
7721 863
1073 9614
6493 9185
4857 6134
2931 1670
5736 422
4816 7421
1771 6550
7717 8888
1734 2172
2434 7327
4009 6462
4671 9437
8998 1263
9789 8864
2459 7510
9727 3532
7125 6221
2718 1982
2355 5650
3653 8092
6072 8469
5514 7844
5020 3232
6732 6754
5404 9167
4082 9414
5630 8753
8851 4629
16 8640
3493 2476
6151 3220
6009 3276
9442 8728
5258 1797
4378 8912
9889 451
7381 5403
8295 2402
8635 5028
9156 4040
4195 3238
3454 9825
1992 2305
4454 2009
946 7948
4485 7097
1168 495
373 610
9223 5632
2408 3602
4545 2298
4053 1926
7702 2349
4328 6338
7377 3485
378 1573
6724 3833
1399 8716
6139 5854
725 7085
3802 5211
4183 4971
5707 4557
5582 4931
189 7990
8533 4734
288 2586
6661 7990
4936 990
4328 2313
4476 4707
3887 1200
8540 5286
9917 4680
1140 643
1765 4943
5854 5948
9914 1562
505 5496
6493 695
3487 5027
5430 3776
7613 2092
1766 2550
3082 6095
4863 7559
803 8751
8759 9343
4037 8676
4024 5178
9320 5789
121 5174
1738 36
6737 2244
5532 3230
2940 9020
8258 8370
2796 5872
462 4563
8422 3545
658 3286
1104 1461
2037 9864
805 6074
8541 4830
1253 7861
619 1375
3036 2358
1411 9773
4603 6944
3004 7543
5964 1262
5914 8760
7134 6377
3323 5557
9923 3982
8843 1028
5444 880
892 6250
6955 9434
1080 8208
7295 1700
9583 331
4059 994
105 8663
7939 3110
6207 3903
4373 2121
2664 1508
8499 5988
7065 8422
9970 5908
9451 5415
6788 343
1666 3743
9778 2747
1952 7073
4448 1535
7405 8507
2530 7511
7170 469
621 3377
4372 4995
5499 7037
6503 3999
3025 3568
2422 2996
9477 1873
8412 6265
2217 78
9 1995
2825 1961
9069 7274
3497 6474
5781 6027
3986 2952
6497 4607
6330 870
9603 1830
7907 6106
5829 932
9675 8251
3929 9152
124 2341
5418 2342
2419 5427
4337 5245
7389 3406
2519 886
9881 8301
6914 3867
1254 3411
8475 7584
4281 8078
9415 2189
4185 5244
3122 3860
3496 7051
3012 3621
9392 8431
5963 1812
3859 301
7058 1248
3707 9578
2135 3589
7879 9049
7456 9134
2461 5932
6719 6743
4010 6134
8932 8195
1378 2054
2056 4875
9106 5069
8496 8498
3500 4459
311 7359
4760 7369
8607 8468
6948 743
2058 4828
9792 9515
3962 2254
5447 681
8997 9458
6815 7930
7653 8194
9985 9710
3069 9091
4779 1565
7590 8279
6025 7901
5638 786
5271 4246
9255 2220
4989 1313
7048 4782
828 1010
7036 6275
1691 6034
5734 8507
3965 3387
6701 3950
3098 9771
3041 7877
1337 632
6156 7362
8534 1795
8149 3806
6041 7404
6026 1031
8717 3074
5813 9546
4084 2849
5822 5776
8884 1556
4283 2849
4944 985
6799 8042
757 9841
5919 2094
473 2076
9457 9007
3871 7606
2813 9913
5011 8840
944 3729
1914 6757
3275 5999
9607 9097
1775 8492
654 6059
1341 5598
7045 8141
3640 7803
7982 9560
9897 8456
1637 9355
7464 5509
6962 278
5422 1973
9118 6367
5703 1032
3125 8978
7032 2733
8076 8808
1225 8731
4868 2566
4329 1914
708 7970
9717 8691
7531 9614
7147 9168
8970 4612
4677 5932
4890 100
7906 4009
6467 3609
5042 9592
2588 2074
2325 665
882 3551
9396 5750
6118 3726
7665 6826
1696 7382
5517 9228
6996 2665
8396 5967
7278 3074
1899 2168
3174 9806
6178 9642
3415 1220
9235 6004
3294 1561
6669 4177
5112 6066
9928 1230
9792 7593
8057 1489
4975 3575
717 1972
6240 9114
7939 3518
2188 9839
5687 5363
9645 1865
5006 3061
3085 4242
9065 6380
5803 5735
557 916
1801 486
2147 1594
8079 204
3083 3055
3779 3801
5027 20
2915 2967
3539 5104
2806 9226
468 2452
1092 5474
5513 4178
9717 4579
559 5520
315 1117
6437 2117
1603 8584
3711 9683
8788 6795
2738 2568
596 7765
2588 3511
732 6128
8616 3539
5355 9084
5991 6447
4559 1505
626 4276
6085 1185
9797 6400
2303 6234
8517 3906
4819 2229
3589 3607
9024 6327
6176 9620
4093 8765
3132 4826
4893 1748
8365 248
833 4357
6696 5393
5863 7323
9670 1948
8509 9467
8349 812
5702 6866
4718 521
9095 8308
4129 8119
4636 305
7740 8729
9071 872
3555 3965
2621 1921
4214 3455
6279 911
8848 2142
8234 8518
4090 6743
7986 2439
7556 3689
9306 2274
4210 8402
583 8339
6522 5219
8645 4262
3949 7717
5134 7505
1682 7756
9427 5896
1211 5706
6807 60
7848 5042
8579 1939
1786 6565
4379 9342
254 3686
1617 4465
2088 2200
2805 8610
7420 1450
2872 1369
9168 8007
8875 850
5764 8302
6747 6975
4008 3555
7036 1857
8598 5615
3797 384
2181 8176
9726 2435
1862 1343
6900 3951
3544 9705
2561 965
1156 5434
2334 325
3442 1210
1175 9207
9512 7923
6183 3520
1479 3219
5378 77
8834 9175
