1000 2
4221 6503
8094 8722
9790 7866
6094 2955
3634 3987
7385 8609
3479 5664
4804 8419
9793 5045
6897 5399
9582 2342
9593 31
1641 8725
5035 8891
2170 4
606 6391
6508 8700
5114 6299
6566 1209
9255 201
5197 6640
8810 8676
2305 3615
7095 2098
8660 3992
7498 8243
6335 7092
8275 7976
5817 3310
6868 7988
3315 7475
4380 9823
6175 9495
6122 2742
704 5377
2943 5902
2018 1754
4578 4323
5369 1674
6421 4030
5666 3920
2274 2002
1012 549
9978 6829
3860 6847
4817 7175
4322 9198
6998 498
8693 3121
3240 9398
8498 6184
5300 516
7939 9878
4840 3309
1552 1262
7339 7219
5182 9614
9221 6194
164 9200
3023 4024
6048 7841
1200 370
7039 8198
868 5733
1320 4109
5131 9818
293 432
335 8233
310 5175
1542 1863
6437 8882
9083 1620
8496 8304
7814 8660
7505 838
2685 3553
8680 3885
3924 5720
2084 4793
1453 3404
8902 6585
3223 9196
7017 3558
7429 7328
8734 8972
9192 5172
7854 8275
6792 6350
6580 4607
5011 4085
5445 7697
7639 4125
1582 1564
9846 3667
6357 1299
7072 5260
7885 295
4457 4903
3854 1887
2231 2589
859 1424
7761 8713
9699 4554
5064 6279
9161 76
365 4607
7773 8005
8733 9356
9569 8579
3023 5927
9879 96
1187 7764
392 5645
2667 4246
7532 4899
6835 8391
6323 4597
7105 6022
9151 2170
2302 8313
2246 2668
2920 19
673 1654
9375 242
233 2399
6169 112
2495 7357
7877 2887
3002 544
7134 535
5443 3969
8927 1767
8567 6032
7789 7718
8202 92
6031 448
2760 8952
468 3433
606 9843
3676 840
2243 9846
953 4738
7203 8830
7626 206
9374 4760
741 4818
8730 9669
6585 7297
5702 4375
5016 3904
4468 1048
4353 7228
0 4821
662 607
4665 4338
1448 6908
4184 2401
1647 1388
1231 9273
1595 606
4034 2337
5425 2764
2006 2010
62 7708
6386 5078
1613 854
6126 5967
8083 6127
789 8745
6734 5454
3084 8182
2363 7269
584 4010
8658 1815
3284 253
2422 7318
2590 7847
83 4597
9858 145
2305 6244
5224 3919
7099 1350
9886 5182
7477 675
3928 4212
6130 7012
2395 8493
4282 2979
2504 2940
4795 5789
3193 7217
3108 5784
5064 3191
381 4922
3337 2687
1166 8562
6607 8266
9913 6493
3449 7390
7169 7377
1603 3299
4390 3999
1793 8672
6978 4298
1613 1773
87 4806
8990 3195
591 4055
6387 973
8977 9725
3661 144
8287 268
8410 8200
6761 1860
5591 3930
9238 7195
7230 3628
1194 9024
2301 8173
3322 3914
9946 3410
8721 8937
6605 9313
2992 2993
286 1969
2719 3947
2114 1007
4215 524
9207 977
2384 4799
4908 1623
1995 2139
5251 3189
1163 7553
1362 4485
1468 1309
7895 189
246 4501
9502 3239
7495 9789
5208 214
3736 7322
1221 7952
7847 429
8930 232
5229 3839
1855 7224
5978 7107
414 7141
4661 1777
1627 6129
3086 9523
6318 3333
4025 5821
6572 1520
5610 1781
1735 9347
9104 2956
7300 6952
3386 6231
7184 8616
70 9040
5840 6048
6148 6255
3190 809
8032 4817
6938 1118
4341 3257
4452 8366
9079 1024
9886 4690
2806 1622
4037 1910
4579 1338
8862 7965
7569 6047
6581 7639
5088 2422
3688 1236
8677 6879
2045 6709
1696 8984
7828 6038
2242 2280
4404 1321
3305 4291
6011 6111
5913 49
8021 492
1387 6884
8458 8957
2931 5040
6597 8020
7462 285
9256 6140
7164 1302
2850 8861
286 678
4899 2529
2959 9304
3850 6264
3596 9862
2376 9509
9911 398
2 1299
7282 8461
257 214
3501 6854
8234 964
7139 7491
7104 4304
8793 9955
3166 9080
633 8065
1609 3593
7370 5460
9858 966
5322 2234
476 5234
2633 479
6533 9915
8940 6790
130 2442
3644 8365
3406 784
5856 511
5089 4650
466 8255
3731 1100
6321 5341
4694 3691
801 4552
4658 6123
6787 5135
1358 9420
5614 7891
9336 4554
4682 9466
6997 8327
7832 403
9112 3689
915 4201
8339 1382
2456 2070
2483 8778
7411 7177
2469 8213
1729 7128
4336 8516
2263 5694
7937 7877
3586 7273
2432 8269
6740 9429
6597 4572
9833 5709
8261 749
9911 6601
2131 2368
8671 4614
1146 6083
1791 3616
4296 3521
744 8633
2038 3008
4328 9975
885 7914
7248 3318
6184 3989
2748 2781
8561 2581
8490 6823
3331 8401
3424 5462
770 2096
77 1916
8179 1869
5532 2475
5390 6277
1109 7429
9285 5437
7404 171
3352 4653
3490 9536
8642 6238
2317 7204
8820 808
4027 2151
9210 7451
7614 9980
9547 7691
1896 7727
9561 7429
203 4952
3706 1312
2381 2992
6749 9786
3164 102
4439 6654
9638 3082
2893 1955
286 1713
2764 4314
3865 1974
1765 1479
1954 1313
9171 3851
9041 8732
1280 9244
3685 4987
557 6067
7980 7307
5853 1144
7409 293
7799 7047
3375 692
9003 3662
2406 1767
7976 6271
3742 9742
7751 5697
1056 6922
9548 97
5655 829
9342 9341
5817 9899
5408 3797
7206 1261
4942 4616
1555 2742
1663 4930
3435 667
8593 5841
2435 6569
2113 6177
6311 9864
1874 7367
6787 1423
7465 2443
2252 6807
1784 8070
6707 7192
1867 3914
8454 6810
8530 9
9553 194
4940 2988
861 3533
8829 3297
102 943
9474 6414
807 1349
3782 7594
2772 1247
38 5024
8055 1822
3094 4763
9014 4962
8677 7469
1773 7207
7478 1326
7402 2418
4315 8264
5952 3145
1561 6055
4088 1036
2469 4896
2385 6251
2491 5157
7499 2529
182 5555
4351 3276
318 3366
8239 8995
835 13
6203 8314
1340 3606
733 5655
1870 6685
8800 3432
2740 2889
4468 5210
7785 6853
1461 276
2011 8961
2805 2193
4517 7157
5470 4835
523 3710
3831 1359
3723 34
9673 5063
3640 406
719 5511
7092 9520
8943 9832
2409 3412
5042 195
265 6504
472 2277
5466 3278
4470 9983
435 9941
4818 959
3651 8649
2318 7375
8684 1991
2439 2325
2398 3158
7836 9490
2679 6780
9322 5088
192 4365
5284 458
870 5756
2735 6336
9034 7206
6319 9470
7147 1138
429 799
9787 2747
8174 8472
4739 613
798 7137
3772 8634
6628 6451
5415 5951
1540 5608
316 6825
6066 1186
2581 8802
7522 1616
6008 3842
1087 3156
4980 1516
3955 4768
4264 2130
3241 9004
2744 4039
6142 6516
2674 2770
2968 8089
8721 4509
3697 9038
1334 9764
224 3916
8566 7747
5532 4575
1590 6620
7732 6570
8136 1688
1339 2401
3818 4580
1405 6562
8619 7547
3079 1294
317 6048
9383 9039
557 3081
8077 1891
2846 8302
5807 1413
6050 1340
5989 7640
7960 3721
4211 6097
5409 5550
8498 9228
131 9903
5790 8751
7451 8870
45 7769
4918 9429
6808 5475
2511 4886
7367 5358
3188 3174
6771 9238
4514 2760
6879 2475
6482 1090
8572 1891
6641 7070
1120 6773
6974 6910
5524 4425
5781 5570
2194 699
5000 9003
6175 7512
3889 3542
2870 7077
6717 9642
6316 1232
2403 3196
3707 8885
4286 2279
777 928
9350 1897
7701 6324
8808 3226
749 4589
8797 2944
5289 3798
1947 1465
1310 5836
5008 4181
2914 1725
3823 9231
2957 6226
2427 6665
5112 6714
8944 5889
7642 8294
7787 5344
4618 6595
8571 5368
1185 7368
8313 6475
1166 260
7941 2477
6097 2949
6658 9011
4675 482
8243 7632
6708 670
4297 1821
7385 3242
7710 5027
1536 5498
372 6155
2094 8943
1524 3279
6312 9837
9755 7479
98 7696
9956 6195
646 6615
5207 5321
7097 3450
2954 3806
4121 7251
5627 1506
494 3337
6534 2031
8836 6906
8187 930
5850 9711
4210 2162
9549 3965
9641 9647
1662 9598
5842 2309
6213 1049
7630 3310
4500 584
7116 8622
7836 2743
128 8331
6081 6663
362 4918
3570 8549
5848 9420
8260 58
1583 7810
4024 1225
7457 5687
823 3300
7996 7037
4350 5627
347 8850
6212 7464
7472 4049
208 7601
2380 6290
4264 2743
1208 7835
1292 7057
7256 9553
7115 8839
7363 1140
64 4821
6828 888
8121 4825
7925 2471
452 8273
1321 6665
5738 8794
715 5946
6396 3095
2237 661
5838 3445
8496 7131
503 5752
6684 7618
4592 4048
8759 4656
8869 5587
5545 6990
412 3470
9461 865
1744 783
7530 7482
9577 8245
3429 5974
1341 5666
6635 7180
9112 5131
4311 9615
884 996
7234 5476
5044 5993
133 3913
1581 5679
903 1993
9149 365
2859 894
1148 390
8376 726
8635 1805
6700 9977
7472 3336
7157 6584
8468 1469
6200 9352
2465 3434
4829 7509
9428 4963
1422 1009
642 2326
3003 9791
2691 5862
685 3839
6252 9062
4566 4888
868 1266
4866 8340
4602 2023
4924 3070
3492 1125
2423 5958
4559 7252
3467 3987
2215 4890
4997 2858
7216 8001
2649 9907
3864 3335
3747 116
2398 8313
5005 3266
9580 9872
1606 4183
1895 6531
7254 5388
7656 9677
1346 2216
6930 4814
6204 9146
9704 1201
2004 6920
9203 4654
6828 3067
7990 576
3184 388
8889 8189
3655 8470
8061 5261
2653 9957
1793 9907
5346 9450
9585 6693
1666 6516
1508 7870
5663 1212
9072 7667
8133 8275
2322 4961
1342 312
5537 4527
701 4427
2717 4357
2898 778
9618 5551
736 1412
5459 6083
862 5045
2777 2529
1561 4285
399 7224
5497 9472
4892 3631
7748 7215
8592 9091
7528 4130
3618 8229
8558 6335
2587 1456
7114 2205
7008 7851
3618 2468
3934 4481
7513 6711
7010 9075
997 7409
6300 6494
6882 1193
125 4630
8408 8718
3722 5936
2849 7340
4166 1408
3676 6753
2865 790
8959 9873
8641 2577
2342 2576
7058 9856
9288 4068
8931 285
1478 5231
6780 8361
6424 6906
2992 4833
5625 6714
769 8475
4055 4936
9883 7731
1689 2748
8522 649
2622 7163
3226 4965
9740 285
4821 9029
4354 3752
9314 5833
8984 6095
4195 5409
3002 7187
242 8627
3902 1012
7102 7957
5948 6986
5689 7638
9735 4211
8287 2358
1375 1514
7323 1115
1799 2144
144 6154
5897 9459
1988 4881
5555 6183
291 8557
3371 534
7184 7273
1546 4287
5231 7495
1274 921
5133 1009
5132 3420
3367 6508
4935 691
7624 6735
2835 7769
2889 8732
7228 4878
3614 2784
1061 3906
1341 4433
4440 8526
1707 5987
2814 6938
3482 4088
7859 8616
5098 2992
2037 8465
9500 6972
9157 7124
3707 1992
4894 6597
725 2122
1475 4340
4907 2537
8246 6248
6971 2687
4775 8678
8674 7589
5617 2157
1677 3477
774 6776
6469 2811
5242 5970
9784 4399
3095 3492
6392 7989
90 7117
112 1565
1458 5019
4103 9705
1268 1075
2392 6043
9753 1067
3632 5370
3225 5310
8847 3999
2086 5317
6811 7328
1287 6596
1728 4383
88 8120
2372 178
5238 2485
1744 6696
7505 5848
6402 8773
6923 8794
4816 6677
9862 8449
2047 3088
3759 895
7087 5846
6213 3899
3175 7500
495 4903
1884 584
3023 4257
763 8261
6742 2507
4958 4247
8356 1360
3020 5280
155 7837
1957 18
6286 4005
3106 46
4900 194
5893 1113
4093 9069
8614 4589
3972 498
5174 6996
4756 5937
5258 1498
8445 217
5746 6801
1577 8767
2081 1733
6605 4038
1751 2892
8043 4857
2938 2944
5051 8832
4058 9145
7901 2672
3735 1874
3171 8909
8871 7927
4846 4129
9426 3291
4346 5173
93 5924
3940 2174
7657 545
6213 9409
3437 4257
4267 6376
7201 9319
5209 1259
8464 3110
3932 2200
4985 7104
1109 3856
5032 5956
7985 4458
9247 2332
9631 9341
8256 3572
1516 5914
4117 7729
5323 7555
1987 9590
3932 9189
8909 9141
449 7374
2252 4381
9574 7237
1485 684
1094 6517
6640 9080
976 5888
1412 608
5229 9669
4180 6745
5584 8298
4475 908
5854 6462
499 9786
5652 9409
8927 6101
