1000 2
6759 6013
4287 4090
7215 3846
9404 657
5516 5201
5368 7238
4323 8904
1411 9888
5161 7591
9784 9293
2881 3029
5634 5127
2180 3754
6532 1913
7893 427
8950 4652
6441 3237
8742 3656
7084 8147
4313 2600
3349 9682
9839 7672
8587 1251
7561 3748
8842 7345
3042 1723
375 8676
6851 2555
2431 3383
4468 324
3810 3419
4977 252
6656 3720
3908 3741
1867 8222
6341 5216
7904 6181
2889 6491
7432 450
240 6275
7795 3283
7999 8170
1959 4850
726 4391
8233 5195
4716 2043
8614 9693
2296 5271
3413 6204
9012 5280
4427 5354
497 2331
1535 3386
8823 8968
3836 9064
5243 1632
2347 3242
9803 4307
8092 529
8698 6325
5725 3414
8369 4339
3107 665
9610 6521
6870 8623
1802 1297
3977 2299
3629 5513
5686 2452
4481 9523
1517 9725
1155 3864
2967 958
8171 1060
1488 6870
7386 7214
284 5756
1553 3392
6422 1164
9914 3292
9787 1716
4590 3765
4016 8219
9278 9702
672 3760
9225 2189
3485 381
6053 6453
1340 4225
7513 2829
1095 4900
43 1380
656 1597
4773 7078
2761 4687
370 2549
6404 4960
6315 420
3180 5593
123 3852
9353 9349
6042 2839
9731 2095
9292 1071
6321 6806
3900 7417
1706 3943
8798 2362
5540 3571
9441 8302
8259 9812
852 4664
4772 7167
5085 7953
2761 5208
1805 2115
4558 7847
4954 4289
9943 4247
5361 6265
1053 9261
3683 2759
3205 2481
5122 8746
6053 4563
7049 4313
4375 7901
8977 9148
5069 4062
7101 7830
9271 8907
9946 3829
6755 4900
8119 6699
9148 3480
2964 201
2742 6647
2961 5947
9129 8083
4694 5182
2646 1743
9495 7021
9645 8473
6170 4714
2535 3271
2545 1807
2179 2491
5637 8934
7392 3756
5633 6540
7237 8598
6741 9979
5246 9702
5927 4375
7785 622
9558 432
2365 9054
7454 2011
7527 3624
6725 63
6896 9271
1870 9075
1762 7507
8010 9154
1264 3644
5694 8501
2242 2436
8481 7489
2138 4408
1864 9924
5030 1423
357 7396
477 7811
9407 8004
1436 6133
8068 8332
5404 9938
7408 7166
7446 5419
6321 8710
9063 2015
7212 1306
4451 5693
8795 6590
102 660
6515 5132
2083 6872
2529 2560
4683 1936
565 6119
8070 8634
4452 3475
8573 1861
642 6019
7281 6963
4730 6344
8979 1943
7651 3431
7636 6447
21 7738
7107 6536
2871 9190
3408 5400
1751 8092
7337 2317
4212 5407
951 8665
8883 9524
526 9525
5544 7808
6488 274
4153 5467
2218 1804
8899 9854
8251 8920
7593 5359
5457 464
4550 8866
5864 6301
6958 3202
8619 1171
8610 9570
9836 7493
9095 363
7018 4639
8171 3506
4914 2324
8974 7132
4128 7873
6986 2380
6794 4580
7739 2252
5044 2289
1118 909
8591 8077
4111 7210
9248 2721
6781 9084
214 5876
9448 7233
515 7619
740 5429
9944 9714
2562 4073
7588 9548
6453 4383
4128 4193
6635 9173
6483 7753
82 5075
5831 4194
2285 5079
6915 9066
4164 7130
4943 3613
4363 5458
1232 5103
888 1177
4818 3450
5250 2407
2999 1704
6790 7128
5897 3425
6301 2381
1179 6384
7456 7010
578 9742
2089 7493
8809 6254
4624 3752
9867 8988
9211 1100
4092 99
2277 8910
3549 7527
1318 6549
9231 8108
3677 5129
1533 9979
7511 2712
6363 4967
9722 6941
4709 1812
4435 3519
8067 9060
7271 7934
8048 6482
9035 2140
6582 1312
1051 131
8840 2369
6680 8072
477 358
3201 2011
337 712
4724 6700
5680 4446
3642 390
6259 8078
3909 4326
7138 1181
2261 5187
7663 1296
7327 4245
2608 8379
4377 1448
748 1058
9521 1226
1416 2722
3237 1754
3435 7961
8455 9115
2408 2098
9506 8668
176 3415
2994 7314
4596 5256
2501 2260
6552 9829
6506 9161
8208 884
610 8957
1943 131
184 3359
2853 3422
5114 6289
1384 3569
5405 3792
5667 4911
2460 5844
8327 5455
3159 2924
711 5660
5185 7263
5490 1691
6425 3699
2576 7035
2657 4519
7166 2841
7879 20
6263 2993
6309 7647
6563 1714
1440 2231
6626 3900
8075 4954
9356 1234
7878 68
6895 3063
7332 2386
4755 3757
6085 7332
792 8742
1851 7958
1583 9730
7979 7846
2724 4288
5494 9287
6003 6934
1519 2630
835 9594
7584 191
829 5462
260 7724
8526 7592
110 3282
1349 6196
614 2142
4938 2466
101 6522
2196 8080
4369 4921
2369 9863
4209 8373
6797 5728
1003 7632
5323 8587
7824 6152
4050 8085
3877 2577
5677 3987
5859 7027
183 6474
9170 5122
8940 9271
1644 1137
7352 6013
6058 9721
5877 268
8094 2675
5996 9098
307 1320
7685 8132
7472 1736
6218 1349
4313 1895
5337 173
8923 5521
6648 8093
643 5588
7365 2288
6726 4718
8302 2784
4440 4179
3052 2534
6854 9049
1632 7162
369 9318
5295 7842
1055 1513
9191 5369
3409 4529
5542 2332
50 2190
426 693
7779 7792
2982 4505
2510 1284
7290 6950
5463 343
9485 2318
9393 1118
9480 9762
437 4775
7605 1492
6289 6797
6861 9698
1326 2404
2031 1376
4595 2458
2070 2375
250 5052
6880 2761
6336 4171
9712 1800
4514 9197
4118 3908
316 3599
3671 753
8375 1276
2246 4664
8073 9108
4363 9400
1512 6394
776 6108
8852 2847
8483 9103
7900 5364
1864 4237
9536 1577
6037 4051
774 156
7959 1090
3755 1630
1844 2130
2907 4090
6795 980
3198 1158
380 4711
7552 1157
820 6405
4005 9303
5509 1905
4668 7374
6142 4204
8951 2180
8256 9725
2336 6215
816 6092
7846 2661
8223 753
6752 5018
1733 9951
6177 2114
4663 3730
3272 5483
136 7277
4787 5645
9182 9455
3019 5325
3660 1970
7505 1916
1696 9842
8131 2512
5934 5977
5174 4158
6731 1926
9177 8464
1877 5354
579 6540
9085 3851
2023 9221
1129 6811
4866 311
6266 7885
5636 9927
9855 3142
1843 1552
2984 9975
4064 8919
5953 9239
3077 2684
1165 2254
1149 3043
7609 1729
9584 6694
5581 1608
5916 6710
8419 782
7022 4686
8668 2659
4613 8524
5801 6456
76 8785
6432 4141
7705 2386
3380 782
5070 4546
3037 6220
7589 647
7949 7174
7342 3530
8782 3258
240 7202
4041 7262
1888 2709
9921 6501
1233 5723
2958 1309
4509 9391
5450 2214
1777 8831
2996 6847
3377 6034
3068 967
6681 1017
8141 4024
4547 6924
7282 4788
4126 1323
2051 6015
4032 1973
2516 5266
7696 5475
6575 2205
4866 2026
4419 6644
857 7416
3492 4234
3451 6560
5202 133
7577 3343
4157 2125
267 1440
6914 4394
2763 8965
409 6796
939 2926
2062 8635
8402 8638
841 3269
665 5261
9913 1522
2678 3405
5757 6129
9966 959
6262 7544
4303 420
9670 4571
1860 6584
8965 4623
5550 9375
1420 6489
2302 3483
5125 704
2121 5967
3974 2787
1229 3887
4309 3907
7293 67
37 7259
1027 6300
4804 5331
6720 4474
9902 8580
1058 8868
3204 6609
8244 4624
3099 546
8108 8225
1251 230
4192 5225
3017 5422
9113 7327
9330 6407
7394 9367
3667 8422
5668 8471
3753 2388
2945 3656
969 4004
2524 4174
613 768
8799 3713
1315 6907
1938 2566
7137 6131
7792 154
1553 6905
7481 884
3312 4876
251 6979
3299 5920
5450 7052
8308 8396
708 9278
2400 3233
3452 3014
4001 2251
6727 5317
9158 8666
7883 6296
4797 5675
6450 6351
2580 3932
7235 5893
8809 7487
2873 2108
3408 8324
9161 1716
6720 9870
995 9121
3103 4447
2136 7105
6699 8863
2422 5857
7530 306
2154 2328
5981 8605
8680 8562
2537 5916
4456 1347
3403 7329
3456 6812
5653 2617
8529 2374
2488 9524
1495 5591
3972 3631
2697 671
2495 5119
6529 26
5425 8683
2354 1407
7288 1034
9970 9826
6950 4426
1174 354
1755 4630
7166 7409
7248 5695
9783 9736
5219 1279
5327 9192
4911 8025
9863 7406
3144 6393
7432 8570
5076 9787
9978 2365
821 9948
2191 7771
4374 3365
8126 6130
7996 5292
3539 5244
988 3323
4980 6207
4602 308
5400 9514
8333 5263
6921 1478
1656 4354
49 6733
4141 27
9098 4962
9975 1290
2734 4350
4656 860
481 2652
6153 4020
7896 7141
7344 2877
3349 1947
3185 8749
1461 1518
4013 8382
2996 5670
2736 3045
2403 6878
3073 1502
1840 3049
2792 4575
7399 7449
5436 7880
101 1589
1901 7998
8731 9246
875 2080
1193 4060
830 2654
5579 4843
1037 8575
513 3774
1621 2916
652 4694
4418 2493
7743 7211
7069 5143
4660 2505
3024 4762
4095 4926
2761 2826
4172 3636
4907 5366
7697 5737
8021 3276
580 9058
1852 1093
2833 3474
4010 3485
8168 8429
5979 5912
5640 3048
1056 301
5553 4080
5064 9649
9006 7825
2475 3179
1462 7382
8545 9159
3120 6566
2436 3700
5624 4289
4794 8458
7763 8804
1943 5932
7233 7922
1844 2874
970 2900
3176 6524
6981 8241
6173 5987
6066 8649
9167 7529
6032 7712
6689 9152
4278 9125
2853 9903
3415 7647
8361 1178
6451 305
7110 3685
8227 8955
6560 9198
1856 9737
5723 8837
7978 1897
4825 4044
546 3992
1574 6579
1704 8263
5732 5982
7389 8585
5886 804
6233 4248
1982 2685
4553 9093
6370 2780
8049 2931
1979 9905
2668 7702
8742 647
9600 3567
4691 147
7559 6266
6726 9263
4529 2459
5246 1918
1045 1133
2722 7278
5381 4705
9963 9934
3799 6334
2715 1848
9265 4695
1753 1934
2398 495
2581 1998
4063 7273
2145 1622
3539 8872
886 8068
1331 6133
9987 2376
7266 2710
9655 2648
7415 9618
2582 1214
5952 5298
3062 5218
9993 4815
7153 2391
5311 9734
4390 9374
7008 6535
997 548
5408 1883
8617 6740
8016 8604
9117 5283
1314 8772
7931 8730
8390 514
9944 4343
5812 3007
9562 5805
7823 6715
8197 3135
6450 2587
2509 3458
9123 3506
4006 4531
5390 2624
1272 3406
1228 389
8690 2543
9161 6621
1273 7552
7135 1218
1896 2948
4225 1458
8754 2049
8174 6951
5184 4625
9539 7693
8083 8663
1200 2090
3195 6590
4714 4467
9997 5943
4856 8687
8486 4018
5309 9759
1571 2445
977 3468
5393 5203
4927 4147
7252 3101
1099 2436
7726 639
130 5810
9302 1330
7901 2497
7921 2616
6965 7918
8559 1822
6606 7046
5841 1916
6806 7412
4361 7784
880 9755
2987 5808
3903 240
8909 5003
2676 6636
5642 2807
2447 4945
4137 348
7443 2059
2965 4408
9977 1525
6231 6584
8571 2072
8500 5378
9484 2862
3162 365
2618 6150
6173 6521
6390 5083
1524 9067
1719 7167
1874 4167
2112 6012
4516 9556
8071 7481
3964 8049
9007 196
4634 7579
2268 3134
2957 1752
5997 6120
2118 8615
2270 8291
5137 8661
3375 6661
7728 5095
3828 9602
9262 5941
5614 3778
5497 3686
1260 9462
1735 267
9658 6369
7846 1926
9504 804
3679 5502
6924 5797
4117 9194
4089 9255
7855 7464
5916 5583
2560 9745
5186 1822
5687 801
5601 1184
4488 6862
647 6223
7129 306
2593 4976
2232 2097
5780 5912
7600 2704
1710 1718
1899 5799
973 9754
3264 6889
5338 5824
6635 525
7647 2322
1327 3249
3507 5815
111 4154
2039 7240
4460 4632
2217 6693
6730 7997
2605 4330
702 4315
6048 2601
115 7022
2356 3380
3912 7695
9205 547
8221 6853
2870 9548
102 6377
5364 213
532 7403
7454 4993
2035 9671
1686 8766
7669 4292
3097 8372
8608 9145
974 8724
6168 3330
2104 80
1026 1310
627 9247
8163 3498
8796 8265
9875 4161
8479 408
1564 5934
5401 3600
5606 7087
2366 3276
1380 5463
1648 9988
4609 2622
8713 777
5953 818
858 6979
2128 1486
6227 291
4984 5024
8557 4860
9185 7037
5268 750
2971 669
4350 8578
7757 6717
1854 9137
2181 3502
9126 6790
6125 7839
7568 2078
8657 8427
9058 785
