1000 2
1274 7024
1646 3199
808 8839
5381 3717
7513 2609
8199 7290
6584 7643
8394 3740
4818 6700
3538 7943
7830 9266
3390 6235
1235 5226
3266 7819
9732 9913
6297 1007
6937 7944
4207 7746
6783 9588
1463 4297
2197 9663
1587 8782
7306 9981
2522 2125
6682 6060
69 4513
5327 3460
748 6562
8686 4015
4382 8418
3928 679
9426 866
8624 3633
8612 5407
3221 76
9705 5419
9739 1292
4201 7046
1274 6724
9172 7957
2785 9241
2470 8112
2701 3219
4675 1388
7234 9057
9806 1162
9737 9233
2028 8361
2866 641
3769 6088
717 3474
1508 456
4767 5709
7502 6041
2434 6675
3998 5219
5916 6469
3332 8618
9688 8007
7 6922
7065 9814
8085 6802
9047 113
5164 1914
754 8934
8002 1472
2408 9511
1928 7175
5220 9431
3217 7655
6106 7216
2874 2023
3685 6207
642 3373
4215 649
295 1280
463 8380
8083 9511
8494 3248
1425 9249
2182 9428
721 4590
8939 2650
1766 4160
2082 4984
1815 8189
2200 4690
213 5885
897 855
9258 5112
1505 9554
6393 1969
7934 4476
1480 6429
7724 2905
5678 9906
2333 6400
4497 1273
9051 6264
5433 1133
1248 7248
9322 3448
1938 9535
9333 2836
391 8592
7948 1896
8146 4341
3866 6081
8818 5346
2510 6542
8252 8189
6449 586
4590 946
1859 3641
7211 7292
4775 8459
4541 4097
1908 6480
3633 1242
9316 4024
9834 7265
5921 7980
1607 9787
4062 425
5134 6572
6968 3386
4762 3417
3972 9353
4364 5831
2994 1575
3124 7769
35 7666
1867 1943
4146 5500
3185 3463
9525 3019
729 5446
1000 2336
5234 5062
2761 368
1635 9729
3754 6398
3147 7726
5751 7511
3558 8745
9086 6682
6515 9122
4349 8382
1065 8495
3883 4251
1959 3409
7270 2688
8856 8271
5025 4090
3334 7786
4459 4969
7516 8214
1367 663
5940 7119
8174 9499
5865 7261
6182 2380
6383 531
763 7449
9027 4647
1700 986
8056 8971
3675 6912
7242 8700
1003 576
6487 5462
5546 4003
3676 6914
4666 9617
4033 2841
9116 9898
103 5299
2279 6487
5830 3043
3936 4857
7690 5636
5844 5747
4608 9519
2659 1850
8220 3662
2427 4707
9125 7973
8710 2801
4887 3377
2419 8920
6218 1536
8819 6321
6835 1098
2808 2665
4141 6745
7523 1832
2382 3367
7579 6990
2886 239
8841 1106
3902 1268
5813 3028
9241 4524
5829 4128
7901 8249
3049 4120
9785 1868
442 6620
2967 3251
9285 7109
9996 6808
8942 2379
176 6522
9369 3063
6761 8210
4170 664
9479 9984
3692 8720
4508 9522
2849 2410
7771 5899
6530 7556
7768 6973
4177 735
224 3462
7845 221
271 6787
2600 448
3309 1970
3511 71
180 7681
736 9659
7665 4428
8380 2173
3951 1230
4583 1723
7129 1114
9279 4897
8087 3457
5633 8311
6920 3478
8533 7191
266 1133
7639 3576
3103 1151
3648 3284
8832 4384
2944 6497
8813 1325
8671 2764
2555 3255
4487 9685
4369 3767
4583 2457
7224 216
768 4144
3695 9302
1336 3962
435 8976
7538 3539
127 1186
6823 8959
5571 9768
5457 4384
1093 4128
7149 3649
7383 1637
3334 1753
5405 7917
4210 2630
8134 4979
6774 1829
4281 8111
5791 4717
7087 3330
8256 7215
4517 5080
6175 89
4849 1633
4474 5942
5761 1623
9592 3145
3261 2926
4899 8666
844 9109
1296 8978
4089 8071
807 8370
6183 6599
3088 3271
9930 1344
486 4448
6425 6662
4537 1274
8295 9011
7217 4057
635 6809
7203 3896
9736 2102
2563 580
1211 3860
9558 5300
1932 366
3671 8115
6966 6759
1386 6897
8104 1872
1345 4530
8535 5882
5804 6830
4894 3022
887 5529
9831 8090
9426 9567
193 1989
148 1404
5850 9706
6705 7782
73 377
5897 7039
7137 7283
3936 5242
9156 5282
9772 7691
1164 5576
4521 6058
8599 5409
1588 8430
3500 1014
7998 3693
3004 8147
5098 8854
7854 1804
6637 7927
2181 2534
4967 9319
9818 8904
4561 8974
4186 4333
6666 5351
9910 1188
1410 8509
6598 2998
6940 98
4012 4939
3792 7017
3086 8891
5872 940
695 2509
8868 2877
5044 3836
2196 4863
2740 6757
3837 6927
1091 504
2278 1001
1692 3689
9511 8290
6687 6451
8389 700
1391 2181
7717 4478
1073 3590
5418 1768
6099 4287
4646 1144
8123 6842
6007 864
3600 9845
7791 4691
349 70
5693 2041
3759 5205
332 447
1657 8721
1147 3048
903 8865
7526 1976
2455 2945
3745 8555
7232 8391
9699 5356
5234 5707
6220 8834
5552 4012
3526 5902
4082 9219
7944 7842
4425 8276
8289 6082
6997 9437
9130 7901
8302 6656
9877 758
9602 3623
9313 6834
2014 9013
2191 7248
4720 8411
6083 273
2423 9609
6175 6505
8829 4119
4348 3254
2395 2637
9336 9393
2074 8467
7295 377
5123 7173
1135 4726
796 449
1561 2811
9462 3752
59 4183
2163 6143
4457 4587
5752 632
1092 4582
4752 5441
7836 7148
8078 7173
6541 153
5640 3837
530 764
1010 1666
5490 1806
2115 7051
4618 1578
803 4678
5761 2967
821 218
7554 6573
851 8647
1156 5603
4088 8992
2751 2167
6166 9293
2320 1806
3130 2851
2570 4141
4517 8061
5948 6632
5113 566
8210 5916
5244 3972
8884 6066
4190 6438
2640 5042
5085 3796
645 9174
2789 3397
1341 8955
2690 3662
761 5821
6513 3332
9963 1030
1394 5911
7662 6507
6478 5873
2423 1722
9845 1308
7788 4035
7746 428
9077 2832
4224 9723
2006 7014
3120 3348
5969 5811
7010 6730
1633 3523
63 1596
4553 1457
7508 2216
7964 3986
8089 388
5709 7934
1696 3497
1970 9443
3926 1048
2275 8151
771 4282
5165 3892
7630 1134
9704 4641
7865 1338
8164 7929
2934 2718
9386 443
4935 7351
4429 3025
7739 138
959 9436
3636 2930
8879 7563
3978 1155
5714 4750
5438 880
8642 3068
2015 8347
7710 9881
9685 5875
7810 2620
8594 7197
3063 3529
4548 7492
6554 2288
7631 7514
1725 1267
444 604
8830 4423
1760 4545
9173 7198
5425 7816
267 7440
6164 7977
7321 5849
3852 5132
8469 2447
2329 1532
5976 6877
9025 2531
9166 6656
46 891
7924 491
1496 6754
4914 3257
1299 4088
455 6725
1905 723
4166 8069
8700 1487
3918 2553
6620 2388
5000 8949
3921 977
5827 2946
3509 4994
9603 3555
5885 7527
4047 7382
4282 8961
639 5582
3049 1095
2307 4954
1818 6473
3024 519
7961 6942
3072 4581
9330 8073
3531 3252
9051 9358
6198 2561
4352 5802
6117 238
3329 164
7621 7612
9125 8260
3194 2175
9356 5501
7130 1174
1975 154
1693 9936
7097 4766
4518 6428
2840 8049
9680 1892
7408 5879
4453 1761
1682 570
1999 5011
735 9620
2624 9861
7881 5818
2036 7237
1320 9167
8412 3295
9322 105
3232 6420
4872 7751
2848 7712
5800 2529
9605 3209
8408 4058
4970 90
4629 6970
5102 5364
6591 7726
5225 4473
3545 7262
1710 4865
6430 122
8160 5752
228 1393
2172 5100
9144 5021
2813 4945
7550 2419
8154 5959
6477 3125
6050 1107
96 1153
6472 6687
8879 1697
1160 2425
8960 2871
7290 5390
2993 5451
1143 3222
6844 3316
8323 5988
8337 1136
933 5888
3555 9088
1847 33
2214 7897
1141 2310
9050 7613
8998 7930
9310 158
355 8271
3029 7646
3661 6023
3097 4805
9246 9942
8121 7569
5931 6458
8706 6865
2346 2262
5953 4194
2296 8168
2091 3437
478 1142
1050 9476
9073 361
9635 9429
8632 2665
7075 2294
8689 173
7099 7935
116 5221
5504 6047
1679 4211
2912 4026
6473 8866
8220 8769
7034 312
2206 7512
1455 3257
6989 529
3618 6624
9958 2251
9290 7034
4546 7979
7208 1646
5914 7324
6867 1419
3371 8546
5630 6283
2573 2104
5149 794
873 2183
1107 3080
9696 2563
6337 6686
3092 9956
3310 3050
2208 2600
85 6754
580 7293
8400 6495
4617 5267
7914 7988
3814 3545
4272 6388
5649 9422
7182 6523
1605 8289
9603 1302
853 5941
7988 3945
5898 1299
6995 8106
3900 7081
4861 4480
4374 3261
976 8991
8529 8890
6980 2344
2436 1252
8732 8085
674 5914
4609 2280
4204 4212
3583 5057
153 1572
9003 6052
2871 5999
4158 6772
3080 9019
1253 7454
2281 2229
6446 810
1120 3426
3154 3556
4679 1887
1642 5354
7801 6251
7635 2006
463 1218
7064 617
2791 6067
6669 5662
2066 828
2435 5146
9847 3688
2601 2129
5917 9047
2939 7037
2474 6094
594 7153
7981 2236
2508 5783
8487 143
7789 8951
1362 4854
9568 4153
921 6238
9816 2988
7066 2251
8135 6914
5940 736
9043 1857
9783 1983
8895 2257
8077 9489
9411 6059
1725 1919
1842 213
2063 9632
9164 3425
4487 8733
7579 5408
4971 7395
8397 2038
9647 6532
8953 5587
7268 7996
7445 7052
9979 6341
9310 8057
5831 8721
4117 7557
641 5960
7770 2704
5593 6934
6129 80
5668 3709
5489 639
1105 3886
2678 752
418 1631
6340 7687
9627 3786
4739 9607
128 4049
7665 5959
2770 1782
3516 3412
7743 1287
6116 3336
8222 2246
3416 3890
5955 8905
4530 7060
2791 7208
7813 3210
8839 4153
897 8467
7940 5636
8075 8068
9686 5740
4028 2457
7523 7545
5869 5267
8832 1985
8603 7055
4231 2020
946 187
925 5476
7247 3717
2684 5060
6928 1524
9214 7825
9992 7154
3462 8067
5223 3149
3808 9251
5606 1332
6797 1475
6599 5630
3460 5202
2685 7692
7223 3631
7879 8148
9108 5127
1866 1793
187 8794
3317 9402
6620 3310
6557 83
1377 1780
3232 5186
1032 8838
6518 7830
314 3118
3460 3775
8321 6146
1467 5544
9778 9347
3692 8886
4474 5559
679 4662
4354 3997
4065 974
7307 622
1058 8685
2403 4290
3871 3436
3129 390
1266 3443
3508 4727
7218 1829
873 8686
7373 651
8034 1066
9538 2508
6626 217
7171 980
4215 1236
1955 1522
1859 3013
207 4262
7303 4079
7698 433
4469 8965
3876 7977
3692 1095
9807 4565
9782 7181
5217 7816
8247 4755
324 4873
4972 7496
5854 9188
8733 7809
710 592
822 918
4854 8126
4998 2553
8559 9467
1518 2436
7445 5210
3532 7253
9776 3314
4434 4993
1130 2682
9748 1454
7555 4721
8951 3409
3909 7684
1218 4620
8276 2041
5539 3130
167 537
5683 8727
5 7202
1163 7451
2412 4695
4704 2189
8009 9138
7182 9139
1820 6931
594 9376
1652 9545
2786 5562
7230 4005
182 5506
6046 5721
8637 6214
6259 4321
4941 6264
1523 6105
3715 3936
801 8420
6125 8810
7559 3307
7950 9379
238 8545
8756 1891
8091 1543
7453 5321
5548 7636
828 1595
3358 9465
7810 9617
3786 2751
5882 5310
8857 9598
9246 9658
8018 5372
8469 5577
8679 6420
4957 8918
4965 3714
810 3057
5257 8264
8378 805
5900 9207
2401 9259
8672 211
8877 2459
2963 4760
7769 1820
4358 7016
1478 2376
2388 9948
7954 1068
6368 2911
9987 1334
6625 797
4391 1883
9061 2770
2688 4962
1977 5090
4221 649
5301 3099
3109 8264
7859 879
84 2217
7895 1563
4594 284
1511 2548
1353 7879
5460 1340
9214 2086
2137 3605
3969 1199
6375 6658
6161 8352
1748 383
9002 7050
3483 2112
5314 1342
2991 5399
3560 887
6963 8154
1172 8474
703 2525
6354 6164
3865 5568
8251 6002
9174 2221
7202 5549
8880 3363
3902 629
3747 2904
7679 7230
5016 2994
8572 8008
8394 2133
8895 5357
287 67
3832 991
2592 187
7156 6458
5756 5407
2461 4930
7629 9663
480 6509
3027 4382
7138 6774
7287 4817
4004 2304
7812 2577
312 6206
4710 9208
1564 4998
9276 5396
5990 1869
5583 3146
8327 1340
8554 789
6270 6183
452 6751
2692 3479
1133 9830
254 8421
4648 4259
725 2461
6836 1038
