1000 2
4309 8862
9693 4237
2873 652
4061 3982
4563 279
1258 7925
2601 4772
1762 1588
856 1545
9171 1675
921 3475
2800 6131
5367 7133
3204 6340
8382 5043
9091 2691
3906 8785
6929 6780
9437 990
763 4000
1270 2021
1926 3872
6793 3688
5460 7650
5234 4632
9326 6156
8107 2126
2287 3475
9260 5492
9815 7643
536 8907
335 4442
7693 7264
1223 7131
8254 1986
1132 9525
4008 3058
3397 801
6747 8858
8452 1981
3490 7778
8137 1598
9905 425
5073 9166
5917 4889
6809 6453
3797 7144
896 1490
4408 2119
8621 2663
4105 9754
2189 8113
2812 5587
8915 9559
4445 7367
1540 7935
5146 9677
9533 5051
102 4607
4217 6020
9497 1026
2473 3294
8171 3369
4785 2580
5488 3407
5243 9594
3161 7433
7707 5974
3020 6623
5533 7465
3990 7073
5401 9137
6751 4934
4188 6854
9542 8406
2874 9040
9433 5347
2335 7604
8717 7120
184 4205
528 5428
3800 3690
2861 1507
9664 5881
8130 5197
3346 2121
2271 8747
1258 9023
3682 5447
5877 3225
3853 8751
2265 3287
4099 4600
891 2816
1721 1076
7022 2250
6505 822
5941 9366
2330 5606
5248 461
804 8595
2583 3075
7343 3841
2098 1025
9289 7976
4251 3143
6728 6517
6430 827
1117 7322
3644 2839
8398 667
5089 4903
1489 1031
4270 3820
6637 9518
4281 7441
8113 6865
517 5456
706 2616
6482 9996
592 734
3139 7320
7251 9569
8148 8369
6891 1792
1208 5290
2460 6298
194 3950
7329 4464
7770 3967
3983 2052
1409 2097
8917 1926
7553 9624
4543 4036
9620 5135
4770 2760
2456 2022
2330 604
391 9221
2397 1600
4512 4857
7898 4706
8808 5228
9171 6578
9196 3155
8631 605
5252 7549
2532 2806
7174 7075
6842 6795
2210 1613
9555 4667
3636 1885
5271 4027
1107 7669
5628 5619
2527 3526
326 1335
8755 9498
7914 7951
2653 6546
8557 7906
4095 1089
712 1269
8164 7555
8064 375
9169 7620
5042 2805
9505 314
6833 612
7983 2461
6232 511
5987 6559
1847 4743
6058 9761
2695 8712
6307 1252
6618 403
2341 7330
1672 505
4885 9737
880 4054
7357 5922
6859 6863
6237 3693
7476 4220
6154 3709
4732 2142
268 6579
6885 6327
6341 9580
5039 2649
833 1657
3052 3174
8988 4725
3680 3874
4462 4561
7928 1820
484 4788
8683 6721
8481 6159
942 4636
9868 5674
6778 137
2253 3663
6465 8594
3244 1504
1243 4077
3162 4296
7252 2151
9021 932
6025 3484
5494 3954
5305 5978
8743 3988
2699 7225
148 3641
1861 17
9316 8639
155 1569
2303 6620
164 5547
8125 1408
9625 1287
5704 6877
3438 4726
7810 9464
8210 3304
3418 3515
9283 2161
7504 1982
9386 7653
5624 1248
7670 4940
9887 7825
6510 2190
4445 6674
7738 2570
8082 7364
3858 3787
4242 7297
8513 2052
6762 6724
5357 180
240 4640
2342 7745
6623 1729
5398 2248
2977 3069
7188 2865
894 3699
5055 5340
373 2794
7911 8456
158 1770
2244 4400
9068 758
6453 5830
7482 1810
6010 7723
6451 8353
5468 3075
82 867
5323 3060
3936 2512
5925 4831
6211 981
172 6584
3776 8083
5041 3934
9854 7285
8335 8922
8044 4789
4752 5527
6600 763
3250 3051
9117 8719
6126 9200
9586 1450
2260 3523
3962 8186
8354 173
9167 8526
6758 2943
6610 1800
6878 6464
9086 5214
5387 7130
3 140
2657 6603
903 5907
9655 20
4627 5782
9220 4214
7233 1481
7737 1195
9667 6092
1369 8835
4619 8127
1779 1229
9927 8657
7694 9013
3872 3082
6143 3876
3222 8801
479 4125
4709 135
4146 9336
5918 3367
3550 3151
4849 1288
4347 4516
7381 5716
3352 2000
3843 5131
3230 3771
3789 925
2785 7661
4007 8929
1537 7229
7730 2017
1355 2439
2153 5502
1776 8071
8870 5327
1223 3719
6615 5570
8235 3996
1287 1587
5997 5130
6718 9227
8902 507
152 1687
8169 4160
616 9706
1389 8347
1724 2745
787 3877
8248 2563
1949 7118
7890 3172
837 4506
8743 9072
8503 30
660 4500
5161 7379
3728 4063
7887 3881
5751 6056
8041 6368
5763 9431
4716 7488
2176 5503
1365 424
8067 3314
7543 5957
6487 8380
464 5231
7453 8968
5261 8113
3469 423
5493 7197
4487 3380
1079 239
9437 9120
6607 5201
8551 1324
2689 728
6827 4055
1153 4894
7369 8696
852 3857
7076 1317
9088 4529
285 4350
2643 3754
4774 8136
952 9261
1517 2031
9501 955
1151 6108
6157 9703
7432 8847
432 4260
2902 1585
9155 272
282 7
4129 7359
1324 3218
1889 1609
7569 4533
5364 2343
2670 6316
1605 4187
8347 1106
5143 9499
7215 1301
9202 4648
148 9635
8908 3050
1221 8063
3322 1503
8071 7451
8862 9395
670 752
1005 8239
5285 6369
583 7955
2686 2188
2143 1033
3295 7287
533 510
8588 9736
5159 8736
9371 4067
1786 592
2131 5108
2095 203
2560 958
9598 3231
1711 604
1471 6996
6974 2054
4952 9660
4243 7095
694 7538
4382 1227
8049 2970
963 3208
1706 335
7276 3492
927 9408
8601 3023
9611 1162
3982 9210
4393 5693
9814 5864
2690 6788
7918 7642
6449 2162
4738 7143
9701 9120
8371 7751
2091 9335
959 3797
9670 8236
7290 598
7644 5892
3621 7256
7054 7604
6466 1448
3298 6281
7312 5988
3070 5231
3631 9519
7393 8369
6663 7095
7489 5035
4846 9581
4370 5806
3378 4041
4042 669
4639 1687
6562 8261
8944 3616
5865 5410
5064 9163
1692 2377
5152 4762
7608 8783
4282 5002
7152 945
2097 4642
5980 6944
4223 351
2750 7602
4392 6793
8272 9032
8481 4834
7293 7425
8451 3159
2836 3516
2323 4528
5894 7475
9290 3502
6259 3572
8505 3412
4518 603
8054 499
7547 2278
850 298
9881 5243
7092 8153
4275 5573
2988 1569
2999 1440
4728 5835
4957 7051
364 851
4527 9655
4354 786
3228 2859
4198 7746
3463 2253
8245 1010
4532 9096
1309 4413
4339 8401
2567 8615
3974 5555
184 6974
6995 4912
2810 1953
1964 3174
2804 6491
2830 7158
7278 6058
18 1477
3804 3481
3730 2050
4491 8263
1147 5800
2676 5487
4202 5243
4102 8177
798 4286
5151 7794
9199 7961
9747 1163
1136 2551
7655 3966
9710 4934
25 9728
6411 3830
3209 142
5881 7701
8405 7028
3502 1081
2515 7704
6325 6618
5881 7123
904 1033
4918 104
8995 4666
1268 131
7218 8923
4098 6928
3857 4124
6657 269
7954 9866
411 3835
7568 8817
863 1070
9899 3379
8775 6224
9997 4656
3348 902
5690 8266
1006 4685
2933 2274
4817 151
1198 8916
7080 5056
3040 3737
5325 994
3604 5737
4829 1172
4555 5693
2243 4454
9072 1018
678 9070
5675 4026
9973 1365
2293 979
6050 5227
3254 867
5378 4453
9784 2459
9510 2824
6197 4835
3818 9801
573 8648
974 5128
4341 3218
9582 3413
4236 261
2484 9911
4288 2457
1277 6581
3437 7327
1808 6692
8195 7187
1145 7979
9647 655
804 5844
5491 4622
5646 6064
3270 6620
1193 7611
9838 776
1025 4075
1037 3509
3986 5325
5966 5264
1907 9403
2591 3716
6095 787
904 7241
8767 551
7897 9571
6395 3388
4193 2041
9453 7464
8662 646
5076 8501
1423 6101
2576 2460
9611 6563
7786 5577
1827 9693
4981 4419
3410 1077
5206 4314
8318 3973
4865 6215
3544 1261
9604 7738
3302 9057
5203 1964
9704 279
465 1127
6380 3042
3588 5992
9605 1374
1570 1432
1068 6551
5851 4479
7629 1058
8793 5948
5031 3659
2164 8576
4920 1768
6315 8223
826 1518
188 531
1798 654
1658 8179
3696 5246
4171 3302
6621 5741
4734 7690
2293 586
2169 9922
1645 962
5870 6676
4622 8035
5253 9543
9803 1569
7767 630
3088 7955
1161 4886
8610 2820
3065 2306
8067 7236
5608 4688
2978 343
2378 5271
930 4547
5193 2575
5510 1064
9252 133
9099 4506
9676 8903
6076 7443
9533 9164
5399 695
4050 4009
3515 7116
6316 1582
4353 1925
6270 7331
2269 8649
2602 3199
3197 7796
5775 8708
8860 5028
8841 7960
9534 8518
6863 5610
5961 6397
4775 1361
7092 8826
5370 607
5942 1687
2189 295
3612 8460
7627 5881
7109 229
9081 306
8026 4857
9015 6886
9885 7856
4846 9420
6374 1710
5031 2336
8107 9806
3697 5200
8632 9068
5807 4575
755 7996
4871 4368
6457 2498
249 3567
2728 9331
3874 754
4188 2889
7641 4074
745 2488
3495 7119
4199 8526
9456 2306
8333 3153
7506 6966
2222 3314
1541 2977
1311 6413
7345 7768
8912 7595
1335 1641
6927 5209
2396 1116
8098 37
5190 8844
2526 8685
5963 6725
7212 5420
9032 5545
8573 6539
2511 796
9853 4053
3773 1165
467 1119
8933 9379
8715 269
1020 5642
5479 3417
6759 3577
3454 1949
2421 5981
635 8385
2706 7848
3805 1739
3393 2379
8278 5905
3175 8132
9959 6949
9297 426
8069 8231
9806 6784
8500 827
2427 3979
4244 9187
7557 7699
1136 9979
3680 1772
8365 6386
9620 2171
8126 3014
4550 6404
8920 7726
4537 8879
4675 3835
9305 2744
2066 9112
9529 567
9939 1957
4547 4183
1144 2105
1882 2281
2084 5562
4054 450
1949 3675
2621 75
6689 7172
6480 5609
4898 1018
4489 9573
4853 3795
2318 6919
2907 1848
7487 2846
3806 2034
7029 4951
4139 8912
7233 6224
4474 1287
6674 6424
4962 9296
6500 1652
6468 2980
7262 1366
3998 1752
940 8852
5547 3259
5771 8454
5108 3258
1301 8914
5293 8330
3866 9433
7243 1099
5657 1717
2387 2332
8142 7349
1628 4642
9002 8096
7623 6265
9463 1622
8017 403
474 3564
3662 6246
2019 8770
9504 3320
7685 4798
1651 1551
4231 8894
2650 9889
612 5038
2222 8754
2387 3850
3397 1390
1947 1020
7655 1411
2642 5673
1814 3116
9237 5477
9363 1257
4248 8867
4577 1933
3666 6229
3485 7898
5123 6136
7787 5736
1174 9
4490 3562
3860 7888
4953 5808
8908 2609
7219 1551
8282 9033
4668 7520
4511 4031
8777 8759
2899 3355
693 6565
9584 4178
4463 4708
315 2251
444 1489
2261 4934
5052 6121
2823 5
1929 1731
2614 9148
3283 896
8182 7951
8417 2693
1983 7194
1453 4882
550 2146
1448 134
6325 5912
4842 6641
8163 5286
8131 424
221 3183
6546 3044
3188 8475
4776 5803
7624 8059
6700 5806
6011 5117
8500 7994
2312 9953
2877 2862
2100 4325
2997 8426
237 7840
5067 8400
3127 3198
8825 3349
6381 5371
6393 9570
3847 1170
5374 1471
9230 2074
7277 5242
7192 5778
3236 9504
5731 6114
2367 7832
439 5364
6258 676
3204 1325
9077 6331
4523 7902
9680 905
3274 6074
475 7121
7245 5850
8592 6476
7924 5870
1718 5116
1648 4955
4621 7380
1069 6988
5212 1509
2353 1470
2185 5558
2796 1262
1890 7319
9165 1571
8225 2439
7646 8700
9561 4891
4550 8153
1368 2475
4024 3087
7592 5672
8042 2213
3053 9112
9202 8266
621 1555
9737 2807
7113 2533
4070 9004
9853 3236
575 8078
5676 8221
6779 5237
3112 1330
3390 4481
3805 7415
7568 1398
3088 5610
3612 6141
4723 2814
4407 5345
4370 4145
8152 1484
6678 2222
488 6532
5458 1063
4610 1134
9284 1390
6372 2397
2720 9763
6878 6526
7178 4446
7924 266
57 1537
6408 4780
4351 815
126 8722
4961 8278
206 1639
501 694
8172 5960
1758 2782
7095 1042
4173 3467
3440 6893
3230 318
3420 409
4764 1345
675 4822
2882 7083
9603 7233
7899 9729
5955 2860
8008 6162
4500 8510
6857 2673
4470 8615
5456 1566
9657 9629
5034 3097
6522 8264
3416 9942
8674 8181
1288 9350
3003 4170
6433 2606
1404 4333
2336 7359
7194 344
3522 1695
8854 379
4368 3325
8994 9824
