1000 2
1585 344
9007 7896
6739 4387
1873 7067
7200 4731
993 1497
8846 870
9830 5212
5441 629
1247 8342
2041 3479
6099 705
4972 7477
1694 8322
2456 7051
2863 4041
7396 1871
1938 4136
6258 3811
1203 3458
8543 2196
4955 7389
3067 4786
2602 8509
5415 3849
6851 7457
7329 2950
8162 2301
428 9856
624 2884
6908 3487
6926 4304
5358 8865
8440 1616
2676 9644
5074 1220
1840 30
8609 4908
4817 1212
3417 233
5061 268
7690 2390
3219 5852
4692 3647
5709 5316
6531 2617
8804 3458
6922 4162
2323 5363
5779 5000
5007 854
6221 6848
885 4830
1756 5702
6043 5173
5936 1104
5442 3626
3495 8661
9479 8188
2308 5188
3504 8840
7806 2309
2299 4729
6472 4623
92 2251
9623 5100
3105 5844
1948 3991
675 3704
9694 6718
8878 5630
7823 4320
9256 1319
2982 8736
9507 5291
3924 3012
4132 1731
5321 6431
6460 1793
1054 6553
4044 678
1653 7150
6523 3601
1141 7199
7306 835
3918 6185
6466 1741
505 5722
3060 3488
4458 2567
8779 8383
5580 2911
115 901
9343 6576
2694 397
3129 6739
1076 4783
3890 7599
8385 5032
4798 5691
5867 8716
1877 2334
458 2382
8056 3518
5871 2515
6086 4650
899 1666
7562 1015
2567 6905
7591 5262
7303 721
2002 8379
5504 5892
5979 3889
924 777
9581 6792
9494 1458
9126 9952
3841 7183
3471 9713
9698 9557
4363 598
1224 1926
1613 3792
8832 9205
9055 6135
9926 1057
4515 5431
6949 494
9321 7873
1272 8903
4666 767
362 3792
719 4203
975 4190
3917 674
3748 8281
1273 4973
207 2887
8765 9039
2092 7821
5175 2019
8878 9691
7450 5827
186 6771
3701 1459
5674 8368
2226 6037
2160 2945
241 3136
7136 4158
3810 885
2439 5084
5858 2646
7971 4624
1686 63
2445 6862
2082 1323
6553 9533
7151 6739
6305 853
8199 1980
9221 425
8017 1382
3370 8258
4518 507
2416 8329
1392 4855
3413 7250
7502 1385
1874 9188
1448 4319
6051 3531
5643 2604
3064 2794
9344 9369
3648 7543
1350 2869
7969 9367
4252 1339
7625 8770
1846 41
7100 3238
4897 514
489 2399
1899 2364
1588 3348
6683 7639
6879 2327
244 9944
5122 9589
9314 8770
7133 664
1640 5102
31 5892
6442 7657
4663 8289
7698 1764
1528 2595
2278 2017
4995 4177
4381 6583
7526 1065
4222 4406
3392 4467
4351 8514
4056 3665
7285 1190
4330 8925
6292 4362
4818 2735
2019 9482
1024 9718
1246 2552
2314 3524
4569 7309
7702 8951
3892 5229
16 8115
9635 3409
2582 3986
1924 6639
7652 9210
7830 1982
8136 4123
6345 2954
6858 8364
2436 7882
8083 3683
434 397
7207 5004
7706 4910
3955 1599
139 3972
9714 9775
7382 2297
3761 9307
8937 1413
8517 6767
3396 6653
891 9741
9607 7749
8105 2044
5632 6189
5728 6066
6586 2936
1071 4292
7846 5027
5891 7986
9000 5606
7761 6382
7904 1523
5689 6841
2936 4206
3609 6333
860 4500
6074 468
2250 4180
2512 7882
369 8240
3949 6955
1176 5020
1248 9023
48 7140
7010 9048
2746 4771
5431 651
6295 1120
7492 9231
5327 1102
5565 6187
5603 1639
6655 7853
5819 9168
5736 6189
7409 9685
3145 8586
4706 4393
7610 4754
1533 4620
3803 4280
9392 9234
4931 5687
355 2424
4919 5682
3527 484
1870 9130
2123 8526
6984 7943
7694 2720
4133 5104
2406 7278
3690 7112
1671 1301
1867 3205
5921 5671
7486 5313
4905 2417
1000 5260
4842 5920
943 8369
6404 2814
7499 8528
1340 4484
6472 9035
7204 605
4139 9611
7883 7830
6724 9555
9131 8591
2761 5053
4262 247
366 9168
2664 1367
4428 7506
7287 5372
5876 3691
8186 3375
2220 9526
7859 8692
8561 5064
9298 2701
4675 7182
532 1399
6737 9664
9991 9499
4717 4254
9746 5083
3422 2411
6451 7851
9918 3738
3223 5794
7430 1410
9170 9650
936 7029
8343 9498
2094 7641
2200 6770
4823 2732
8170 1561
2396 8161
1060 7113
2416 807
2197 5838
3218 8648
3689 3136
2387 6913
8931 9818
8323 8101
9469 9260
5131 7812
8759 7226
5454 959
3996 277
3692 2166
1839 6089
328 2899
3203 2744
3706 5400
8583 6925
4049 2273
62 6437
9187 8993
6255 7510
7094 5724
6771 2226
3537 5531
9452 8991
6490 3448
9269 183
5615 1108
6272 5944
4008 9476
8688 7715
4877 7272
4640 8926
9545 4702
5364 8732
3695 1619
6243 790
7344 3015
3016 881
8546 2468
9873 5037
5917 9142
5220 1532
251 1493
7477 4260
969 6165
1975 5847
3438 6615
4773 2983
1318 138
1716 5013
1757 7960
5804 9102
975 8820
9983 9521
1289 9857
4558 7206
9000 9779
8739 9251
1273 6216
3511 2243
2382 5486
8090 5821
2102 2863
8805 3420
3002 521
8434 4760
8482 4238
3862 9457
3059 3846
8979 4349
3703 3538
1556 2703
3318 295
1954 4591
6512 5466
6834 8895
953 4924
4716 3055
7788 3522
6476 790
4043 4911
5550 2526
9149 9412
1983 2209
3258 963
6558 6962
4502 8114
9665 7820
8410 1620
2411 4923
7086 9246
3819 8040
4170 8536
1095 1959
2058 7572
2750 6102
2483 8300
8628 1633
7713 612
3842 972
1576 401
7934 6078
8516 7600
3898 6927
9220 6310
1851 6307
5557 5670
4347 9728
4207 5443
1687 6265
3015 4437
2368 5499
2738 996
7132 451
1609 975
1424 3185
1377 9358
9263 9893
6959 3162
6821 6179
9473 8672
2487 5030
4343 6834
4758 8550
2277 6445
4816 5293
883 7185
792 3621
8182 7924
4073 9791
8900 5497
2976 277
4856 2240
171 1815
5403 6992
7995 4876
5665 482
9907 9
7316 4665
8560 9594
1111 3376
4887 1994
562 5680
5616 8744
3605 9689
8535 2505
5187 1512
2782 43
3753 2954
1858 9156
9946 9853
4033 5612
335 3940
5621 7652
8606 4181
7246 9717
7558 2134
1712 8120
7814 7329
6864 1419
7019 5400
3925 2206
6913 6708
2249 666
9662 4108
9823 9608
3962 3857
5220 4298
7798 841
1951 6404
5023 9198
6121 2581
1332 7834
701 9147
5163 7565
567 2183
2966 4492
4389 9879
1201 6639
546 863
748 370
472 4710
4227 5692
9009 2025
6534 960
8430 1557
158 4552
4139 1491
2386 4840
638 7550
2406 1206
9733 5372
5699 4123
5252 6900
762 5798
7763 1510
6169 8236
6221 397
3928 5230
2423 463
6191 853
2021 6349
5405 6160
7841 7792
1001 8480
5342 3407
9686 5076
8780 5386
9199 4032
2287 9961
9831 51
1472 6000
8287 7693
6397 2216
2924 8820
2680 9115
9673 4701
5465 5079
862 3306
2871 1864
1786 8214
5271 1473
3290 4052
6860 2489
8084 9147
2451 7915
9198 3923
3916 7485
1617 314
9701 4541
9135 2381
3656 8809
7083 9122
3888 7946
2428 6759
9810 4215
4973 5082
5689 8264
9134 2549
753 7219
1696 3205
5135 895
7129 9051
8381 8746
9365 8082
3288 8500
464 6945
7309 7548
6067 1198
5495 8496
7957 5305
2712 2931
388 8401
1195 9522
951 1949
6741 2648
5155 1876
3543 2284
928 1924
1031 294
7 4320
8795 472
1265 6105
8021 7333
7303 3516
5829 5261
8822 8542
8193 9210
6943 9388
8733 7894
1338 5475
543 6493
7352 4086
8778 8281
6011 9809
8575 6019
4129 7370
6492 5395
3476 4513
2728 780
8030 8558
6041 6852
7100 4234
6063 4044
3623 4796
1939 4961
272 2482
1454 7624
6569 233
5905 2581
42 4481
8601 4172
1852 5093
9567 5328
9606 2296
6108 7637
855 2150
4489 7956
6384 552
2000 7
5349 3940
4969 5621
6422 6424
3246 2992
6657 9152
5573 6700
3633 4174
872 5485
9268 440
813 8875
2737 6922
6512 3592
9072 1001
1548 5457
1554 3549
5464 6904
7489 434
2525 3911
6858 5772
6904 3515
4924 2478
215 8557
6652 1088
4042 5920
1528 4856
4795 4266
1779 1308
7858 851
2309 9407
6308 3864
2956 1773
768 445
2207 3294
4357 9066
9066 1261
2582 3991
3739 2798
2548 392
3886 6591
6313 5415
1448 1109
9681 3227
2417 7540
4079 4726
6947 388
8591 9903
2161 9359
348 4369
2654 4706
3436 1720
5967 6018
5711 9707
8817 8260
99 2704
4852 6412
8120 6300
7522 7802
9528 9939
5342 3607
4666 2289
3996 3257
2193 6157
2616 2542
527 5271
7248 3963
6991 3216
9982 2703
2923 8799
964 3023
1503 5816
9435 9623
2116 6957
7426 1645
6897 2768
5253 1563
5058 9249
4820 7251
5407 7437
9794 5935
2708 7042
9898 9700
259 9881
2403 3182
8681 3367
6205 184
9184 5641
9808 1301
2599 7234
2946 9496
3 8200
1059 5061
7449 5880
2313 2857
3317 2108
8792 6026
9151 8691
5726 9410
8572 8130
2593 7253
1498 8798
7438 682
4440 7247
1984 7039
4482 4930
6536 4486
3130 7596
9548 580
3476 1861
3438 6794
3970 2230
2820 3121
921 8547
2532 9494
6678 5125
6748 8176
3923 4186
8859 8364
1434 843
5403 5917
5774 1940
403 8905
9536 9951
9485 3013
1813 2923
9807 5783
5154 2628
8905 6076
1176 1437
5570 7854
6562 2318
6031 486
6505 4890
8850 7940
5734 4254
3857 1508
6194 4260
413 5730
4211 9899
8744 6024
2822 8551
1808 7977
1180 713
4053 2356
2150 9623
211 8712
1942 6242
9199 8448
1132 8049
6388 6866
2303 245
8374 8497
4506 8788
4228 8718
8687 2972
4743 1510
1524 6551
9487 2704
7265 3540
5061 9415
3164 5272
8128 5107
1514 7327
3555 2647
5377 9944
9514 7680
190 7889
6177 4696
6677 406
3415 5365
3378 8158
6875 4902
4710 6363
7607 1975
9904 2669
1391 3068
7942 9520
8176 9456
6848 1731
2104 2225
1675 1619
9905 1865
9508 6083
6562 6186
6489 9977
1551 9867
8136 8427
4770 2846
4790 2378
4821 4694
5048 6213
7763 2990
5733 5939
2447 2581
7670 4551
4806 9346
6170 4712
1212 5679
795 7774
1866 7284
7752 3417
7152 5888
1844 1923
8735 6635
4302 3557
1329 9350
9770 9092
2340 5504
5031 4787
8085 2702
9339 2892
2048 5510
7604 3260
1189 8399
1035 3055
5684 8788
6473 2836
4677 8318
4760 3412
4953 9062
6969 6282
8412 6740
5375 752
2244 406
5540 330
3108 4879
3222 5157
389 827
8418 1579
9226 9454
4635 4911
8242 1108
7748 2919
9427 2508
6332 4380
1570 3301
663 9983
42 6038
736 2286
6445 6277
2616 9554
1156 5838
4711 1546
6665 3130
3125 5892
2584 7760
804 826
8869 8552
3746 8297
1060 78
2677 2631
3380 3341
2615 3422
9380 3352
5708 5825
9629 8325
5380 785
4164 91
2331 830
3222 5457
6723 5806
3218 7527
6633 2088
6079 379
385 7140
458 3063
9771 3838
6404 2387
7261 5784
5739 2969
1609 5368
1295 6990
6154 5459
7081 8486
6289 304
3943 3012
6110 7162
539 2743
9251 6619
3123 9636
3759 3581
2699 3531
7420 9104
5918 4681
4888 1658
7651 6498
7026 8946
3488 3181
4406 570
1667 695
874 5611
3708 6985
2774 4248
9729 2025
867 2852
1661 4627
6434 4361
8158 3854
3465 4077
8536 8354
5736 6187
4852 2763
5134 8341
5944 9540
8911 7611
236 9786
3223 3944
6771 5997
8193 6501
8022 9061
9353 9684
3688 5788
4046 1847
9643 7512
5925 8179
5866 1661
4367 719
4424 9501
9061 368
9042 7972
7980 9278
7759 1203
3223 4531
7201 1416
1032 5223
477 386
4908 4165
6174 8954
6013 5817
6466 1938
3997 2333
3599 8364
3053 8024
7866 2114
8392 6908
87 6373
6186 7846
7577 9410
2377 4778
826 3410
2 1304
3796 4910
5470 9971
3865 1483
5788 332
3421 9786
2665 7021
8150 5718
5045 6016
7833 3438
2924 7920
9811 9111
5766 7389
8521 8144
2167 9348
1554 2170
652 5350
