1000 2
4966 8053
5144 1236
6580 9842
7942 6472
9537 8801
5232 7348
5121 2639
5862 4628
2019 6359
1482 3769
9057 6574
8961 6929
3724 505
2163 4247
5929 8110
7008 895
6163 2152
2131 2744
1995 74
9217 1532
8875 4450
8881 3996
7089 4743
8625 9108
1102 107
2878 160
6682 1839
7089 406
2344 9253
4653 8274
7363 1661
9169 3527
3814 1300
6272 5810
1374 5489
7343 250
9940 6224
4246 7030
967 2871
6138 2070
2979 9017
2230 9661
857 9320
68 3201
8574 4722
1475 5937
6384 645
9465 198
1946 5737
6009 3321
1227 3352
3571 1168
9576 7817
8198 543
689 4337
2614 3668
3354 4845
3330 4211
4165 3399
7413 2739
8121 8889
8677 4505
9534 8143
4704 1480
3880 713
4801 5108
4065 8373
6276 3642
6190 4475
4186 6879
8812 6800
548 2166
1645 3879
6378 5811
7278 3792
8551 5400
2681 7228
9906 2216
5372 4610
3697 9253
5324 8499
4361 9390
6872 638
3032 3062
5114 7219
9942 3926
4019 491
6093 5665
4371 2471
1476 1649
6263 28
7050 8945
7257 6956
1161 2629
1566 4859
1882 6891
3358 6244
6281 230
6883 9314
3293 1997
6533 3236
5923 553
3727 2017
6218 8098
4489 7695
9748 753
7723 6798
9698 4981
3754 860
7610 5321
5719 9493
2212 9078
5737 8494
9309 2620
7808 2602
4618 4342
5838 542
4895 9566
2559 1114
7665 7048
8809 7414
7801 6533
4212 7500
1514 7967
8360 9125
3289 4080
8618 5502
3158 4356
3996 2467
6977 1805
5070 1595
6148 909
2137 1043
475 4697
2157 8141
1745 967
5555 9547
7501 9768
7047 9016
7736 5408
8141 1025
9488 6760
6527 2647
1116 524
5115 8094
2330 185
9690 8478
1095 1827
9522 1570
6525 1680
9712 8270
2647 5267
7817 149
5036 4864
9165 2772
272 7306
3798 9761
4067 325
2408 5184
850 7524
3278 3180
7709 2968
1659 8804
4796 1181
375 1321
2862 88
9592 5509
5356 7409
5659 392
2274 4824
3164 2547
2131 6962
2308 6198
7288 4717
1383 8139
2241 4661
1320 9951
7630 2979
8755 2427
4161 9131
3749 7023
9219 3341
2533 4575
751 8192
4968 3025
3017 8133
5573 5148
5096 7881
1347 2385
2599 2730
524 4840
7392 1844
4792 5022
4824 3548
7450 8985
2679 1199
6009 1899
4540 8543
6475 5291
6735 1443
8317 9752
9576 3890
4901 4673
1772 6248
7058 4371
8979 7582
9212 6371
9426 4004
1394 4251
7552 8844
3236 231
44 9246
2131 4584
7789 8606
9876 4525
50 8194
4278 9627
2084 9179
4300 3857
5428 1358
8228 4407
8941 7440
778 8367
1445 2173
2619 8997
1018 5856
9229 1062
5102 1360
5647 2892
9967 5524
7417 17
3718 1695
9645 5803
875 3945
9660 6304
5303 7888
712 4244
5329 1490
2612 6774
3664 5232
5772 4682
1088 5001
5744 6190
6362 1391
9082 6329
6915 6500
6347 634
8195 5992
6437 9071
9938 6097
5376 5242
3986 6088
9487 9315
7579 2100
6090 1243
7332 1862
5925 8420
6864 1670
4610 3226
3062 3693
9556 9977
193 5904
611 8389
1896 7049
7461 1835
3146 2837
7077 7132
8925 6564
6448 6505
8664 2538
7748 5997
4401 3674
4417 1265
5345 9028
4491 8407
2721 4047
8385 2915
9951 8996
1304 1848
6046 8765
3684 9192
1603 761
6325 528
7326 2773
7033 5991
5312 4782
1988 9713
8457 6405
979 3802
5434 5471
2209 8155
9519 594
1070 9471
9591 2375
1319 5637
1140 5004
4829 2744
5765 1155
3272 3092
3928 306
9083 9241
5089 1071
8955 3546
7477 9934
7348 2911
5405 9558
1067 4924
152 2138
4395 9744
4514 5715
5381 5655
720 211
8399 6485
1366 1671
9577 5294
1978 8661
4536 7068
9732 3491
614 7210
3425 7963
122 8831
7521 1190
3756 7674
3329 8152
7418 7843
3868 2800
3498 4588
3011 1897
1073 4377
3569 651
9672 5547
9312 4208
2615 9045
7699 3230
6255 1125
1194 6378
9956 8716
7568 3713
6390 897
1865 3809
8740 5733
6609 2238
321 9621
4135 1394
3998 7705
2046 3671
3252 1359
7879 5868
404 5579
9099 6660
6705 293
3038 6662
9010 607
375 5401
1505 2240
9210 245
7973 5820
2484 8294
5441 6620
9689 9440
4325 1736
3111 7578
3095 991
3447 3499
6571 2546
160 3276
2840 3199
9938 1851
3806 313
7252 5311
2554 6463
5557 527
2283 8041
8822 7725
4662 8512
7165 8988
248 276
6566 3344
1268 13
6844 7839
2560 7004
1115 5400
203 1054
7252 4010
1367 4504
9321 3921
967 4879
4449 3251
2921 3272
976 7583
1785 8142
6571 2034
8419 3138
5378 9687
3151 2222
7526 5711
9227 8642
1112 9430
9696 8364
3441 1064
2869 2763
4986 3836
7642 9435
7087 563
2708 8064
8147 4493
6206 4718
6527 4625
7856 1905
4313 1008
4128 1840
6720 3355
482 7833
2786 178
6197 6228
1243 9067
8991 6229
2903 6633
5665 9991
7197 8373
8056 5344
2866 4262
63 9394
8888 7920
1300 3202
8928 5428
5042 5649
8784 5524
3482 1571
5703 9680
7799 6946
8747 6791
3175 1651
3424 8840
1643 622
7214 9699
5967 81
3962 6030
9475 2851
3951 775
6053 2880
6204 1095
8529 4989
6619 2011
6560 2323
1692 4360
9269 440
1151 2445
2091 4576
1286 3734
5198 8500
3433 1165
8581 7396
7196 8056
247 1147
8832 6300
4027 5037
7395 2557
26 4015
4568 6587
6339 6261
948 5609
6701 2099
8054 8792
6676 9341
2527 1875
7841 5961
3040 6423
3357 237
4479 3604
1384 3312
9905 5412
8350 7301
7969 8376
1317 2538
4964 7656
8799 5913
3265 5501
8013 1320
4293 4689
661 6821
6564 8502
2782 9605
4925 6139
9842 9405
9744 1227
2718 9650
6640 1068
6951 4609
9445 8268
7147 4410
5924 5947
323 9190
1448 8336
510 5742
3025 1171
2563 9590
9674 5345
9195 4599
1485 9038
4005 1229
266 6724
880 6906
7792 7831
1516 7238
6099 8663
1648 2024
4611 1971
1214 6060
307 1724
1802 3333
2896 4365
2924 2570
9711 2120
7170 1196
1158 1175
2426 1425
7899 3306
8331 5692
1138 9847
2930 7238
8511 4578
9262 3123
6550 477
9183 6858
2201 986
192 5097
5352 3116
7668 5063
5236 4838
6260 6395
6013 8687
7820 3913
1994 6152
9605 3132
5999 2536
370 4511
7115 9633
7634 3665
110 6818
523 2311
7804 716
7409 3156
3832 5077
8220 9068
9915 4480
5463 5929
3168 3284
9843 5162
9436 9449
8295 5436
1985 8666
9947 9100
8299 7582
2766 8409
4400 3289
721 2205
4005 8131
5361 7838
3209 3581
6906 3125
8062 2370
9054 1230
5654 8898
6392 5091
8347 4688
527 332
3354 474
9433 1653
8057 2199
63 2458
5489 785
4663 9495
8916 24
7333 2125
3606 4240
5251 1668
6611 4305
2898 2265
3203 9291
7357 1551
3980 7884
1883 7334
8359 1317
8988 6416
3516 9052
8874 9005
9837 3538
8501 8753
3563 5834
879 7169
75 6130
8837 6686
436 1736
8952 3640
1028 6309
5191 5008
4193 7075
2343 2553
8392 1331
8969 1909
383 7844
915 221
1383 9416
8975 4946
5251 9854
2115 5326
5985 953
2012 6422
2690 965
62 3719
7274 5254
8727 1468
2330 1071
4021 723
2402 2991
2632 2786
836 3547
3007 2219
2964 1982
7166 8215
1837 9281
3542 7823
235 5554
4245 2925
6519 4308
6645 3794
9562 5372
5262 1892
6443 9284
2616 8846
2275 5248
1633 3112
8796 4641
5332 1761
6624 2498
9976 8462
1779 3519
6285 2015
9073 530
4941 5593
4838 1586
9388 4401
6959 4651
6294 3403
3935 8910
2250 6211
4159 3883
9324 2956
8525 4656
4717 5149
7154 4694
3612 8934
8213 9897
949 7287
428 5891
2881 5266
7477 2269
9668 4437
6920 5962
7840 856
4872 90
7068 9032
3974 6392
1988 2499
1048 6705
7649 8202
1400 1261
7137 9613
1159 8087
6901 1587
3978 9782
6854 1456
2052 6522
5893 8972
2484 3733
9829 7357
3824 6897
6390 7798
3289 8378
298 4337
5084 7948
2540 6484
9209 9677
6098 369
7764 2999
1956 1743
2782 8810
3199 4834
5332 9092
3807 7817
2826 3636
5175 6650
533 1565
4448 3823
9943 4747
8161 5028
2695 701
1512 1905
379 7611
2274 8144
610 4230
9887 3393
3041 3087
8227 8374
2179 2034
6191 5005
5670 1366
1655 6204
2931 6104
27 2875
851 8188
7903 3547
8890 9416
5452 9270
7027 7727
7414 7638
1958 7302
1031 4999
389 9259
3374 2568
1293 9565
7574 6964
932 9230
3168 3864
5334 3196
6740 6186
1384 4643
9733 275
4060 5186
9545 1087
2914 6960
8726 4872
4262 9758
9872 4652
9017 3246
7220 310
2812 4795
7275 3744
4025 443
7609 9359
3639 4349
5546 5024
8993 5280
5299 3053
467 4845
4141 3381
1805 2867
8254 6068
2626 8126
720 1643
1373 7940
1954 4185
2736 9229
7930 6761
9673 5539
6121 3312
9888 1667
8337 8881
6947 3637
1935 7414
8482 6076
796 288
8944 9050
6356 1570
7176 7076
3214 8550
5017 5168
2735 7753
4398 666
4514 4071
6205 635
7384 6094
2303 5722
4976 9251
9359 6911
6666 7842
2987 7462
8130 1932
6512 4486
3502 3689
1562 6716
2239 6580
1885 4975
4333 6283
5641 8848
355 1846
9484 7740
7941 1787
3462 2917
1038 2821
9828 7704
664 2816
5167 8794
4749 1679
3281 8251
5368 4844
4968 7608
1424 6853
2583 5757
3137 8225
4605 3493
71 4089
1233 8013
5877 4696
930 6916
7518 759
4621 8182
3576 9788
6977 8325
1467 258
6577 6836
5102 1545
4445 6527
8399 7029
2284 1537
5254 6890
5030 5326
980 6264
3339 6858
960 4269
3774 8478
5029 8395
6660 8605
8183 3637
6931 9651
3895 3508
6488 8998
5053 934
5525 3452
7963 7810
4989 3217
4701 20
8543 5682
6284 1882
2540 7244
6152 6314
5722 1181
4710 2383
9787 2894
6020 6719
2545 9916
227 9034
8915 5281
9968 4440
8734 7931
2251 3724
1149 6953
3744 9692
2635 29
1575 5175
7273 7728
1490 2996
8910 6200
5379 8698
9095 1400
5417 1641
1316 5644
675 231
925 644
4672 9659
8576 6924
3384 9725
3877 7128
9418 6512
7157 994
1688 4431
8722 3178
7427 7633
9379 2807
6331 8474
4207 1748
115 5524
7393 791
5756 8319
1435 429
7979 11
7353 1363
9737 1230
8491 9156
7743 5649
150 9431
80 8873
2610 7508
6506 1990
316 2837
465 4523
4585 581
48 1979
1372 5804
298 2808
6233 8277
2820 3587
9640 2558
4817 8132
1714 2560
3781 1864
1992 3862
737 4603
1370 7243
6593 1686
81 7059
6210 4667
7640 6259
6646 9013
2063 6944
1821 8297
5221 4642
1884 4862
7200 6702
2994 8914
9263 6775
779 1256
638 1517
5859 2008
8761 2453
3695 8842
9512 9906
3509 7153
6165 156
6166 8229
7100 7988
6526 2322
2630 8411
7185 9831
5114 179
8746 4377
6955 9525
5633 7593
1042 1493
9602 9803
3946 3298
8646 3459
3204 2156
612 9369
2312 6778
7598 9413
4767 4125
1736 7398
2537 8921
7229 7651
9101 5975
2029 6056
5501 7663
3650 6544
9156 3253
6348 3103
6551 4994
6562 9755
7151 7174
9125 9463
3953 6723
8876 8721
849 612
6119 3386
9534 3348
1038 8635
9324 3068
4692 4826
731 8343
1370 9887
1596 7719
2991 8148
2714 9553
7903 9865
6728 7029
9328 682
3752 8205
9403 4602
8818 5522
7989 8353
8871 9027
6988 8196
2095 1681
3023 2827
24 4394
2715 1621
2113 5706
9770 4827
5259 7673
4693 1988
4703 4022
2670 8456
2227 2073
3058 1046
7596 1047
9399 6468
75 6388
4665 2171
8069 7688
4999 8094
2082 7714
9716 4195
3420 9486
9023 8680
7160 3717
668 1863
7739 3339
319 9967
5413 3378
