1000 2
3547 615
1191 9481
6877 8673
8378 4176
6131 9759
7275 5471
3396 9932
774 223
8262 5556
651 8246
3816 509
9046 9117
6555 6223
4752 2063
794 4946
9776 4341
5562 967
3823 2439
9641 2201
6616 5772
1961 3891
1243 5357
3824 2017
5580 2086
7574 6232
333 1391
6741 9380
508 3297
5603 5261
5361 6398
208 5137
739 5770
6104 4563
8210 5746
6764 4826
1518 8725
8718 2762
4083 2542
4780 9664
4629 2355
5896 4963
3746 2638
4343 4255
5935 9947
9516 1296
6345 9724
6433 7085
5495 2538
1648 3705
8284 8412
8531 9803
7137 7249
2566 1220
9792 7346
885 4421
9701 6781
9385 3448
9419 3728
7703 5355
3675 7219
6651 20
6944 3085
7106 2439
5624 8754
6145 3909
7166 4676
3712 4304
1926 6279
5525 1719
3625 6410
6140 3327
3192 5525
6775 2612
9254 4479
7967 2930
1698 4619
2950 8643
7704 56
1083 3329
8811 7228
7238 5977
1905 951
282 3832
7230 5808
5551 856
2218 1692
4184 5410
7218 960
8023 6472
5439 5990
9402 7138
609 2353
5781 8314
2410 6865
1643 1221
4094 8882
7199 6000
9833 7482
9832 7064
3290 5384
7920 5509
7076 2105
920 4295
3065 8943
768 8504
4933 170
5642 5543
2524 1424
3857 4935
8290 5501
6157 2384
4383 3357
8384 4217
839 8217
1281 4130
3601 9202
9639 678
1307 559
4974 4373
9502 5742
2877 4436
5913 8520
9979 8437
9945 3837
3373 8235
9338 9530
620 3722
2887 9005
7939 3726
7222 9221
7857 824
8424 7496
1503 9731
8055 6477
4104 7558
2219 6982
1995 8132
5503 1975
6570 5448
5812 9943
3683 5151
9473 4304
8873 2361
3309 6813
6088 531
6034 3945
1356 4458
1441 2860
4190 9497
9337 8295
7056 1557
5278 9051
9690 781
1026 6261
6230 6839
6204 9913
1990 5678
4218 864
8040 7527
7677 4128
8059 3712
8073 9416
8171 9515
2276 2362
9013 1614
658 6069
3171 5936
5121 2862
6718 6147
9123 2948
2986 5327
2862 4977
1006 7080
5841 9046
4607 3518
3175 2667
7231 1249
2083 5402
764 4359
7765 9778
5973 8423
5847 9145
4360 968
2007 1078
7116 1130
4027 103
6458 6889
5080 7465
3970 921
6511 8578
4440 9686
1245 1671
936 3329
7074 1700
7688 4840
1479 3662
3263 7326
2807 7624
8295 4815
8702 5411
5946 2730
5514 2404
9619 595
9869 3590
1516 6381
2168 5956
6068 3413
7628 7004
6742 4703
8705 4431
9543 184
8094 2806
7511 901
431 5807
5717 9133
1219 1663
1863 6734
4068 1483
7329 3938
5073 8845
319 7241
4802 6388
655 2430
3393 7398
7134 2099
1830 6677
2284 9924
9484 9795
826 9915
5603 6543
9049 6822
8207 913
3556 2275
2396 885
6213 7470
9730 6533
4712 4533
2921 5368
6964 6315
2767 4098
8414 4597
775 698
4522 260
494 5348
175 6098
1892 9224
2920 99
137 6476
2374 2534
7361 8588
5 7092
5121 4717
1626 8043
85 8590
4358 2853
2688 2773
7450 3464
3472 1972
3724 3967
7321 3900
65 9213
3124 2985
9313 3262
9462 1688
5797 6824
276 5802
3917 5398
519 5543
3441 605
4134 7800
3458 6823
574 909
287 4047
2882 4012
8014 203
7912 8080
9417 1037
1066 8730
4299 528
418 97
7353 694
5899 1270
6092 6419
6814 9534
7024 948
7335 483
7771 7909
1392 8059
1956 4274
2071 9971
4478 9984
8051 3895
1021 9118
2625 5321
9646 3044
5418 7000
3738 1317
8270 9831
7737 5084
9366 4761
6033 6701
5245 3804
4611 6638
1863 6568
913 3935
6539 5391
3919 4591
9286 4941
3709 1912
262 3356
4956 5681
356 8695
6999 8627
8527 4736
3711 7893
9498 9745
4595 4743
3549 9207
1381 5413
5775 2294
9349 2315
7686 3269
6906 6972
8210 616
8884 8473
3972 3841
4155 4328
2536 1154
2955 1063
5891 6667
8957 5389
6413 3552
133 9963
2759 1515
5377 8534
3810 4726
850 1496
7995 7756
8468 6206
8372 7353
4680 2345
1194 8835
6674 3731
9990 9630
4794 5882
6298 3751
1272 2711
7304 1405
2674 63
2920 8051
8598 6730
2777 9448
8227 773
7205 6695
6980 5578
4049 1661
7923 5244
497 4597
8975 488
4228 3769
6370 526
7521 7642
3237 4825
9048 5911
4889 1969
3962 3487
8700 6740
2936 6927
7514 142
3622 4494
5720 7672
6155 3644
2916 6653
8242 1891
7141 2470
5661 3511
2996 3182
1154 6233
8008 202
2145 2897
2171 6107
6385 871
2848 9322
7798 362
9464 1421
4857 5184
9093 1013
8828 2010
7666 7070
3901 4807
9540 9563
8319 2537
2746 9473
8770 754
9675 915
3652 1846
7023 38
2718 9872
9360 516
235 8824
1937 5092
4008 1031
6106 2837
3041 3772
9908 6943
8580 9449
6507 6899
1986 9253
6373 756
8 6048
1672 3661
7895 8696
3699 613
8569 3059
1129 8804
1883 3067
3897 5892
4099 3
8730 7141
3776 8638
4085 2357
8087 592
9256 73
9846 5629
830 9855
1678 2503
3517 9573
1200 7216
186 9769
276 1316
8574 2160
4384 2471
8053 8483
2474 6783
5625 6250
5422 9710
8607 3509
302 7864
3583 149
3494 4414
4 5173
6918 3521
4746 8119
738 4933
7888 1014
6250 6463
3174 634
8934 1227
9118 1408
8011 4743
7659 3433
4453 6267
6943 4756
4132 527
4905 7627
4941 4909
2800 1860
8431 7546
9979 9169
2480 7868
184 8730
4331 3359
9364 3265
4587 8483
4674 2598
3226 2334
6032 7679
8601 2975
2435 2733
3502 7340
361 8444
2250 3161
304 682
708 284
9852 3188
8152 36
1919 2484
3395 1283
5749 7983
9766 424
581 2993
2758 6614
672 1359
9589 3108
4093 3092
449 4454
1537 2700
7616 1841
3382 8324
2126 3234
1512 278
3271 3431
2762 6667
4715 8512
4650 4482
8936 5232
7475 1695
1846 8148
3054 1436
1257 7148
4529 1706
1603 6066
4406 9219
7908 7789
7544 34
1023 9057
313 4295
2488 3076
962 7204
1588 5613
1687 525
845 9163
2220 2692
7311 5275
4128 8568
2424 8657
275 4027
4724 4681
3247 2632
2470 792
2667 3494
9849 2980
7789 2338
6056 8752
9542 7644
4365 1230
8170 5210
393 390
7902 7705
5665 2031
6273 8089
689 6549
2117 5413
1230 5365
8045 3701
6157 713
7196 6006
3693 4985
8345 9749
3738 7888
7394 8103
9118 5565
3314 9511
5955 1217
7216 1620
3248 3490
9710 3937
39 1828
9351 1270
7193 7397
4971 3351
8110 2168
9358 1803
7154 7703
1553 892
5591 8948
8995 4709
4513 2309
4221 469
3526 1437
2090 6775
4927 1800
713 4967
3628 64
6237 822
7461 1209
4173 5571
3377 3531
7375 531
1235 8928
1424 6826
7877 419
1535 2390
2729 5757
2860 6256
7194 4950
3032 2122
6750 3745
7090 379
3809 3327
1202 1270
4537 5375
6842 7915
8907 4217
8447 142
3146 9871
6968 1023
291 8504
3414 3021
4261 6274
9278 1456
1224 2310
3578 7975
6055 668
8354 9865
3996 9556
1136 8534
4932 7978
6450 3839
2196 4897
3982 5342
4769 950
6365 5061
9455 9779
8082 3717
6053 7360
5173 7278
9670 8752
5253 5726
9421 3608
5592 3418
3165 6728
1952 8097
4707 8402
1937 6903
3300 5919
2245 8069
6870 8610
3130 6325
8390 1213
42 4444
8574 5216
1722 8245
3968 6976
3971 3390
584 9563
6808 3749
6292 8760
1847 999
7163 3784
7902 463
9704 147
8533 6574
8758 1664
2900 7149
2878 2943
1593 1452
8159 3316
9697 2128
292 3668
5518 876
3232 2327
4626 9524
1088 6473
524 8251
258 8426
8715 9963
8574 7249
6538 7333
8913 9438
4482 1791
2381 6075
3243 541
9391 2941
2670 9684
6609 8189
560 9842
516 5187
9367 1605
1661 9891
9856 1920
8318 8572
1883 6892
5821 8421
4226 4734
7860 8708
6526 242
4784 9770
784 4175
2711 3454
3859 9321
1644 4420
9164 2161
9607 8531
3766 1269
8423 3623
3189 6742
2195 5072
3635 8016
3494 7861
2751 1354
6569 9278
1596 1353
9048 2380
5529 1760
5835 9389
1081 7479
3810 246
9641 3418
8778 3407
4687 7201
7030 7876
3944 9225
2949 7579
7242 6444
5440 9993
7798 2010
9271 9395
3364 8320
1776 8894
80 7611
8283 1162
5091 2094
1408 4732
5512 186
8139 200
7388 5170
8077 1332
4395 1026
8912 1638
7471 4353
1631 5269
6363 903
4665 9728
9224 6441
8622 9305
4052 6906
467 9143
9000 1876
3875 4513
2063 2015
4714 9451
7185 2791
784 1581
3818 9696
3219 1289
4049 4851
6558 413
5755 1224
141 4979
7665 8764
4284 1717
5670 4752
861 4671
6629 4736
9185 8692
6751 3899
8144 3937
6690 8929
5518 508
8625 8737
1797 2675
3588 8356
3089 9343
9581 3230
4323 7246
1995 8607
8963 7665
3360 9824
2337 9989
4561 1522
8682 1313
5421 6826
5250 2111
5755 768
2620 4381
9506 4418
7057 3094
2775 146
2438 2356
3377 6761
9602 5372
5369 8566
3037 8729
8391 5375
8719 2952
6897 7401
4266 2318
4227 9516
4430 9983
285 7051
4364 9791
1469 1421
2885 4245
1567 5324
6602 4944
2085 6204
317 7454
4771 3354
6184 3162
8729 4903
6115 5627
2305 381
7945 6532
9897 2376
6515 182
9427 880
9973 897
2301 2859
5143 3869
8183 1745
8814 269
7950 9131
7724 2721
2486 3908
5883 1215
8812 1998
6843 1118
2379 4788
7650 2277
7165 4166
2460 6593
5047 2434
7491 7348
5293 2634
1218 3477
4379 32
3747 2329
9163 1471
5051 1649
5380 934
2865 4193
2933 9708
5311 5313
4497 2962
7590 1663
7129 50
8256 2176
2485 5747
9525 7779
8382 743
1257 2761
776 5004
5091 9940
6476 142
1589 1857
1077 4455
6050 4010
4164 1362
9324 8661
4324 6915
324 1454
6966 8581
3630 9451
4329 3156
7230 2711
3900 8487
5472 4676
3491 564
4616 9968
706 6206
1825 1784
661 7875
5795 4825
9238 5119
3487 3563
2034 3812
5017 9000
2394 8648
8452 6723
1804 5682
9434 5705
4169 4907
382 7661
5471 4998
7630 6178
1205 9455
7963 1867
7331 3758
6692 6569
8878 180
132 913
3993 5150
9914 6387
3798 8366
3110 5603
4048 2545
1309 8218
7453 1691
5880 2925
6689 3510
9104 7894
2965 7067
9761 297
826 6454
6866 9704
6635 6999
617 628
2149 531
7016 5948
8897 127
1552 2946
2672 2861
1164 125
4552 7045
3050 1242
555 2154
9137 3521
9222 8899
3818 48
5354 685
9752 1989
7684 370
2618 9834
902 9634
5783 9799
9761 7335
2746 2434
197 3911
2560 4750
956 5610
5992 1512
7765 5129
5033 6988
4029 8852
7036 9383
9537 6789
1372 7222
7160 3991
7057 8062
3625 2840
7862 3387
176 608
5821 373
4519 8381
5123 5476
3992 1116
6989 1758
6245 2022
8747 275
875 5783
9658 413
2573 1031
7635 9733
5022 4692
7795 8648
7532 5657
2035 7709
6266 7857
8083 786
6239 3206
6263 232
4323 3252
1991 569
5275 738
844 6150
6521 502
6563 9095
1533 4198
8828 6556
8891 6623
5204 6424
2281 7240
4133 8548
5098 2216
9334 1337
5423 5597
1570 9746
8849 3561
316 4124
4299 1160
275 821
1662 6838
9917 3196
1037 8745
9752 9929
5369 4957
6353 7650
2197 487
6198 7295
2704 5533
8633 8127
1130 203
7874 9980
3765 8190
4105 8065
9351 4380
8886 1014
1219 8803
4210 2256
7549 3963
2185 2918
8920 8539
569 1118
9026 6768
8414 1730
2301 7047
9858 3432
7251 7733
3413 1016
5924 7518
9081 5275
1898 7968
6289 3117
6772 500
5374 4321
4464 7560
7240 3385
6099 7809
4503 5126
4577 2918
6857 6879
9965 6715
311 7216
4449 3724
8232 373
1243 7314
5648 3141
5282 1938
6259 2054
