1000 2
2061 6971
875 6329
9646 8142
7698 5900
7801 9867
526 6066
2426 6283
1785 7101
2946 7685
386 1813
4318 8049
3622 4053
3992 2958
4147 3581
720 1522
6578 2782
8493 7454
9111 8139
5596 6809
4040 3397
6677 4567
9464 9103
850 1249
6205 3797
8935 6591
5610 3253
4641 9233
7307 8634
2191 1454
2215 2912
2977 8794
5695 1470
6248 4806
9610 1844
1615 3651
5242 8293
8218 4707
7397 9069
5957 3602
2866 4892
194 8477
8146 4835
7710 5453
3470 9902
6908 5686
2814 9885
4480 8509
1356 728
3316 967
2573 4931
4618 7815
3224 2836
2522 622
1905 8479
4224 4772
3372 4419
3249 1518
9254 959
6971 2725
861 3880
8411 3676
3766 2891
2185 5122
3620 5501
6090 6193
433 708
4009 3658
3545 6532
4280 5451
5011 8505
223 8383
2924 3472
9901 2179
4432 6873
4904 5293
754 3316
8969 4520
6208 1155
9643 9828
6657 5733
6022 7091
6442 31
749 9987
6563 5030
5439 1575
3536 5662
9959 6460
9135 9861
8640 3567
6735 3545
8861 7489
6861 7830
2009 3069
8986 1652
2898 5643
7386 8921
2734 3828
8952 3484
3816 5516
8515 9255
7092 2051
4917 7052
8512 4053
6913 7152
7620 3648
697 6481
1138 7559
4312 3148
629 3299
4800 3527
8942 2187
2448 1677
6015 1401
5162 9831
6918 3677
9086 4011
5728 4004
1063 4241
8057 7976
1393 5678
1625 2091
2160 2764
9651 6473
5912 280
9772 713
3808 8714
2900 6257
392 8915
7658 5554
8747 4577
9231 7834
8588 4960
1838 9651
9201 9896
7628 595
5574 9254
2687 7735
2018 2339
4208 7930
2619 3980
8643 6428
2695 1544
2685 3087
459 343
8641 9207
4921 7873
7041 3509
2834 8880
3160 2035
8776 789
2631 4351
43 5319
2086 2062
7658 6294
9992 278
275 8636
6706 2970
180 9391
6058 640
9735 4699
9848 4656
2573 6889
8166 5407
5770 1327
7443 4546
2116 75
8897 2160
5395 984
4222 3053
7278 4215
3332 7554
2851 38
524 3032
9430 6582
3673 9165
1282 3521
3822 3856
410 1988
9263 6181
3315 6707
727 5432
6782 9625
7592 2177
609 1814
5231 7888
6029 8563
5442 8881
8602 5967
1914 8032
2550 5587
7198 3832
9108 1021
7688 9519
3010 6952
5700 6326
3659 6427
1758 442
6053 9351
2619 6663
1165 7851
4552 7195
6415 9995
6077 5017
5962 7991
3050 8512
3578 249
2345 2686
1270 34
2206 4281
6986 7906
607 646
4334 2366
1088 387
1717 3708
7051 2883
1560 1603
79 7975
1598 6156
2992 7560
4148 6043
6073 7726
6292 8418
413 7563
8452 2619
1844 5439
525 2452
6085 4860
4818 7174
5247 6536
883 2298
9419 2443
3902 9499
418 5500
5655 3411
3061 9804
9454 9134
7531 5746
7553 7944
3310 6005
564 5155
1444 1090
7608 7530
5950 2426
4704 1198
8963 5588
3497 8383
8031 7399
7882 8449
2900 3538
1860 5961
3342 1315
5095 873
7062 2648
8818 372
8654 9382
5528 99
473 3136
7630 6424
5563 2335
7622 4526
7923 1120
2909 5954
8519 792
4403 1419
4330 6264
7381 7673
7579 2477
8546 4641
5126 7365
5014 3780
6748 542
3880 7221
3678 1510
3646 9241
3845 1268
3768 1768
2388 6677
7722 908
7470 2126
2328 1800
8391 9709
9473 5971
2187 8020
613 7313
5386 5628
1094 2134
6170 4974
9356 9849
6485 3002
9090 330
4271 2858
2099 6660
9536 9822
7568 7006
1949 9897
8807 340
9606 8281
6312 1793
6302 6925
9107 1688
2553 201
3823 8724
5175 3179
8573 1661
6182 7664
1991 453
523 4090
7113 60
3912 4682
7066 5861
4579 5874
6202 4186
4155 2514
5980 457
9440 5087
2145 1994
5288 5968
718 464
9148 9292
2126 5330
6956 4117
5784 7479
8208 2898
7539 2121
7581 4606
7983 2160
481 4186
6346 4636
6701 2327
5094 6141
7414 7240
8136 2703
3209 8855
3168 2357
8147 5294
7688 5104
9412 3473
2584 7620
6372 124
9742 3953
4731 7726
6113 5212
1912 2460
9849 8613
4788 4943
4755 2202
2183 2891
4906 5392
1747 8075
7750 9895
3370 5439
4999 2782
8912 7584
403 5284
7709 145
9237 2440
7872 5351
7653 9784
7812 7502
8397 2600
2446 3152
4803 4630
6044 9709
22 7791
7785 7773
7686 1155
3212 2686
3937 2125
271 4341
7410 7980
4487 6647
420 2359
1999 8073
2143 9811
5576 541
2411 8022
3693 7215
2652 9738
6924 2675
7529 4710
449 5216
5865 3661
7903 9803
5787 8174
4144 3197
6154 8631
9844 6575
991 1844
4649 3134
1655 225
3675 4067
8248 7369
1282 900
7107 8207
3576 4637
2917 4025
9854 8783
7686 7757
8586 3473
5932 2730
6671 2087
1362 6516
8662 2353
8360 3312
5487 16
3537 9163
4083 1785
6532 5366
2686 3640
3574 6262
8277 6491
287 8131
5274 7973
5889 3861
1447 1822
6591 8118
3909 7954
4634 2572
307 2995
5884 5795
3011 9421
4958 7095
1207 1491
2461 3893
5131 6036
155 3409
2527 442
1541 7802
8416 7431
1664 9864
9253 8255
7983 3162
6210 2618
5734 6517
5613 1618
2313 8624
1039 7272
5720 2246
8763 8181
6140 3895
4217 6295
7305 6745
6738 8846
4548 5154
6277 6212
5018 5530
4468 3001
8693 678
5620 4427
7196 1233
6045 9509
9858 7085
6782 5578
9332 5546
3760 5472
9441 7978
1768 6747
4723 8506
5594 9272
3661 1872
5485 8679
7403 9954
1681 6096
633 7302
524 7830
8535 6570
7339 8393
3655 4121
3972 2988
9667 7732
8461 9109
5710 230
5857 434
8736 1451
9707 2398
3323 5192
1077 727
5147 2759
6823 5780
62 7348
3610 8597
3918 950
6991 7573
5072 963
562 4740
8696 9024
3850 4406
9254 9707
4841 7991
1159 4548
389 4483
9741 1467
5210 4888
4227 2034
669 4289
9382 4280
2886 3300
5231 9878
874 304
842 1437
5045 9538
461 8895
3945 9716
8603 8786
7707 9763
3335 8097
4247 3076
9564 9458
7965 3791
1492 8635
8081 875
2915 968
4176 8147
846 5051
8452 1688
6488 3497
1227 6950
2393 5173
6666 997
3959 4374
761 7294
2471 5008
371 2035
4466 8336
5827 5959
6972 3908
6834 9888
4876 1011
8035 5723
6062 6487
7412 2550
9985 8639
9501 2378
3812 6167
3376 7772
542 4137
5067 3013
9145 5438
5049 3611
3775 876
9571 747
4785 6405
635 9661
7416 8671
5385 3479
5159 2797
6029 5144
1437 5531
7523 5249
1699 899
3022 2241
5036 8089
5254 4182
3528 303
7794 7304
1180 7365
8051 5966
3771 8687
5628 1188
7358 1013
4667 2517
3810 697
7662 5247
6228 5185
497 7927
6085 3519
168 1121
1609 5423
5304 5137
5727 3098
2441 6907
463 493
2873 4234
9181 8501
5422 6539
9515 90
9057 3325
787 6720
8572 7015
1906 9070
4942 7991
2589 5111
9113 4199
534 4417
9336 6261
7515 1778
3169 7979
2272 6043
2214 1453
4545 7637
7993 4060
7727 7051
7385 8514
3772 5958
5530 5678
5028 472
3669 7618
5584 2782
1817 6118
7200 1154
2380 4715
2933 5549
2695 5206
1593 4909
6660 6138
2546 4654
198 273
1705 7584
8787 5477
3542 4317
1156 8571
4790 4825
6190 375
7608 8008
6493 4808
9163 8874
9524 2096
4423 2219
7303 6016
7128 3963
2155 9675
8617 2353
9948 323
9937 8736
5801 3480
3054 6957
2052 7845
1783 8243
8220 9392
6251 4714
4200 5414
3588 3725
7511 8012
5945 4814
4029 3074
8778 6184
2749 7396
8538 2698
7719 8476
1435 3520
1957 4489
478 4009
2335 2261
2253 555
1653 8504
5270 5854
3919 8858
9580 1431
6871 5525
6246 900
8600 5024
7085 1349
2420 5623
4048 140
4099 5483
3660 6056
9973 4138
66 2308
6400 2319
2864 8053
824 8135
3907 4743
6994 3488
6175 3865
9013 2421
4766 7614
7445 1851
8964 9866
7474 3012
6 1574
8495 3667
7631 8469
7805 7697
778 4205
16 3642
2259 841
1777 6167
5584 8772
9655 1759
2637 8669
4181 7403
6283 1627
9255 5247
1493 6730
8260 1500
8304 6756
5167 5935
5225 2973
3633 6003
7179 3649
9646 9439
4491 1424
5606 75
196 5262
1835 2833
3931 6017
237 215
7644 9493
5463 9137
6223 3723
638 4527
479 5806
463 5704
8779 4096
1708 5959
7746 1354
5398 2237
2778 1005
2313 2974
6267 4149
5808 199
166 6046
415 7810
5539 5878
6948 1762
9601 7587
6290 81
3393 6754
5785 2173
851 7494
8132 8597
8848 3531
835 1626
4536 3149
4601 804
7299 409
1003 7466
6456 1419
5277 1995
7297 2225
3757 6899
9813 48
6981 3206
6802 2767
5379 7653
261 3512
6251 9109
7043 7087
736 1579
237 5337
2383 7536
5747 3387
5002 2203
4806 279
4199 2104
2505 7957
9004 2318
8005 5985
5525 4808
8752 904
2461 9013
4416 8713
8123 1459
5801 8859
3039 6038
4197 5423
3575 9944
8811 8578
2148 3618
8858 6347
5722 1363
4305 4727
3682 2310
713 9207
7118 9465
112 9580
8479 4529
8293 6602
5989 4095
5462 9028
133 9659
4452 3708
9604 3263
2286 1753
6881 1144
8101 2604
2508 2406
7331 6191
4716 8044
5399 1835
7510 5511
1415 5990
40 9709
2593 6029
3804 8055
5058 3938
7715 9510
7647 7319
2774 9934
9073 9655
1079 7174
2259 3587
9580 9591
9779 4297
7636 5178
6133 5146
689 7549
1137 730
7258 3730
6760 1063
1785 1818
5002 9500
1329 2649
6820 4103
2583 5893
3758 3663
3067 6018
7251 2648
5610 7030
6946 3246
2208 3079
8393 2898
628 9530
3628 7887
3260 388
8951 5046
2206 3953
4546 3536
6603 1366
7639 9187
7260 1397
2850 328
7416 101
2976 3026
7131 9922
6272 9339
3001 4666
2237 3630
4196 5866
1517 7456
6254 469
2502 8461
4422 7049
1997 1026
8416 9636
213 5676
1034 3063
6004 8451
3164 8981
1477 296
8904 7750
9636 1905
2416 1874
5536 6612
7740 7054
4069 3995
7523 6572
2456 1946
3621 4454
2972 2038
4090 3185
7715 5125
6249 3719
3576 9413
2701 5054
9710 1605
2804 9346
3511 5221
1221 9047
1834 8961
6101 5903
2957 3625
2476 5413
5571 6097
9867 8543
8136 3958
1729 5851
9084 7978
9570 2661
7392 2272
7715 7102
3877 520
6449 7388
5742 7670
6436 7576
6632 2538
3480 9589
6163 5956
5003 1734
2054 4870
278 190
8829 2007
6041 7914
9985 5612
575 7377
7884 8291
4480 1762
8812 929
9150 4554
8599 5587
2131 5232
8125 5611
4821 4288
1567 9824
6023 3622
4695 6301
3812 3525
8308 9854
1439 8294
5466 2015
5672 3351
306 152
5113 9119
1081 4264
3674 9681
9851 5805
4913 7976
1417 9734
2264 2985
9559 8288
6607 4254
4589 419
7779 2898
273 9219
1193 5740
1234 6865
9091 1541
7017 4204
660 8098
8468 4334
7779 8320
140 2692
6296 1557
2427 8560
4542 1986
6849 1149
6240 1438
1569 4020
4337 1843
3239 5530
7584 4473
2395 6675
6014 9412
880 6675
7511 9349
1009 5291
7669 1150
7984 3965
2707 411
2526 7250
2398 9375
8400 8639
814 9970
2659 5151
1813 5899
682 9397
372 3078
6073 6387
2491 6954
3062 2
6303 4072
5294 3973
5222 3278
7938 7930
3689 465
5181 6088
9841 3581
4727 655
3551 7386
5807 5365
3285 6490
4763 3658
9568 836
46 2060
7790 3108
2062 4094
7181 7356
8067 2404
635 6006
335 4324
6471 5516
413 6312
9097 5140
6968 2649
2527 2776
8014 5813
9266 2777
9471 8835
3614 9518
895 1405
2626 2958
5499 9808
315 3567
2213 950
9573 2548
5274 6044
8064 5688
2357 7162
828 9325
9811 3355
2102 7826
9168 1368
604 8640
204 4219
8158 1099
5624 785
4057 1124
593 4372
4691 2807
5323 4264
