1000 2
9388 7152
3118 7475
8885 4022
4073 4830
433 9272
1212 3514
9024 5300
8526 3651
8104 4401
3370 2320
8739 193
9955 4368
6046 8101
6589 1700
4560 5570
8819 3949
2722 1938
1424 1608
5960 5498
6438 6393
4771 7650
9907 3795
2951 8434
7446 1055
2835 817
3376 1575
1011 3331
5943 7057
1433 2533
8758 5993
8103 7578
9942 826
9516 1367
2434 5476
6865 8873
1870 1636
6524 1778
5432 9475
213 2878
531 3048
3695 3907
4623 4707
7238 567
1765 8671
3101 523
4665 1204
8102 4607
2031 7619
5975 4466
3096 2840
3339 4966
4477 9863
6744 9909
9339 6957
2787 9870
6 6483
3777 4630
1191 1016
5198 2956
9688 8299
3480 4353
9504 1582
8961 1535
9201 4936
6002 2297
7777 9341
7264 2254
9204 4008
2164 8544
966 4952
8414 973
1436 2192
5603 2627
3209 802
5583 2897
9101 9063
7251 8606
646 6212
142 9848
1149 6144
2145 8926
5485 9410
1181 4690
3419 3346
3234 4385
8298 1649
5359 9734
3841 963
2361 7050
1765 7945
9948 867
7009 7199
9473 7655
3412 9615
7503 4561
5759 9649
3488 1245
9059 4670
5935 2478
8016 9170
6864 6315
819 2223
6050 4661
3186 8412
1711 4951
6357 1659
5818 3366
8859 5292
1021 2271
4907 8525
6833 667
8174 322
1912 7233
4993 7848
9712 3010
7018 6576
9325 7838
8799 5375
2499 1986
3788 4210
6938 145
5870 2756
3512 4729
8048 4534
7001 2956
3059 3834
3623 1234
4156 5535
8468 9149
3384 8180
2160 402
4756 1485
8240 3556
6861 740
5543 649
4950 2481
795 821
5238 4308
5550 3286
8843 2551
6243 1902
6386 9866
3137 543
5402 1605
9693 8787
9785 1853
9189 4542
3338 7430
8099 200
8170 3642
850 3121
6124 1645
3942 1362
5954 9493
4649 4797
2045 892
6700 8431
759 9837
8974 6162
1442 8667
4949 1228
520 4139
5771 3859
1569 3870
4059 9740
7513 4909
2862 3637
6555 6804
5000 2509
6298 9649
7307 8343
541 4007
6774 1300
3844 5749
7462 5287
4417 2412
6516 4937
6551 2287
8797 8121
6158 2857
7861 3672
7767 723
7310 4322
7528 2310
6832 3827
1959 4140
2170 2501
8147 8945
3801 1992
4695 1264
7279 9112
3677 3795
4050 228
6083 2847
8349 2241
5704 6211
5914 3472
6935 3224
7794 4464
5535 4627
8291 7494
8767 461
9995 6915
9407 3797
8907 4102
5062 6187
3214 8739
9983 7264
8968 6066
112 7317
8308 5817
3528 4223
9289 463
7447 7084
4928 2982
1712 3219
477 479
3680 473
7395 3088
4271 6302
7190 9333
2490 405
8073 2473
7669 7041
8540 7782
4359 6849
3599 7888
1072 2889
8351 8520
9973 3279
1502 1686
6499 1980
2166 180
2453 9561
3268 6725
5864 458
6059 8354
863 4133
827 8533
1174 9368
6316 5534
6217 9916
3422 7289
2805 1774
5809 2779
5054 7312
4465 1553
9293 6631
1733 1747
6193 5001
8472 2057
5460 4531
411 6324
8664 1239
4858 9839
607 1174
5373 6825
1090 8796
4114 3896
570 9924
6676 5624
7237 1141
7178 6530
7773 8911
8278 3966
3913 6750
6023 9374
1282 6435
5699 9947
7675 557
9787 8282
1732 5161
5108 2823
3957 9222
6719 4527
9147 3395
152 6385
4537 7330
2915 2310
6242 1194
6277 155
7945 2301
9529 9227
8736 5228
9175 6411
5786 8962
4694 7518
4123 9802
342 8081
9025 7061
2608 8173
457 2761
4558 4995
91 7474
7306 6333
8668 3583
6489 6613
5884 6018
5841 4621
1247 5016
1033 7034
3979 5728
4553 8103
5531 4895
6184 4556
1957 8793
2730 2414
1554 7288
7410 1646
4763 4716
7979 3432
8300 4469
46 4185
488 5887
8806 1735
904 9840
8770 4883
5568 3323
2986 1099
8218 9171
5656 175
7964 8386
2590 9518
5675 0
1164 439
4717 9144
3871 3017
3613 3917
7202 4101
9805 6009
5837 709
5849 4607
5593 1418
7931 8580
2517 6149
7751 8174
6325 5715
6561 8915
5234 2237
8916 6399
2676 3634
5544 6547
6651 9157
465 3854
3259 270
9863 9097
980 5713
3705 6573
7131 1636
5154 9649
7786 2905
7823 4111
8621 4384
3027 3855
6621 1943
254 9298
5577 5798
5846 2229
4956 6311
6084 8216
6582 5948
7313 7562
1661 1019
4136 8793
2655 9290
8442 441
2195 6266
4553 817
651 7580
4672 7272
9523 4927
6571 5101
725 2417
7331 5682
8728 3415
3898 5311
9363 1212
2874 1025
2231 7010
9818 4887
6301 8261
5329 8497
4527 9882
9314 5178
7462 3986
2451 6986
8914 9022
2088 9640
1439 9420
5322 168
2836 9221
5480 2199
434 8354
3225 2666
5364 3044
7553 1666
1305 2883
163 5832
2765 9478
1010 228
3465 3462
7215 2379
2484 9303
2019 3924
8723 7341
4093 1559
6563 9573
3759 6997
7927 6985
9663 3292
29 7217
4958 1334
100 5122
7167 2866
4600 8177
3094 8065
1640 309
445 4124
9613 2464
8049 8337
9806 2142
9897 6369
1716 3657
3367 9643
642 3030
2936 671
248 7895
2006 348
3017 9173
3215 7618
7351 6309
5684 8991
6619 6129
3116 6232
8593 1165
4570 8400
3308 4467
4769 5024
8124 8137
4668 8767
1168 7604
9439 1416
5499 1445
1765 8517
619 4980
6136 7970
1289 1821
6962 7909
7950 78
4142 6544
1244 8712
4945 4553
3180 9714
9578 1304
7852 4246
72 9020
1851 9511
436 7351
956 2201
5869 1575
7181 2005
9546 8471
3827 6508
6380 1777
6587 523
8322 7832
9235 3267
2385 2415
2982 1963
3720 834
6210 3792
9855 8062
3303 291
5413 4260
2493 1283
5836 9674
3289 5383
8146 7116
1892 4527
8894 8479
5050 7217
6311 4286
484 8697
6702 3467
661 422
4302 6872
4215 4157
4934 7519
4449 348
1780 6942
1631 7616
6617 4921
3000 4763
2037 4892
9291 931
3372 4341
8148 9684
8627 8633
8381 5329
2101 9043
5752 6403
5915 9968
561 850
7487 5010
1199 9268
1953 2831
6885 8570
7752 9885
3334 9790
4777 2625
721 8149
6967 8870
7833 5594
7504 6215
924 9606
5258 6677
6010 1174
6646 6571
2025 4134
1582 3224
3402 3535
6056 287
2106 3808
172 5441
3598 4950
8066 4320
3100 5033
3191 933
628 696
7149 1553
302 2408
8230 6312
3583 4876
2884 5608
9010 4466
8833 2413
8002 4889
2700 109
8698 2873
5550 2297
7823 3617
6618 923
8650 9810
1857 9279
506 9006
832 808
1415 9063
7121 4998
3939 5
607 2950
4472 9441
5363 2475
4331 8064
2584 3029
937 8135
5327 8760
1752 1945
9684 402
1756 1541
9681 2262
548 514
3071 1964
9577 193
6962 3517
198 7570
6467 4671
7011 1831
7146 1342
9896 9730
4372 833
7866 9699
9594 9618
1645 9279
21 3401
820 9703
5664 1369
217 8735
3333 9794
8928 296
3311 9127
7866 9779
3798 4877
1611 945
6220 1507
676 592
2341 8542
291 1936
8160 1937
1215 8181
5338 2035
7884 1002
3405 8102
9738 6739
7896 8667
7036 1208
7795 4902
988 1593
9780 2600
2539 6001
4107 3215
6593 6449
1757 6885
8385 9918
8822 9600
8099 4161
1636 5984
5164 5041
4086 4902
1781 1983
3570 8817
3192 1365
3720 4180
2959 3501
6780 5498
9502 888
8713 6096
7338 471
2981 5723
389 1804
5323 8489
5965 6959
4474 1129
2001 8561
6032 3783
545 9602
2600 3738
967 6321
7919 3926
9822 4700
9425 9325
5588 8139
5421 2926
8610 8403
8650 9000
207 3973
7490 6172
933 1965
7302 2934
527 3334
6717 1072
2936 9318
4810 3904
5639 2729
7831 5462
7429 7256
4788 3018
5395 209
5945 4006
8613 4595
3007 8820
8569 498
4993 9502
2464 2295
2437 2991
5630 9155
4063 8567
8474 8874
2471 4113
1604 302
9576 9033
7559 4364
2052 2955
4574 7997
6962 3187
2593 9970
2007 1162
468 7000
664 2933
9296 3101
5924 4926
2257 9988
3493 731
8862 5965
4845 466
6268 4421
9500 3828
8786 1552
6783 3360
9550 3746
6547 2143
3716 8555
3305 4185
5556 3970
7118 4852
7071 3042
9779 9329
3030 3273
60 1893
9238 4905
2359 5507
9327 1859
9335 8113
3412 6118
1473 2962
9865 8021
5106 3581
6576 8411
7766 2132
2381 4885
6985 9453
7927 6765
8783 958
38 8843
2851 9277
3749 5211
4785 3076
7071 4120
1189 483
239 2663
3446 104
684 8552
3685 7261
6964 1452
9394 9346
6337 6379
8800 4265
3145 7583
5224 3184
6426 8075
2461 175
3287 7246
3252 358
1367 4442
842 1607
7105 4288
1711 7790
2841 5397
5052 9806
6850 4446
9152 3188
826 7952
7453 3971
5535 2677
7156 1962
753 9617
2138 4040
6864 5391
4399 8232
9833 5241
9839 6939
9530 1550
4730 2371
6948 9782
2177 3798
4229 1330
6986 5056
9283 4440
9028 4819
7118 6184
6781 7872
5802 8920
1913 2666
4311 6312
899 4145
1553 738
1084 1084
2289 5814
3455 9237
5597 5633
3036 9827
6964 23
4883 6247
4463 3911
1066 1582
95 7848
9454 5897
6769 1367
8564 1081
7680 9463
5226 9233
202 6311
318 2491
2126 3773
1728 7723
9407 4765
7550 6372
4788 2434
2619 9251
6346 3686
834 6441
1535 288
2339 8304
1656 904
9386 9336
368 4612
8570 570
923 8888
3062 3049
2662 4790
773 2069
9556 8324
8442 4344
758 1061
3596 7104
4748 4430
3546 6283
4718 5886
4588 6375
6791 3974
5711 7159
8587 4281
7730 9510
3170 792
2560 5832
5583 3333
7902 5139
1657 6344
9483 2416
7406 3079
9520 2154
7510 3067
8438 2229
8953 3027
8604 5744
7002 4316
2904 5590
8598 634
5101 1768
1427 7661
7600 7010
995 5503
2149 2653
1847 1633
5069 9253
4713 4590
1408 2223
7658 9847
4453 6611
2875 3057
2356 9878
7374 5260
5468 5972
5895 569
7740 7322
8231 5341
4333 9226
844 6482
1879 2691
8116 6949
1945 2829
1540 3354
5053 9198
3202 9506
5810 6077
2564 8166
5955 9938
3427 1424
5910 9323
1993 3651
6646 224
8992 979
9450 9836
7462 1330
2528 5578
8280 4474
8407 9820
7829 3461
9019 1031
2968 4829
7109 5532
2995 3065
5471 6423
4489 1381
5746 6482
5032 2392
6707 4025
3371 6158
3861 833
7489 6390
6412 5769
864 4820
5590 8694
8281 4609
9725 1249
9439 6835
6782 2434
9900 2253
8858 4389
3635 4605
872 8668
6997 7579
2693 369
3737 6555
1203 1226
2945 7615
6996 3810
2436 2587
2504 717
7196 2229
1967 6635
9065 8750
9070 8965
1003 7929
3355 4639
2534 4227
3307 9532
1807 6001
9901 5545
2556 1105
6772 5501
8721 3768
9311 1157
6356 1815
1875 3552
4045 3843
188 3110
2593 9259
2076 3597
7188 5431
8236 9723
9659 1544
9255 1466
7545 9157
7011 101
262 3784
5603 8984
7553 4915
141 3909
6730 2017
7462 776
5860 7650
3887 8454
6910 5963
2051 4098
1394 288
3821 1053
1833 3076
2520 9378
2234 9531
9480 2496
3316 5084
1480 869
9999 1622
4778 6730
3640 2241
7506 9500
9891 1393
7955 6801
7356 7
900 8751
295 4722
9804 2129
7799 2324
1508 33
1856 988
2529 5172
6073 4010
6042 6072
5633 821
2802 9273
3062 309
8774 2954
1703 6730
9756 9060
6737 656
7811 7033
5378 7616
9162 3178
9940 670
3211 1797
1659 5741
6970 7732
9752 3013
3804 5385
3834 6607
4659 6897
6917 3434
9851 8620
164 9607
7681 6901
264 5492
3935 5643
3109 3097
8821 3050
3767 2032
4847 5426
7773 1818
3158 7525
4831 6963
2911 8665
3571 7571
5563 488
1006 5414
9109 1170
5022 6791
8072 5286
2284 2007
930 5393
5104 9751
8443 8872
1783 3290
4298 9557
5108 7457
7083 9940
4421 9995
8606 7992
7566 4169
8481 8572
9583 7591
9743 4606
