1000 2
912 9154
457 5479
7675 448
8092 8235
2926 7609
5399 3536
2045 2653
637 549
2295 6719
9632 8116
4759 1272
780 978
1049 4327
6183 4806
7171 2494
2130 8083
1648 2587
3563 9323
3036 1655
7559 5963
9265 2959
9499 1311
5612 137
1861 7908
6856 1493
6024 1616
2766 6805
2594 3815
1132 8778
8622 8303
1272 752
6387 2920
3340 9950
2244 6377
1606 9803
2340 871
2763 1839
2183 8376
1977 4044
6284 8833
5537 2308
449 8304
9113 3044
2119 246
1822 742
8550 3095
1494 4937
6015 4835
4888 8259
1212 6495
8063 3552
7367 826
5392 9550
9203 7369
3594 5487
6203 9132
7796 6653
7436 6909
9697 9556
7156 1520
298 5706
4616 1793
644 631
6629 5533
8891 7842
2028 6955
1394 9396
7782 6787
8946 6985
4157 2541
2472 360
1673 268
7014 9110
7178 6711
8667 4335
8232 8965
41 2848
759 686
3480 7389
6219 2372
5231 8248
9327 6626
7644 7109
3413 6591
4094 7571
9132 6567
7931 806
6836 4945
9916 4015
1657 8583
8350 9890
7549 8391
2739 8309
9078 6220
5698 5297
8592 929
3546 7919
7556 1190
5029 969
7781 9124
8541 6913
5691 6472
7720 2528
1418 7636
6543 3076
6220 4893
2967 3770
3285 5706
2079 2363
1926 7778
7661 518
8708 1207
8438 6264
2398 3467
7234 179
2591 5775
7093 8283
2248 4813
811 3666
2450 7354
6743 8670
2247 9710
2441 5533
5417 4520
7897 7343
2299 5558
7862 1007
6766 6300
7271 9164
9768 4506
9343 2359
281 6437
642 2529
1251 1453
6196 3701
8808 2939
2372 1056
2650 4813
6589 8067
9334 4486
5410 1633
45 3273
2641 6811
9573 9913
5975 9342
4419 5319
1701 4700
1757 2344
7230 3008
3798 3426
6709 2607
6366 9082
3663 9016
3895 253
7083 3230
4740 2494
4864 4785
5767 7505
1597 5341
7418 7573
4683 1838
2892 6385
6539 4649
8730 3769
7657 2529
7195 4367
5136 3561
3449 8799
2577 7345
9053 9661
575 3793
2155 5440
8579 7922
2945 176
3263 364
7749 7947
2203 642
4332 8742
5292 3063
2511 2950
5592 9707
7317 728
3268 767
9528 5846
8113 8581
5507 8688
2374 7663
4129 953
5585 7074
1130 8849
7439 8879
6797 9643
9522 1129
8385 4814
4193 896
7764 9785
603 5082
513 3872
5850 41
9719 3963
8622 5227
2652 997
2890 6781
1951 8476
3856 3081
7325 1296
1961 4123
939 1483
5253 9324
6298 9446
221 4063
9231 824
9145 9744
4697 4995
9786 4416
8959 8409
9643 1611
9407 2533
8392 1358
1010 2248
4439 8336
3544 6400
2459 4484
7884 7712
3808 4182
7158 4029
8245 6389
4854 7391
6134 9551
2387 5920
3968 1346
4330 3612
2957 3737
6145 1350
5095 7156
3599 9535
5492 7143
5936 7951
1628 3820
5663 5436
8003 2821
9466 6249
9211 4320
3640 5345
3872 6027
1266 7841
7374 5597
1453 332
9334 7599
1682 4430
4755 5281
3965 247
2425 9901
8199 4053
3722 3862
9490 1725
6684 8956
7974 5896
3277 1615
1242 7150
7643 2508
4991 5017
8105 6445
5349 7440
4044 7031
1871 8800
2313 5836
9047 4738
5738 7246
8792 9461
1109 8282
1187 7794
7239 9162
3690 516
777 4932
7666 8420
7441 2658
3437 5547
9103 8787
2987 3148
5819 4858
1948 8132
695 996
2871 6434
8242 1663
5895 9352
9946 7083
7146 7185
6245 836
7702 7022
5769 5368
5443 3210
8027 8881
8757 7131
7668 1744
279 3487
6603 2228
1620 7299
3224 4491
3734 1467
6155 9629
819 6102
6712 7966
3287 2958
8802 990
9980 4571
6359 5424
7781 4386
4305 6539
1518 1973
8284 1797
5461 4887
4026 7081
2187 7250
1573 5921
8717 7728
5551 9537
3831 2264
7503 7119
5222 6306
8109 5203
878 4468
627 8659
8854 4932
5199 373
6905 3483
2171 2367
8370 6197
9448 558
3447 1021
6479 2165
8750 2030
1703 2581
4295 9206
9700 9517
5512 7810
4720 6390
2278 5348
5050 1133
280 249
1506 7186
3732 3677
9553 2103
9874 9001
2661 3322
23 9141
5488 8774
1172 7191
1355 5467
6397 1056
4985 1910
8866 9706
8300 1144
5054 3351
2278 5334
3601 3784
2521 7333
7461 2074
9437 7336
1076 2099
659 1100
1240 6147
9874 2413
3338 1229
7880 9736
2286 2866
1646 1152
2572 9947
2297 7626
3298 4575
2961 6899
8360 5482
4233 5822
7556 3670
3158 8633
5769 3817
9733 7010
9965 9607
9423 3303
837 7304
3039 3123
171 4685
4276 2743
4632 6574
369 7931
1149 3330
4830 9510
8813 9064
5332 6369
2734 8491
5003 8504
2309 4736
5515 2274
4343 4939
5578 5181
2244 8617
8304 2415
3303 2580
5158 7936
9154 5528
5868 304
8859 699
9815 7672
9763 5147
4042 2498
3638 9045
1003 5948
3781 6518
8222 8125
1457 3800
3306 3701
2418 1611
6117 5722
4192 1275
3659 3347
6803 9528
3652 5662
227 3467
3335 9991
8614 7377
2489 2253
6422 3492
8201 204
11 6424
8330 1468
225 1636
5170 2644
3248 1288
8367 7440
2563 2026
787 9367
1554 4439
5030 1782
7906 8365
1773 6521
5742 4262
8775 2165
7755 6977
2369 7766
3401 699
9235 3627
2336 4406
6271 5584
5694 4638
3025 8258
6665 3813
7625 8220
8252 2656
3 6159
1021 1776
2681 6764
6039 1457
8929 3794
8434 1299
1561 1836
1998 796
5463 4335
5203 1735
9920 897
6374 2945
9156 3039
6758 6782
1260 5011
9438 1263
1171 460
3040 3853
7224 9079
5310 6154
2874 3744
7453 4436
5581 9452
5233 1044
3787 436
2779 3707
1334 9153
6653 490
2193 3411
7272 3454
8423 6711
4718 9595
7171 7758
3448 4396
6838 8759
550 9713
2503 8003
4150 8085
7456 9383
9129 1243
9820 1909
4950 1154
1063 1604
1645 3257
5016 8918
6712 3439
5629 1430
3035 2800
9189 6483
7196 6028
5242 7747
5742 7746
5751 9892
5832 3207
9275 4961
4450 9096
6871 9401
250 7934
1005 1896
1192 6021
814 7904
9461 6443
9334 2496
9244 8524
8980 6440
4552 4223
4188 294
1970 9939
186 7802
3146 9462
2763 7597
8558 9635
6998 8809
7569 8004
705 8761
4026 1520
6666 3487
7963 6000
5983 7208
4524 4963
3649 9077
9187 7837
9371 1157
7776 9558
8959 923
9021 1723
8520 7580
1358 5519
6389 8928
3523 7095
7690 7549
8615 4356
1037 6579
356 7020
3788 4881
1984 7437
3958 1172
5274 3330
2329 3051
2888 1288
3974 1909
3012 2495
9489 4370
8015 5879
3298 1539
2975 988
9088 1590
5345 126
8170 5701
7147 1958
583 9131
9396 4541
303 4670
7872 2633
7722 760
3922 1697
2670 6934
4193 2160
1304 2208
8040 4603
3747 1015
5592 2836
2606 937
2962 777
6639 109
2736 7222
9241 2132
1764 9545
6803 9636
2178 4525
397 6100
6223 3068
3034 416
5228 4339
2624 3268
8943 6371
4284 4536
9207 6890
5474 2170
7667 2113
2279 403
9336 1520
2536 1101
1065 9339
737 3244
3865 1135
9345 88
4203 2380
504 9431
6720 3128
2700 5663
9500 6985
200 8708
3875 5674
878 1543
7787 3157
1947 7124
4678 4483
8225 5744
3822 8963
8988 7688
98 8333
7776 4301
714 8280
3733 7434
1409 6433
3097 910
3418 3298
9618 7294
8972 496
8837 6760
3654 785
3884 8332
5268 2109
4076 9091
1072 3065
6779 1170
1399 4555
5472 2113
2836 9205
9548 4246
5639 2646
5156 9058
5944 4774
6352 4916
5271 5190
1676 8925
5976 5560
7258 1244
7670 1335
335 8743
4400 7115
9914 5800
1670 5386
7914 4507
4591 7462
8753 231
108 3910
9289 6052
8684 5642
968 3956
833 2645
2882 6809
8206 140
8054 5876
1475 8390
4620 5876
5505 4534
1677 7176
9920 9591
1683 4512
7054 437
4744 7162
4347 4033
3215 3032
9676 4184
6988 510
6829 9870
7319 5035
11 5374
912 1487
3764 5532
7364 9269
66 9041
6445 9987
8633 8128
4500 5687
8565 9244
2850 2913
3278 6065
5945 2955
249 2934
3465 7078
2804 785
2114 2816
6159 3026
4303 9923
8558 1668
9193 8625
709 5638
8612 9342
3767 3113
5030 2333
2357 7880
5246 5636
3945 1191
8592 4195
4125 2057
1273 6930
2843 3387
9747 9003
6414 4051
8926 4972
5719 8120
3597 6428
3758 2210
5771 7525
5323 802
9858 7681
8682 5105
3318 2628
6296 1910
6823 422
3968 8097
7353 6811
1485 7100
5815 7899
1151 4742
2872 6871
2862 6469
3299 6620
8679 9071
4146 4003
9873 4004
1684 8556
9109 5002
1185 5406
6912 8009
5828 880
6106 3182
7692 7592
282 3507
5492 1434
8249 8364
8305 1111
4834 1605
7732 3514
677 1878
7517 551
5882 9201
9107 4992
4204 293
399 1116
8302 6228
1997 4409
9410 9690
2001 9692
3198 7494
1127 1447
5858 9432
2559 693
1037 291
4207 1714
2170 1724
2265 8053
926 1373
3045 5131
1666 3445
6247 9968
9673 8245
4377 9083
7935 6379
8776 1133
3873 9903
2581 9732
9335 5141
425 373
5433 4633
2087 7603
6357 4353
5656 7284
5726 8702
2415 7393
2147 8663
7362 1820
6909 1740
903 4845
8119 9679
5979 1993
9582 8560
1725 8917
3701 2151
9290 9135
6784 1378
6738 3142
5732 2394
427 1458
1096 2843
8852 3243
1506 6214
5063 8415
7954 5967
3260 6074
5646 9239
8067 5229
7800 9793
4147 1502
1944 3438
637 8729
4816 7375
1871 548
9770 2298
2007 867
5141 860
4110 6648
7074 9174
5064 5029
5142 8325
1103 788
7565 9170
6018 5365
8964 165
6868 909
3603 7506
9638 8420
4882 1509
8969 4652
3808 976
5519 8950
1837 9630
5598 8911
8805 663
3940 3947
8988 5044
4736 6553
4215 754
1919 3179
919 8788
4088 4523
6294 3726
2943 1176
5236 1912
5829 9045
2889 1349
7995 4726
979 3594
3638 9785
4257 7579
3732 3246
2623 8469
9800 6838
9223 1720
17 143
508 4106
4667 6803
7832 7610
7980 3069
9523 3809
2114 2413
5158 109
7140 6138
3704 779
5924 7962
8358 9656
1208 981
8126 1009
7820 7350
2729 7838
7493 3238
1944 2161
41 9777
9772 8021
2846 9295
1831 4960
1709 6990
5070 8849
3128 8774
9628 9052
6737 7987
8709 7946
8969 6836
8955 6789
4186 1685
4628 1680
4923 6572
3841 4965
6349 3613
2987 9196
2909 4818
4156 4618
1808 9227
3468 4937
8002 3097
3990 4739
1084 2700
2685 54
9536 1641
6844 3722
3326 1472
5402 8250
8044 9244
3215 4394
2857 6203
3590 5767
1021 7747
385 2830
6974 3854
7768 4976
6952 1759
9715 8037
4459 2401
8091 3996
4042 4935
7718 7368
6407 3121
5618 4452
2366 8834
8846 5223
5037 2436
990 6059
183 1376
8890 7157
5231 6658
2134 2183
8418 1849
220 2877
4250 8312
6874 8292
3247 4593
5661 9655
7714 1279
4107 81
114 2953
5304 5151
5390 6295
1211 5573
7672 101
2731 2903
6760 4865
5087 5178
6715 5307
8056 965
3620 4930
9258 6867
9523 4919
6522 7238
6199 630
7319 6313
3583 2624
1465 8973
8920 2676
4547 6592
2777 7278
9496 9537
2143 4583
4716 8858
9891 2772
9824 3511
7703 9083
379 7227
4002 6902
4466 202
7532 1786
6516 1115
4411 7981
89 3331
657 4636
9924 3435
1914 9420
2973 4058
4003 7690
2917 3895
462 2741
7406 8166
1825 7785
5394 5828
4687 9860
6030 2219
1647 2546
3335 6058
528 3424
9389 1186
8060 9314
4621 9975
8734 7595
4033 2738
5285 6951
6633 5748
9693 4040
3914 1518
1826 9309
7346 6514
9169 3376
8734 817
5923 2069
6875 6451
5494 6265
7637 3555
5579 2259
3530 4313
9855 7564
7052 5140
4515 3685
888 4209
7725 4803
5727 9552
4112 3074
6066 3282
6451 4800
4100 2374
6869 975
8826 2363
