1000 2
2537 6447
9407 7142
110 5429
5348 3139
653 8923
2151 637
8711 6569
7389 6704
3865 3602
1824 9943
878 6828
1257 2909
432 6681
4464 2619
4899 1058
8140 7436
7506 7547
4579 7617
2976 9927
756 3629
8851 2908
4267 7563
9477 1656
4267 3342
5258 6092
3286 6137
2920 4543
9047 3353
1224 3511
5973 6124
4570 4113
3560 2076
1660 8140
9693 4637
8067 449
8266 6918
3357 2534
4481 2835
4190 8749
6177 9449
4841 9463
5586 7762
4007 4633
1115 5231
8145 7088
1356 2715
1201 4916
4792 2861
3056 4485
7498 1124
4934 5765
8043 8292
8299 2524
1128 2490
1273 7305
1939 6115
6769 7526
3877 776
2159 4992
6008 305
2080 7364
3021 3281
2281 7813
6143 5338
2298 3641
6462 7233
9407 4505
5526 7706
7030 6654
196 8304
3960 2135
4419 730
9661 8296
1507 1821
3289 7515
2127 5369
4880 5148
8651 7162
2962 4794
2500 5261
8436 8963
2494 7843
3469 8021
5550 499
4676 5746
8804 8636
7882 3223
9367 7544
1520 874
9366 4810
8390 1493
179 3271
6642 8831
433 9604
3626 2934
4866 2062
1897 7360
9906 5366
5382 5456
5866 58
1203 4670
8695 9085
7894 8062
6630 9414
8936 5996
4224 7327
7490 4404
598 4132
3236 1031
3737 6862
3965 8603
8925 5863
5964 8831
1230 1347
4288 7096
1406 5491
1766 101
4577 9660
8164 1207
9075 7100
7204 3300
4428 4694
7704 5026
8827 940
6058 2565
7802 23
1169 6727
5887 7134
5559 7117
8481 9847
4213 9887
5339 5980
9989 9916
5640 8153
1124 4716
5254 8329
8016 9682
3024 5720
4708 1852
6661 766
4417 4464
790 5586
1192 6677
2721 6751
3795 1202
6599 8009
1090 1938
3989 1079
1855 9630
9232 2980
4346 4486
1309 2362
4168 4334
8083 8877
6186 4744
9643 603
9208 434
6190 400
7112 8911
7152 907
114 3752
8916 1204
5690 2906
2284 7546
2536 1516
527 6882
6003 1836
9244 172
6171 7328
9049 2357
2072 8693
2961 1281
9128 9151
1682 6240
8063 8835
7148 8178
2587 6064
9383 8278
8970 1667
5824 1507
3184 6351
8389 9187
8188 7634
9359 4359
4962 8409
6717 7035
7102 9678
8317 6230
8830 0
2471 6893
8835 9619
5071 1422
5684 4454
9700 4655
6122 5525
6162 9306
1877 4552
8493 66
2186 7853
4425 7149
6262 1142
4185 3365
821 2502
9596 9651
2502 2067
6544 1338
1687 1616
2760 7371
6071 2461
2026 2194
7987 8189
1500 9864
2741 9994
9930 4928
7847 4356
2078 4110
5499 6263
7475 6320
8766 7072
5972 1269
9139 2517
2607 826
4133 5368
8198 205
7829 224
2399 5817
8414 3900
5681 1155
3894 5612
6084 1742
9969 8162
5853 5469
4426 3329
1789 3192
401 7762
4462 9540
279 7069
367 4413
2437 8565
4618 267
8790 7018
6084 7204
919 1766
8360 4814
7378 4445
6557 7348
2607 2410
2817 7034
5739 4607
227 6140
2369 4689
5681 2648
1758 6048
7061 4196
4613 1680
4463 3404
8699 548
609 9618
2314 8969
4432 9693
3414 989
7041 6022
3400 9858
3057 9139
4466 3284
5279 6835
7974 960
9483 9733
7009 6544
3929 1623
8225 8393
5027 6924
8941 5636
6543 1256
4606 976
949 8021
1966 7991
4044 5366
7850 7101
4505 2316
386 9785
9151 8360
746 8635
8093 7755
5180 2022
9379 3405
416 4406
330 9358
43 6873
614 4649
7849 1564
2671 9815
9556 6715
5181 7407
3817 9687
9723 4203
9473 8875
2563 219
7510 657
7975 2691
2680 7354
6097 3096
1761 6427
2454 1804
3300 3069
6454 1150
4634 9125
966 4190
5840 6148
1597 9658
5835 1321
3861 5309
197 6425
5528 7708
7082 3503
399 9762
858 6496
2859 2619
2923 5314
4424 6224
8383 878
7375 3017
4 8341
7208 5845
4489 8806
5503 325
128 9364
5634 325
5790 1163
8033 2872
4667 8432
2635 5525
4928 5494
8145 7852
808 2570
4076 9192
3448 1451
2210 3453
9793 9419
9298 4283
8225 4802
4608 8353
4167 243
8678 9957
1406 6712
2830 6074
5144 5465
1599 73
960 9745
7925 1769
2315 2002
961 5764
3454 3171
9218 3248
2590 8516
7531 816
3319 2139
9169 7486
2383 7848
7444 3790
4560 274
9864 9705
5740 1464
9778 6701
1209 7704
8470 3525
9707 9431
9289 3162
2603 8507
6410 5193
7024 3941
6009 343
6081 5179
7830 8464
3028 5274
2254 7589
5549 2118
7295 1290
3582 7074
7991 4792
4779 6461
8317 4486
5892 7607
7649 8495
6115 4059
3689 3139
8001 9699
3483 4082
4879 1314
2547 7908
6589 4801
5498 2138
6920 2793
3428 503
9867 1419
5296 4647
7881 3613
9133 3773
1221 6783
2269 7336
842 5958
476 8843
5658 3960
2926 537
5274 5473
8445 1863
275 3943
4002 7195
6737 7430
7699 6605
8850 2995
1252 6731
6609 386
505 7831
7169 2774
5167 8011
8733 5644
6855 4391
9604 9781
4929 4879
5254 3375
6742 5530
7318 744
2725 4056
8175 425
661 7026
3421 1913
3758 31
2299 4263
7862 9469
7038 3030
7480 5772
8674 4336
164 8279
4118 5093
3158 9373
8469 9900
4903 5787
645 7629
9844 8821
8054 505
5848 1476
2419 9606
1507 4718
3870 9369
4188 909
2400 1669
6681 1075
6005 6845
9354 123
1939 2512
9497 408
2413 4400
6196 3059
2029 6040
1881 84
6546 7729
1560 8965
7335 3068
3684 1205
2438 7872
2115 4838
9541 8796
5913 5547
5642 5268
5670 7582
7781 5168
7990 194
9568 4187
3254 1598
228 5135
1683 6774
2864 3244
5740 200
6312 9424
1406 8751
7297 3521
3589 6838
2318 9503
2385 7960
4771 8056
5542 2552
3225 3533
2747 2793
7721 6002
4392 7950
1137 6076
4725 4002
9320 465
4202 5633
9890 5609
4384 7187
9130 7974
4026 1448
7478 6412
9409 2250
4469 4952
4803 7694
8486 7550
488 6207
3552 4881
4157 4690
957 8882
8692 278
9348 2895
5912 9238
8505 297
6426 7635
8272 453
9084 5750
6866 8494
8000 1336
3446 2804
9031 1932
354 9520
8140 3907
4401 2298
8598 5359
1180 7291
5638 529
186 1551
9767 8692
1848 6194
6328 120
6648 5412
5871 3514
3907 3872
4850 7354
6676 3881
9287 7031
3401 7427
938 7803
9725 9537
3162 906
6828 8801
1435 7015
352 1203
5707 2200
7398 2035
2321 4046
7448 8193
7560 1355
2065 2410
8709 8742
6292 7996
5773 9694
5424 6712
7497 5150
6249 660
6057 3077
9461 7492
92 9814
8696 5799
2015 6094
7834 4337
140 5282
2530 7701
6638 4596
112 5348
3338 6404
3344 9112
6098 8769
5824 3596
3920 2074
4256 9977
5152 3718
7470 5244
3532 6166
1044 5548
2261 8879
9885 2402
4162 2415
103 801
7011 215
6149 350
6619 9494
9462 2718
8263 5287
6314 2183
7361 571
2160 2514
4289 9631
7759 7822
5797 8803
3370 8059
7683 3255
461 1846
5671 564
2647 2683
779 8796
3033 7399
8290 2495
118 6554
7783 6432
8737 5145
7004 898
7659 1294
529 5418
9116 6327
4222 2487
4386 1905
5743 4847
3751 1414
5412 6398
4097 6191
5195 7130
3591 3485
9626 3709
39 7410
142 8777
2555 7146
9676 214
8440 205
5632 7557
6533 9854
44 920
1760 5787
5767 5512
7202 1180
1911 1299
7371 7106
8430 963
591 8057
4672 631
5467 4814
9408 8023
1960 9084
8237 401
9290 3870
7958 5824
3725 8003
6744 5485
3791 2512
998 993
3692 2909
2293 1064
15 724
2027 606
8782 6700
1238 4249
1514 646
2272 3475
9731 510
3877 9022
4381 1835
4846 8106
9839 1591
3592 3630
4103 4590
4624 7796
7499 6918
8860 7515
7642 888
8121 6425
7588 9360
674 9102
7 2947
2578 9738
3458 6455
8761 7839
8291 3608
5945 8130
5199 9538
1761 9303
4128 6385
7099 1628
3304 5960
9143 946
6848 7265
7371 4436
6625 8046
3539 6632
994 6117
6371 4452
2573 5133
2292 864
8741 8238
8995 3941
7776 756
3244 1905
7142 344
3533 446
6304 2677
1393 3152
9942 8765
7588 6568
6811 1128
3201 7806
7245 9573
2259 9819
4706 4551
683 3448
2789 9679
7389 565
436 634
2470 7578
978 6004
8024 7283
8681 9418
435 8624
8183 8024
5192 4995
9152 8394
2801 6398
7967 5060
6217 2673
9612 6901
6121 2401
6581 3511
2967 7017
4146 5438
4595 5125
1443 2620
2408 124
2038 2843
8749 221
868 3942
5217 21
2336 8018
6419 303
3079 2637
2977 2691
9539 9099
5093 6120
2611 8060
3138 6757
3499 7733
1882 4942
354 4290
5067 2392
7134 3816
2614 8002
7759 7831
8023 95
5850 4443
399 8929
7081 3376
1621 6620
2475 6714
2741 5086
4775 5879
1844 8274
3613 3726
3217 3967
8017 8285
6360 5151
2102 8975
3154 9861
6807 1177
9956 2657
5621 355
1587 2702
3732 3208
9323 6207
9922 2065
1294 4698
7944 3139
2973 1558
6865 6190
5526 4882
4476 1887
34 6578
862 3188
6439 7670
4366 6395
327 9987
6751 1915
2689 483
5123 2013
6691 5046
4078 7986
9744 2023
1125 2717
3581 7991
8908 9108
2874 3384
995 2908
9962 1857
6096 6402
9528 462
2798 9856
450 9549
1771 3140
33 6895
5153 6724
1941 9231
4711 1686
1254 5837
4404 4836
3828 3313
3944 6703
6698 4939
9611 6661
6797 5708
3063 6325
6171 5861
6181 6622
5411 7953
9762 5444
4848 4915
2169 6790
4147 6880
8477 5402
2718 2881
239 6546
6195 4183
3250 2893
9123 2862
9554 5921
8571 2618
2247 4743
8479 8429
1365 3891
6382 1127
9335 1230
6043 1505
8021 190
8386 6498
5593 1104
9380 5832
7651 5575
16 901
8468 9140
3763 8023
5061 2334
641 7309
7077 9120
5738 8443
3012 2120
9570 2347
3351 5614
3853 1373
5805 2239
7871 1398
3344 7251
7231 995
2827 7247
1896 1295
6388 5660
9319 1450
7995 9960
8759 5073
9081 4497
3516 2093
6618 3087
4441 9969
8701 8294
1342 4506
534 9214
5905 3878
6466 3136
4873 9293
384 6770
589 6772
2431 9908
8222 426
9868 6982
5499 8950
1479 9015
1043 8097
2102 5484
8067 804
3779 9410
5310 4313
8625 1215
8192 5091
4352 3065
4384 4736
9836 4974
1509 2267
4882 9732
2693 4751
6714 8193
3701 8194
7208 4745
6291 9311
230 4359
115 4009
3769 5426
8323 2394
6642 6515
7486 995
9581 1871
5732 9417
6845 7241
1684 1728
6974 4378
6480 3689
2571 181
1883 9779
4926 8175
9091 5156
2534 9207
9166 6304
4633 7489
8699 1276
4005 6186
2271 3586
8057 8003
3003 4903
5245 4688
6631 2219
9066 3111
5908 1637
3293 7792
1417 8220
5967 509
3377 8502
9716 2544
4806 4350
34 3506
5626 4039
9692 7898
7626 7749
5901 630
2652 1147
5318 9284
3366 4385
2396 9275
6022 5690
7067 7440
3911 3035
7949 7289
1537 7665
9833 6343
2016 9867
9850 7643
3907 9542
5541 1533
7292 1443
2163 9945
2590 7482
9230 5956
1867 1626
5232 7890
7317 2300
5331 1228
5335 3280
8517 6872
946 8351
3216 2963
8219 3066
606 2126
2608 6147
3659 9900
7590 5823
9846 181
3306 9076
6138 5173
702 1370
3064 8020
3670 8395
9249 9005
1676 7767
5878 2623
6118 9094
5586 4337
2160 6192
6463 4769
2340 123
4670 9931
5947 4516
112 9253
3592 6250
4427 4294
7621 7491
2315 1291
5887 1564
297 7564
9331 6175
187 5450
5269 5774
9787 7430
1967 6251
2199 4307
6375 6869
4238 2322
1385 4351
1575 4977
601 6002
9272 8222
3494 1588
9514 9382
3152 9812
6946 2484
5987 7134
7934 1257
2908 7721
8687 4875
3973 887
9183 348
7756 3422
2670 9142
7773 4246
4120 8375
248 3392
6598 3743
4980 6113
3125 8133
5925 71
