1000 2
2709 729
8211 4127
9481 7539
5289 6945
4945 310
7007 1928
1884 6245
7170 5819
738 6666
1543 7985
3065 6348
7615 5762
8360 1063
5131 3369
5492 4332
6697 8201
5062 4909
2329 4543
2448 7618
1489 7394
7929 8496
9322 9814
4741 6493
5634 5480
3159 7177
3466 6224
3526 1082
1987 1886
2145 7118
5256 7637
1451 1954
5838 6513
6864 8168
1057 9312
5786 2546
6707 3716
1042 6030
3530 5784
2523 9164
1264 5682
6342 4730
1907 9869
5812 3895
1756 7958
1013 7012
5596 2464
8967 1434
8978 5831
9603 35
5144 5390
2581 1851
9106 3624
7881 2637
9409 404
1802 674
6087 8144
5404 7995
8013 1217
1890 9769
9176 2904
6782 4772
5369 5749
6207 4348
1581 5810
4383 6725
1200 6965
8577 307
590 6458
2944 9999
6863 4746
673 2951
2891 6078
947 904
7296 2838
674 6472
5743 7456
1244 1112
3206 7451
5460 4788
3261 9844
1514 4461
6810 91
4769 7400
6550 7713
7399 3414
2460 8073
6365 5351
4151 7313
6256 1448
151 6930
7920 5894
4387 9164
7007 7594
6615 2468
2382 9877
2313 3897
4339 9123
3988 9108
6523 538
6821 3923
3953 9282
1997 318
4633 6149
7631 890
7597 7783
7820 5517
3678 2208
4682 685
9802 1297
3154 2185
1175 5467
6082 5514
4590 71
4622 1114
610 1444
5038 4563
726 7036
4882 5360
3185 2514
6250 782
297 4070
6300 3975
6279 982
4661 6081
2280 7815
8267 3455
3283 4350
8969 7873
4421 3591
8988 5031
5036 4027
9595 5762
1063 4477
1122 4248
6991 7372
5031 7288
1443 1332
1264 7722
2315 5925
3804 4595
3741 2072
8051 7024
6422 7020
4898 844
612 3886
5876 5648
7914 5471
1411 8977
9948 2533
3226 6939
9906 8258
4228 1350
9590 5493
9073 1905
1418 2878
6501 5160
4950 4552
2184 1373
1572 7082
2217 2185
969 8093
7834 8883
3564 9245
7861 3513
1779 1087
453 1686
9346 4681
3036 8936
174 2110
842 1593
4988 7343
6753 9939
1895 8938
1312 3468
6021 3530
5653 6990
1624 3487
5874 5189
2733 3736
8702 4512
4824 9155
6199 4170
3837 9236
3106 4012
1346 3949
5606 6334
1292 2359
6274 3187
1298 7587
6655 7319
1117 2309
4310 2741
5797 185
7930 8530
3921 6633
3043 8745
5789 9242
2916 9626
8478 6023
3639 9825
9972 9245
6160 1264
1605 2434
4451 2903
21 1107
222 1139
3416 4533
3880 9213
4718 1811
7744 8640
8444 787
7386 4233
30 302
3860 8509
6325 7499
8334 6297
6744 4495
7561 8349
6929 2013
1252 6951
3121 1475
8090 6538
6009 1971
5752 727
3782 3496
9368 2227
4284 6754
6460 4314
7056 321
2824 3381
7820 1159
9679 4565
5654 7241
2914 2584
9254 4167
9536 2376
5643 7626
8914 1652
9597 4666
2380 3380
8163 1748
5607 2447
8502 2068
6762 5559
2389 9586
8941 210
746 8620
4775 6400
5861 7690
8985 5116
1858 8521
7492 7502
6147 6407
9154 5745
1073 1535
9125 9237
3283 4733
1684 1786
6801 8446
7345 9191
8033 6286
9401 8779
4907 4176
5180 768
1867 4165
5885 3725
2687 3378
1227 8834
9785 382
4580 859
1917 3706
96 5201
8439 1781
6987 5241
228 4332
4432 8261
619 3834
7041 5526
8011 2222
6295 9878
6387 2180
3604 9074
5559 4832
7909 5344
5214 2490
6204 7132
6196 6301
2333 4636
8082 9321
9878 8310
3654 4311
6572 4273
8145 3613
9800 6156
5835 6095
6035 2223
8276 9639
1298 3835
4471 9208
9180 9686
1699 5384
6818 7896
1685 9152
2532 9768
8473 2411
8079 2128
6722 4651
6401 4867
8265 6202
1024 4101
2297 7059
6324 574
6698 7623
4409 1170
6832 3589
856 8531
8974 7675
6427 660
6827 8960
428 5301
1371 8507
7429 8093
3159 3831
2961 1424
33 3985
5525 2331
1044 1850
2905 7743
9474 7315
8913 6306
904 9770
4837 9879
7445 1265
539 4273
225 967
9575 1597
9475 7005
9691 2634
836 2653
4058 870
6638 9584
3202 7683
1435 6107
5426 909
3422 4340
7215 4327
4110 2053
4206 1555
3319 4746
5829 3545
5714 5404
5142 5189
2410 4834
7824 3246
7487 1883
4117 4126
1467 7319
1809 2902
3427 7236
3812 6850
1576 1027
1178 5686
3081 5385
7242 6400
131 3072
9945 5845
8476 5088
1035 886
9922 8859
4133 7409
743 8251
1536 2211
5571 3345
5113 8999
581 8926
5849 2158
9953 7028
7844 3035
2413 5087
9435 2545
8159 9381
8391 6636
4469 9426
7523 4392
8286 1657
1802 9030
9908 3338
1241 5480
6683 6355
4479 7265
5281 328
9423 5235
7357 7268
8270 9770
2355 7705
2316 515
7087 707
7151 1556
134 4675
5949 8420
6332 7751
7450 6241
1089 8692
1721 7773
5047 6200
5039 328
6529 4462
5563 3886
1731 3833
3657 4087
1539 5973
4602 8627
6680 1754
183 6814
6429 6132
5235 2762
3884 2686
9003 4973
1378 725
2747 6426
6925 7786
6754 3455
2249 2318
7342 3980
6152 1000
8068 7692
6973 2670
6319 3654
4425 6503
469 855
2636 5704
3617 6520
8391 2621
1494 9770
3346 4241
6196 272
2028 2951
3728 4277
5270 1070
8258 1422
2070 6326
9115 9044
8997 5434
2698 3422
1938 3168
4277 4574
8873 7895
1094 7264
517 2589
7034 3863
6831 3231
4136 8859
6183 7864
3136 1453
8935 1395
2876 1006
7721 1991
50 6718
7426 2749
140 9364
5917 4418
3938 4790
2314 5033
2055 2831
7623 9090
6695 4454
2321 832
3314 8504
8696 6450
9958 7632
7846 2834
8638 5567
4825 8689
2285 2252
1438 2426
1616 7356
6845 5555
2147 9160
589 4202
1992 8213
3292 8687
2667 5614
9519 5981
4119 8216
2432 4077
5848 278
6912 4487
5846 1738
3176 8131
3990 4615
558 5607
1971 7404
1162 4118
6564 1752
8321 8556
9965 1614
7244 2633
7229 6764
8614 1348
4980 1047
5426 829
1326 2338
5316 7172
4076 8492
5304 8066
3107 5862
3674 5079
3267 4836
9198 9831
6589 7519
8388 6554
9134 5632
9188 6363
2397 7802
7711 7377
8850 3138
8207 176
5476 3524
7348 9553
2016 2652
7620 5124
8515 1294
204 1782
6131 9402
1614 2720
6922 2
9275 6056
5635 8463
2419 8032
6266 131
5410 5116
3269 3617
5293 8745
7141 2641
8298 9158
5294 5919
4283 3809
7213 4487
5592 3344
3889 7206
6064 811
7208 5340
6868 2843
3803 9287
876 70
9418 6286
5187 2688
9904 480
1433 7046
3122 9732
6204 8417
5651 487
2227 2865
4975 7819
6209 8864
5025 2274
9676 2234
7614 6544
5078 1418
5832 5954
1488 5250
2241 6676
7938 2145
7157 9372
9191 279
9105 5396
8697 4757
5884 924
7622 859
8743 3831
9724 3769
6105 9401
6004 3720
5945 1082
5138 1777
7037 6627
7028 9278
3304 4967
1423 461
4340 615
741 3445
6011 9438
8203 1895
362 5825
2755 9106
9657 2479
2876 5763
1880 8880
9483 7826
9962 4622
9604 7000
1250 6633
6278 4554
1600 7702
5015 5941
8318 5757
9387 4329
5195 7590
6225 5558
3416 8980
4664 3073
1460 7540
8837 3341
6421 8321
1167 6384
2943 772
3384 4194
7405 9663
8748 9006
7365 3764
4947 5683
9521 4335
13 4717
1925 6239
275 5341
5219 4940
8415 6680
2481 7253
21 8902
5574 1189
5286 8518
1961 8671
2712 9367
8334 1461
8373 5700
5225 3321
1384 4747
7656 1397
9464 9581
7636 9739
4923 2856
4679 3339
9537 7160
592 9559
6063 6167
748 1349
4685 2710
21 7398
2077 8355
8859 451
4055 4084
3772 5439
8831 1428
6837 8295
1010 4474
8035 5934
7331 2714
9273 6868
9875 9866
6428 5939
6033 7176
7289 719
9887 7310
8117 1965
5665 6976
2416 9721
1061 6188
5160 9892
7617 1998
8188 8627
6472 6223
4561 3804
8938 3835
672 8814
3701 7100
4753 9735
4277 2043
455 4165
9353 8572
6130 5018
5549 8547
4739 6610
4736 9900
6503 2353
1898 4691
981 8371
915 5542
2175 9854
9378 2848
8669 3079
9949 3423
2815 4227
5466 3270
8392 4819
1843 4523
9837 7392
3070 4577
4002 7806
4477 505
160 6376
5197 1141
4747 6113
6684 6922
5967 6062
9770 4636
9142 9720
8059 1957
3947 3525
5228 2339
8344 7072
6862 8182
4464 9933
2760 8467
7740 7238
8973 7900
3614 4171
9041 8362
284 5726
5285 6251
1788 5056
888 930
4776 8948
2888 8723
2474 8117
1062 819
5189 7925
9001 9654
7859 1762
8121 5599
9000 7094
3500 2614
1265 2541
977 1550
8268 6262
7802 56
1318 8690
987 6094
7639 3875
4817 113
1993 5880
932 7182
3806 9934
6836 1665
1696 4958
7265 696
2053 765
3311 3319
3307 4288
4869 1575
551 2671
1632 1869
1361 2619
7964 9001
6495 2782
9114 8488
8662 46
5671 2469
9981 2507
4135 1677
7466 1400
2374 9519
2165 5686
2838 5473
9975 7707
7048 526
379 8680
2396 1741
1300 360
742 7795
3142 9856
6283 1805
9903 1954
4274 9884
4462 8409
1562 1929
9809 3936
1448 1975
9623 4287
7448 9598
1995 4497
125 2374
3178 2521
4115 4478
2881 4857
2273 6024
4713 8557
7829 4617
512 2103
4501 4975
513 6063
6904 323
0 8353
2298 9623
2640 9747
9221 4635
4245 9346
7009 7423
1868 1124
1902 4750
5982 4176
774 696
2733 8603
5313 3246
707 9815
8222 1220
5878 5126
1544 5879
3480 3843
5502 6120
3590 4724
756 7836
4071 7766
5260 5939
8891 7162
689 4873
1338 1463
5569 4072
67 883
7319 775
698 5541
1995 6577
668 3540
2457 4148
7383 7959
269 974
2684 1025
8810 6755
8791 4070
2695 7683
1233 3384
2556 2572
4848 8126
6644 4916
9010 3963
5691 9709
9505 7687
6286 173
1227 8743
4321 8610
6703 4590
9584 9387
5616 8395
6143 4408
2466 8838
2091 3699
2223 4648
6271 7072
2775 2916
1988 1785
6879 7679
1494 6384
5366 7781
6558 6594
6524 879
5204 3228
5470 4789
2616 1087
3184 8760
5496 5650
7599 7587
9349 9822
2236 5621
6894 5011
8537 8883
6796 5417
6563 8290
1802 1930
6071 8360
8524 2596
9240 3728
5825 4710
8517 8442
5798 1701
7202 1294
7352 4801
8882 6701
4624 1118
2323 1519
6129 860
402 2926
6277 6965
1217 8079
8895 7289
6440 7419
9886 5680
1148 5711
391 9665
4153 6189
1367 1356
7483 8720
6157 6366
5422 781
7484 7745
2300 3614
8605 2702
6540 4883
9668 7757
2962 8564
5046 9403
5984 4932
5083 7132
643 5474
6798 4797
1664 8166
6153 9148
6886 2311
5514 2308
3092 2998
53 5393
6612 8658
8096 3152
3541 7764
910 6504
6329 5956
5907 2313
888 991
9445 1532
6465 6243
6330 8130
4409 2484
7278 1295
4795 2792
3604 7888
5791 3657
3281 2403
2316 1377
5556 5857
9142 6467
2362 5471
2423 8270
7784 3312
9261 7230
4845 5727
3473 1176
3857 7883
3660 1135
9179 8456
3928 2783
6344 9719
6440 9626
2123 8756
1004 7679
4614 147
4146 6977
5618 6570
5247 3403
9883 4509
633 4728
237 4107
5905 4094
1991 9565
5230 1170
8022 9158
3954 4366
8877 395
3993 1000
9152 4997
8680 3767
5145 2827
744 763
9398 5992
4167 9281
502 4801
4010 739
8909 9915
4833 900
9481 63
2071 7503
9222 6025
1870 8100
6421 5864
9100 5573
861 7781
9340 6007
609 84
6770 7
6077 938
9289 6579
5740 3299
7318 4649
3215 2152
5550 2696
2216 7621
200 1438
3647 2070
9538 68
7934 8639
5641 8796
6421 4982
4803 7030
5067 1574
7038 1144
2513 6327
7723 8253
9627 5042
2902 2842
7194 8452
5538 9410
6074 5738
848 9722
7809 387
9790 5744
9027 5432
4540 5448
414 9344
2479 5481
918 9517
6626 3431
5844 4350
1684 5472
