1000 2
7297 9353
6252 2316
4792 5762
4043 4726
1297 3779
4847 1025
1855 7328
414 4310
5187 1178
6398 7261
1698 3215
8408 1555
5035 8171
8203 7156
1788 9235
1061 9085
8588 7313
1401 3381
3076 5445
8107 4374
9225 2955
5399 1080
283 5813
5391 5471
6991 1789
2732 8689
5005 1141
245 40
9312 8449
7197 1101
7684 8258
186 6273
5572 1588
9654 8649
7034 7762
3023 6259
718 8423
7340 1001
4236 2731
6472 1228
4520 9204
9918 9526
345 164
9567 9658
8613 6764
759 6298
5023 946
2571 596
2535 2226
9245 9569
9989 2269
5828 707
693 3168
1708 4930
5900 8181
6158 420
7386 6077
9947 7732
6242 9514
7391 4856
6279 8150
1154 1303
9097 3726
1899 1632
5952 1145
1202 5942
3415 7030
6649 4108
199 8358
9038 6099
6540 5197
6520 3926
1275 6468
1659 7517
5982 9050
2374 2262
7201 3528
3565 6299
7255 5464
7932 3207
6610 9134
9150 26
6165 5799
4134 6365
4158 3173
2464 698
8371 8985
4625 9646
5453 6284
7164 1436
5335 9538
3698 2537
3067 7263
8836 322
2728 6768
3530 9339
5902 2680
9365 2068
8480 3500
8433 2638
6674 898
3337 5045
9883 7962
4692 5337
4247 1856
6774 9583
1395 472
2120 4462
7736 956
4784 465
7724 8315
9805 3627
995 9170
5695 9476
2671 4129
2114 9345
5027 5451
4391 4911
3414 9083
248 7661
940 7022
7244 2335
7495 9364
6798 5232
321 1583
5698 8046
9898 5503
1674 894
4674 7369
370 7345
1498 2484
6691 6526
7936 1082
1437 1350
165 1685
9012 1105
8708 6256
3441 6204
5621 239
1436 5943
1822 7134
3989 1720
2638 5663
2614 7312
3033 2984
4658 4532
5469 1349
1058 3405
2431 2495
4756 2597
4181 3768
3703 2890
25 7144
9094 5647
7383 531
1590 9205
7666 5580
926 304
1244 3541
7617 4277
6526 2275
8810 1996
3624 9868
5402 6056
2364 158
8653 6546
3927 2356
9436 3952
9501 8530
9600 6885
9062 1191
6091 6728
6771 7017
7033 8016
559 4650
2294 7085
6925 1104
9081 549
973 4483
6605 3338
4642 5259
9884 8569
7616 9320
2522 7117
7850 2123
4002 6913
3314 93
3641 86
7111 675
8102 7670
5325 396
4756 2250
1501 3838
2800 2474
8322 9406
5812 2964
4666 5696
1534 2282
5017 4056
9400 2868
6179 3403
9781 9494
3497 3423
9580 608
4098 7683
8279 9423
8080 3036
1674 9581
6874 4475
2055 5196
3882 7868
8160 8548
3565 9695
831 8582
3751 231
1450 9931
3635 1231
9425 7132
4654 9006
7741 8753
6690 6021
8177 4770
9057 9852
4351 5931
4327 6407
1128 8210
4276 9289
6758 7841
8984 7590
6424 2736
7821 7874
2667 1457
9106 2093
8589 3761
1100 6331
2514 7790
2352 691
2561 1409
544 6912
7341 4872
3320 8469
3082 7596
7759 9841
5438 6743
7431 1862
9479 5253
9736 2147
6710 8843
4241 5299
2604 5341
1631 5119
3132 3983
5811 5693
5392 6355
2606 2734
1227 5926
1204 4310
3522 8963
4151 8960
5706 1582
823 5186
6835 560
7333 3545
9403 1575
8845 2008
6916 476
7128 49
4460 2940
5742 9853
9296 8349
2587 524
4275 3791
4834 7798
2754 8985
6759 8461
568 7582
3648 7404
8142 981
950 7546
2557 9795
9555 9473
272 6683
9523 4732
9623 5266
4586 8919
3615 7173
9443 7890
965 4278
5688 3719
3264 2448
2181 3832
30 5829
1236 8173
6811 2186
5719 9368
1982 5274
8842 2255
1958 8365
6988 1582
3632 1574
502 7247
8748 9945
5138 9713
4224 826
3433 7488
3275 5614
1320 3305
1444 2557
1478 8255
4744 7198
7624 6727
2473 6467
8982 4431
4833 5971
6014 8465
7546 6516
5712 6294
6461 850
6007 685
1677 9440
8174 4952
5055 9494
8258 6499
2052 9737
4755 6796
6935 2380
3523 9408
8847 2506
3840 3680
8477 9854
2145 6023
6370 7858
2317 2832
8709 8324
3518 386
7765 1692
5339 2820
1187 3597
9320 3239
3334 4076
35 270
6456 3559
9679 5304
6065 3519
8984 4542
3374 1130
566 9745
8988 2883
2578 7697
1208 6096
8084 8974
7789 3423
1795 8977
7021 1115
2216 355
5192 2252
625 1649
5811 304
6953 1877
3824 5938
6419 7199
7068 6985
6944 6057
9869 9522
3754 1078
5619 1839
52 3409
5262 1847
2387 2284
2963 4603
2639 8156
6856 3265
9805 2668
3570 6758
4545 7394
2696 965
4594 9765
7951 1538
5822 7821
1061 9577
8899 6681
1416 8952
90 6679
800 2477
8963 3764
7081 1603
1920 3938
4869 1725
6607 8439
8484 1152
5834 1181
2118 428
946 70
1967 6769
7891 3028
6346 6791
9710 7763
5743 9801
4442 6543
2278 3406
307 9360
5010 2228
3299 9879
3954 9906
8318 2439
1059 4153
3620 3178
4581 4567
3248 6549
1336 1139
9577 7683
7930 9287
5446 3673
9088 9888
217 1367
3295 525
728 8305
2754 4028
8184 6708
3934 6503
9147 4994
656 2768
8172 5238
7335 1420
1787 8672
2560 1365
6355 490
653 1801
4164 9742
1690 4382
1109 4985
4907 1838
3291 7661
5866 1475
4370 9801
7978 3518
4796 8635
6286 2969
3873 3621
4389 5661
2294 6949
7026 8649
7440 7680
450 1604
7422 2141
5987 8532
7126 894
370 418
8556 6237
1893 2927
6039 9872
6445 836
8508 2731
3805 2382
6353 8195
8043 8647
5145 5070
7296 2585
2750 7747
4190 172
9888 177
8704 7015
1072 9075
7433 9629
5312 9327
2556 1352
9200 9001
2188 7708
1732 5994
90 8086
4189 8134
6733 9334
3204 4030
1920 5954
1777 6111
6127 1666
6288 4831
8682 7361
3906 6116
6990 9219
5444 9546
571 4644
8548 2760
2352 281
8754 2443
8367 2944
577 5100
2278 3781
9130 4199
9736 908
310 5863
2575 6599
694 1257
3960 4601
7374 951
3821 2818
497 4392
7462 9046
7153 9815
9327 5908
2258 7694
8852 2835
2794 1130
6617 1925
5330 6353
2834 5640
2217 5409
2239 2912
6667 6200
7513 4041
7151 1334
6860 7649
5727 4323
6695 2881
4138 6022
8789 6397
3716 7641
9233 6511
8772 5850
8437 4102
2204 1271
9743 4421
6681 1982
7333 3349
8182 4847
7391 5333
6181 4251
2982 1909
8574 9678
4790 2713
5700 3579
9110 9417
1221 8343
5929 9994
4193 4367
4096 6398
5639 3839
819 2320
5822 8152
5670 4004
2999 3061
9338 9181
7312 2321
1090 5887
1999 5881
8600 7700
9461 7710
7118 682
6053 3048
676 247
7415 4773
6645 3054
8612 7465
5375 4435
5618 1045
8440 8618
4106 7779
7800 1419
100 8890
7306 2100
4772 5906
9801 4233
3616 6919
4916 9670
9967 5592
9918 7383
365 6564
437 8978
4029 5813
3414 9647
6858 1854
8266 965
9633 6066
2384 9734
4957 9690
1834 9729
5596 1636
3963 9213
8556 8879
8884 8524
4471 8802
5907 4837
5366 6345
3816 9396
2158 7230
9043 9017
9085 7310
9983 8718
3376 2367
8452 8333
2058 287
8063 7655
1924 2026
6869 480
905 5753
9004 5377
4555 4911
214 9922
1257 4031
9318 3416
1262 8362
2434 347
5672 2417
9066 9049
4784 7519
7382 6843
7806 5445
4498 9731
7472 1367
211 8377
7120 9215
3754 1676
4127 3969
1598 5385
8001 917
8801 9263
9279 1235
9611 4952
3652 8677
4001 8437
6196 1383
5280 4003
6829 9779
3734 4302
1146 3945
2679 8267
3161 6434
9944 7289
404 1542
2674 8405
2459 1476
7669 1739
2711 7280
6691 6364
5957 692
4802 2154
2076 82
6158 8906
9862 9892
3208 1009
3838 5888
9276 7000
2323 9220
4289 2727
763 6964
1133 3223
8440 8802
4962 1152
6083 1654
7517 2041
2347 2319
4195 4424
2401 353
3330 2264
246 6539
3273 4085
2428 2549
1085 4751
1770 5375
7479 2534
2340 8612
5757 781
7415 720
1933 3498
2375 9450
5539 4722
1769 9735
9146 4171
89 2477
6435 335
9017 9709
4421 1445
2258 5506
6196 4029
882 3675
6563 3223
2288 2321
4004 9703
3041 5937
3202 5417
5388 8741
139 7158
8477 9286
1330 8566
1763 7765
8902 781
7475 3323
2226 9733
8830 8423
3763 9712
2099 327
2936 4387
2648 6940
4091 5690
2878 7293
1107 8266
6035 1246
5425 4512
533 6755
3079 2297
4521 1981
3078 1996
5304 5304
1730 4134
3728 5493
3847 5827
5820 6783
215 8469
3723 4306
4159 6602
1600 5266
4869 7636
6513 294
2148 7046
7049 5227
9344 1571
7209 2422
3567 2513
7727 5297
6647 1455
791 495
7283 6612
7278 7498
5081 1002
1804 9240
7605 3405
4507 2474
1041 1020
2768 3190
8067 9818
8418 7411
1389 5627
9833 4956
8140 7561
254 4788
9016 1046
5284 6299
7658 2563
3797 2739
3565 5602
1980 1170
9008 6487
3645 49
7508 6413
3240 5575
6232 1658
2986 7621
7286 2819
2578 5427
380 2832
216 9397
3878 5500
5697 1537
8063 9495
4277 1629
5098 6257
2800 4106
2745 6445
4156 253
2859 7396
5828 9091
9055 8814
6712 6342
1634 9290
1769 2015
2123 1986
1413 6002
7486 7110
7539 5550
6605 1816
7180 1704
8074 9980
5810 820
6426 9967
1073 9285
7363 6902
8377 6419
5717 5090
2761 7352
4381 4531
9367 6504
6517 780
2507 4004
7891 46
9555 4496
1863 6735
6200 9937
6715 2011
758 3142
1978 1831
2428 9342
8734 805
5762 4451
5895 8524
1803 277
3056 1171
6781 9574
1951 9289
3578 9842
9335 3133
4339 1198
9869 540
1136 6584
2552 1894
9727 4530
3726 2155
3873 2460
2960 9635
6912 8856
8159 8716
9133 1215
9887 5915
789 1839
5204 4368
1682 4540
7502 6022
5739 7371
6562 6876
3956 9115
8770 3683
3646 2497
5839 7519
4958 8800
7155 1871
7656 5315
587 6790
6531 475
2706 7321
2314 7911
1689 3996
2452 9192
19 8191
6564 6582
5067 520
5697 3838
4204 9343
6335 43
6863 1294
8843 4018
3165 6500
9333 3752
3291 5864
4227 5998
3186 6542
3910 4875
539 6362
4068 558
4554 632
7140 9622
1153 2837
3460 5357
2180 9796
5401 9044
1090 4245
3062 4256
746 2396
8008 4038
8261 2236
37 1447
8778 3947
6322 9318
310 391
9876 4864
1023 7016
4486 2176
9854 7947
7534 2035
7744 2936
1079 8834
7182 4141
3090 7928
6537 1099
1967 4799
3336 2004
6246 2115
5951 2569
1433 6262
2960 1309
1126 3984
8325 5613
6160 8179
3561 3695
214 1305
6632 1294
140 3814
5435 3231
1743 1973
4330 3710
6772 7666
5714 3019
9782 1666
5588 1215
7928 8548
2524 9055
2532 850
4669 8693
9030 8230
2389 9245
9535 9021
539 9676
2835 5975
2907 4579
7949 7237
8289 4721
4904 4003
7740 4686
5669 3329
5902 3597
1877 8426
2653 4410
9276 7322
3103 8307
5552 5493
7552 5088
4514 8091
4764 7350
4067 7671
1929 2016
4909 219
6738 9814
4222 4478
4501 9892
7808 403
3490 9685
8829 6143
4095 8106
3465 7199
6413 9017
2692 3966
4105 7207
2058 8870
4558 6125
6541 6488
8141 1450
6707 4880
1265 930
9359 5766
822 7167
6169 4312
6852 4998
456 948
3105 3921
8148 9519
2939 841
3486 7044
8049 5544
5915 2607
1670 2456
9096 9812
3907 5804
4692 5172
6734 4051
939 7557
1218 7108
1869 8071
2107 2326
9019 5212
6247 7168
4732 9186
8009 8218
6231 6058
3763 2146
8666 5433
4603 7762
5245 8511
3567 9938
3684 301
3989 4623
7858 5208
1731 9728
3279 3838
2054 2299
9051 8302
9467 3783
7488 7476
2002 3719
3535 5765
5866 2201
1199 470
9964 6444
8981 3531
6382 2665
3833 372
7288 1691
5580 9020
1420 8859
2859 3474
1158 1910
1776 625
5694 9265
8102 7696
2985 1637
3462 8851
3839 4661
9321 3804
1106 8303
7336 7489
969 1170
7861 8257
2861 3442
