1000 2
591 7328
9298 9164
214 1733
5723 7447
7098 97
4657 9142
1698 3320
2189 8007
5368 7266
7250 5375
8914 7761
285 4955
4020 1300
4047 1034
2259 1197
8507 2851
8525 7806
2016 8740
9539 7739
6187 6637
7837 845
5779 9535
4166 7969
7543 9534
5235 4793
4910 4150
2554 5195
9105 6575
6496 3152
7609 8756
4350 6116
1607 2876
3922 3623
1617 3462
1363 7805
100 9200
8650 5880
8735 2816
3849 6279
2350 9084
1073 7261
3234 3627
2456 2340
203 8952
5492 7812
7708 9843
3929 9316
2719 7852
2939 4336
1314 4302
2141 1414
3503 791
7294 2238
3608 1143
8518 5959
228 9591
3220 3463
3219 5676
5803 3422
4629 1296
1234 2337
1139 5164
1653 3858
3016 4593
8195 4330
8896 336
5745 2399
1128 3040
4638 4736
4183 3156
696 4412
2747 3916
7875 5966
9593 3679
9388 4222
4975 623
6559 6115
5787 8213
9973 8804
2806 8168
3134 1702
8505 8880
4102 9633
1920 8740
4370 6104
1896 5066
516 4643
8983 8392
610 8576
2072 9998
2798 7047
622 9358
3162 6410
7571 3136
5214 378
1304 8349
2081 9810
7229 6183
9443 9150
4923 3814
5254 6820
8880 5771
1464 7864
4164 2074
6440 6236
2073 9238
3284 2695
8597 6447
9106 6169
9583 4320
6548 888
2670 8629
698 9900
4813 142
9050 9737
3956 4305
6557 2837
77 8021
701 4241
96 7142
478 2169
6381 3762
4865 4978
209 3971
1147 9793
8291 7695
681 962
6325 1380
862 1139
1522 9912
876 5479
4218 7434
8316 4295
5456 9018
8536 5552
6160 9015
7721 2542
2777 2587
7520 2987
6558 8668
2780 4850
6364 3461
5812 2689
4841 6674
3829 6364
6586 4706
1843 804
2140 160
5100 7597
9179 3637
3149 5339
2652 871
7882 5429
3458 5402
8417 17
4070 1197
4867 435
4659 679
3124 9501
7353 6954
5865 3940
1660 7708
4745 3800
7869 9845
1397 7048
3482 4547
2388 6134
5419 270
1564 8878
5672 9982
8895 9743
1179 3762
178 5839
4441 3303
5340 1795
257 1206
5735 1917
8915 481
5718 6784
326 7116
3832 3809
1664 6220
9944 7084
6491 1509
5962 2163
1491 4857
1907 2671
8620 2086
8510 3062
5389 3851
4857 5647
5057 593
7565 3972
1074 3284
756 1401
400 4589
5211 2065
810 5155
9149 7301
6664 5111
9465 8156
9969 1373
827 8589
3459 9337
1651 8849
3189 6509
4497 8246
7102 2062
2218 8177
5347 2975
9578 5748
7565 4789
7813 8375
9945 6963
5677 6610
2074 5143
4766 2044
6516 5594
634 9975
4932 2286
8825 8121
8795 3322
6367 5898
5385 8586
4075 732
1562 3654
6480 9128
8443 4293
7504 8389
1256 3181
4999 3331
8324 9766
5376 4841
5360 6010
4817 292
8297 3642
8414 7092
6965 4781
2991 2350
3368 7066
3082 4931
720 9563
4059 9164
3857 1563
7553 5113
4745 2553
8445 3070
2320 3822
7911 7681
9832 2729
7973 8130
6371 6388
5222 3337
1170 8213
5687 4538
5280 8770
9470 6000
8333 3529
5165 2190
5093 2718
7304 9839
5272 5750
2909 7593
9572 821
5274 9405
3550 3248
7535 9922
9636 2758
3259 806
971 8946
5344 6252
7717 4815
2252 6050
8345 7417
8241 3438
136 5546
3277 5409
1296 6187
3002 869
7008 8276
274 558
1524 7809
480 1161
567 3740
1967 1539
2687 7312
7791 404
2127 44
6455 472
7462 4697
3911 7599
243 7188
3008 1540
3375 6011
2409 384
4288 2683
942 5813
493 1423
6974 1061
5164 8941
2600 7851
6253 392
8255 8381
437 4711
8853 7899
9408 2764
5498 9652
9953 8507
1192 3329
4518 3601
3713 8806
6285 4655
4619 6778
6079 1593
7839 1243
535 440
9094 6788
833 7350
5170 1270
2062 4023
9169 1471
6788 4667
1123 6741
3175 2316
70 7693
5918 3783
6500 2203
8439 1120
8982 4518
2714 6822
5762 3249
7263 4857
38 8096
2207 5208
9366 4270
9232 8535
5741 6020
3203 6865
2761 6378
9181 2832
4072 5100
6615 572
7304 5055
1692 6287
9573 4406
3109 5336
7656 373
193 7694
8469 2401
2903 7835
6671 2135
6371 2413
8155 9575
9278 917
5954 8460
3749 26
3561 365
599 865
5420 2292
7152 4994
6699 262
330 4355
635 523
2050 9104
2925 4953
6940 9596
7088 3312
2010 5244
2888 1288
6161 8842
9749 9911
8869 3310
276 9469
4175 5697
1761 1328
691 8460
1590 1022
2815 2225
1546 4865
1330 4471
9819 8271
4067 6908
1583 6077
2152 4472
7366 8314
3314 7116
8225 2184
426 8502
1653 4602
4200 3414
5930 4892
1875 7521
5914 4691
9747 7460
9557 1077
1931 9376
9349 5999
6284 933
2077 8436
5405 9443
6751 8719
6560 4977
904 6986
3479 2557
1589 7680
5972 7520
2572 7848
5041 8486
2539 4789
5947 2096
5867 7878
1473 5216
3878 7757
6149 5955
6194 1554
5399 2945
274 1959
7923 1178
8946 1402
3736 535
9083 9709
8055 1655
7557 3097
142 96
7887 6089
2193 3754
3967 3666
8970 7846
1423 5120
3801 7618
6674 9200
564 6949
1159 8487
8127 105
9890 1864
641 8973
1573 8697
628 9130
1795 771
9227 9682
6860 1420
3436 828
5086 2407
8674 6510
7527 2475
4129 4202
1676 4693
1151 2835
3181 9279
2941 3071
1143 3583
2045 2717
2280 2674
1848 4075
3445 1075
3757 305
2496 7194
1134 7583
9601 9808
4094 7129
2284 8223
1331 3960
2917 2483
6796 6098
1763 9738
9170 2907
3321 1215
5624 5601
3889 7472
9677 7334
8548 3434
7640 1044
628 8774
8627 229
8583 2721
7359 867
945 8690
4828 3863
1174 1624
9961 2937
1363 9132
5844 4684
348 1468
286 4237
8941 9963
1572 7489
3397 9213
8534 4026
7988 7162
4256 6571
9884 1615
7439 829
306 2267
4692 1480
3892 4654
4417 5255
3787 261
9939 4135
1730 226
8373 672
189 9945
8162 3587
9159 6696
7614 7147
3858 1870
3718 3742
3486 1158
4572 3792
3425 9265
5272 7317
3920 9690
2573 7707
9952 2513
1842 1683
2739 215
2355 2929
161 517
6516 9321
7214 4130
6468 1073
6001 187
4816 9487
1345 9388
3280 4771
8653 8553
2088 2574
8243 4662
281 8196
7175 2124
9879 9914
2340 2235
2843 2502
2753 9360
1823 9968
3491 8291
1041 9492
8479 5857
8980 9824
5245 2260
4595 3899
814 6684
6474 9058
1346 6755
7254 8522
8880 7134
8436 1220
9370 1280
3723 2123
640 5546
2092 4131
3838 3133
3624 2318
8990 2605
2142 4236
4866 6738
8136 5680
3423 4610
4738 4770
1366 1993
3292 247
9127 1729
1468 8497
3009 5191
621 3650
738 2713
7782 4577
5847 1406
6895 4838
4011 9037
9075 8877
5776 7211
4557 9200
1822 9296
3970 3189
1289 7263
3437 416
8992 4905
8914 2001
96 9536
5652 835
2250 3434
5412 8097
4840 2307
2935 8852
1345 2011
7730 7122
9223 2288
6322 1045
1584 293
4235 2874
7556 7672
3290 6548
2577 2205
8550 2674
1742 4202
3510 3992
7636 8922
2090 2477
1229 5026
1329 2575
7037 9060
9697 6260
1348 6019
7306 2933
6312 1541
5807 3869
9214 9098
418 1792
1303 8968
4467 3046
3171 7977
7038 808
6899 9129
3285 8129
4155 4615
704 1192
3676 401
7452 5024
6421 4758
7957 2733
6300 3764
6602 5515
2862 7021
7307 4166
5989 1775
7212 9161
9752 4251
9969 6652
3380 3255
4782 7535
7871 5487
8728 1547
5889 6180
6572 2310
939 4529
5044 7240
8294 1647
2755 1156
8668 63
5323 4658
1839 2536
3819 1592
6787 3789
8245 167
7044 3027
7703 4916
8515 6431
6463 4404
2612 3035
6715 3552
7565 1759
793 5859
3406 3548
7016 2075
3612 2340
6733 5452
4876 553
7044 1663
4342 5289
1831 1387
8317 9534
6303 6832
5966 2767
1237 8579
5802 7952
2132 3368
9712 2925
9228 3119
6474 6244
5194 87
8584 1928
5539 3460
2481 2583
5124 6823
7872 6955
8210 6190
6490 4513
3022 2457
7280 4260
1037 3083
2212 3169
6452 1925
6094 5680
5044 2568
1925 238
2655 509
2166 8195
3970 4647
778 9095
1470 8651
6050 9681
4841 2541
4195 7863
4998 1475
2124 6035
4559 4337
9205 1011
6262 5299
6692 1306
7868 8617
1544 524
9127 3711
8719 3098
8359 9498
2193 9830
8149 8243
9511 2990
785 3706
854 5783
5182 2978
1819 9742
7315 1024
754 3577
6324 7446
4883 4192
6063 6428
4717 5191
140 3436
8289 8499
2934 482
8329 1084
8726 7840
4074 9511
1547 4928
5295 6730
7907 7114
6472 5223
8139 7226
8800 4463
4672 3684
8655 736
113 3373
5927 253
6809 4216
8752 9744
4699 7082
829 3425
4923 4903
2937 6470
9832 8232
3200 7739
5347 9672
2963 3486
6899 1763
7949 1571
5448 6605
2307 5561
9978 8235
5814 6788
2452 4567
6533 7151
1649 7362
577 6572
2266 3514
3043 2098
1747 6244
9838 7094
5917 2801
581 2816
4565 8530
4388 13
5136 6696
5575 5115
4931 1390
1904 7383
5957 8437
4535 7607
5800 5112
4180 8067
8627 7224
165 374
3468 4
7469 9386
2806 8050
2202 7372
6581 6591
7385 1718
3287 2961
6833 8219
4351 8737
5602 309
7175 137
7917 2976
5250 2098
1043 3877
9322 1209
4251 2791
1213 1721
2177 4020
9771 4380
1392 6353
972 8778
8071 4259
1739 4905
2478 6091
3642 8081
6401 818
8218 4318
3795 3468
6416 4838
7346 5739
6048 1597
8530 7262
3319 708
1282 3090
5089 2675
9443 6061
1453 7515
320 3193
2420 2799
9284 6063
880 5685
6882 9099
4 677
2568 6421
5516 9914
2161 1564
1512 692
8826 4831
1400 109
7922 6490
2784 7366
2551 4238
4881 2872
7431 7302
5672 6715
3365 6553
2401 247
5652 2406
925 8221
8827 6441
8136 989
8006 9648
1681 6833
4480 3082
6942 2403
9572 9727
9769 2124
3965 4651
4997 1396
1953 669
8112 5319
7222 514
5566 2875
2920 6492
1096 1748
2933 9232
2737 940
8881 4418
7773 3362
7500 4716
5765 7073
4444 5534
9197 8409
186 4194
9806 2139
4864 7919
7459 2086
8433 3025
4961 1354
9518 6058
3102 2451
5290 5840
3391 4171
259 1165
7533 7760
5881 3299
4833 325
8834 4031
8735 9020
8226 8542
1160 3090
6462 8619
5176 4895
1645 138
6250 1163
6196 9352
3615 1486
5193 7007
5658 5452
8172 3192
3212 4054
6491 8046
4380 5326
2077 3116
4346 303
1658 5507
3393 8120
4126 8570
3016 5772
8708 9266
6935 4905
8619 551
6392 3813
7558 2050
9265 5731
5243 2478
9786 1735
524 4166
7061 2602
7283 1407
2906 8942
6914 6300
7062 1041
4870 79
6813 3579
9346 3749
8485 7966
4300 4877
1779 1859
6927 1045
7591 2171
3523 7377
3906 4048
1544 967
6651 8828
2375 9557
7770 9290
5857 4832
331 728
4912 7145
4308 4258
895 2793
2224 5196
7670 4003
7056 4598
5048 4647
6769 8572
2025 676
2621 3570
1643 9272
2398 4019
8829 168
3310 4687
5001 3642
5416 9913
787 9724
4172 1682
2518 6396
6879 188
400 3935
4787 5449
8582 1556
4022 608
2232 6643
4178 3876
5915 6576
7896 4744
6745 1206
9432 1746
4848 4848
1659 5636
4573 5832
7319 7091
2228 4198
7280 2629
8133 2067
8079 6715
3624 2101
7323 5856
8744 1502
9733 4659
8079 7630
9404 4824
8836 8837
6570 3684
3685 8230
9321 8259
4062 6640
5350 6291
838 2631
8920 8971
4698 7000
5687 8322
9101 3011
4179 7845
4513 3913
2505 2592
1543 1910
7417 380
747 3987
4065 4433
2218 3386
2692 6280
26 8043
2571 864
675 1492
9835 5373
8493 5522
3696 7594
8534 7876
5440 3047
1790 7946
5640 3334
9856 3057
3714 603
7045 7779
5037 9263
1165 7729
5543 1191
