1000 2
6720 5730
8544 6896
8282 755
3029 7282
1797 1287
8467 8457
8007 3080
3528 2638
3163 171
3555 2843
1856 8343
9088 553
2006 6859
5327 5906
4789 8227
3446 1510
3958 1990
8406 2240
2745 1436
9523 4543
2723 7990
3001 731
1071 6529
3369 4234
6701 6924
7078 8558
5268 6166
9111 7275
3025 4438
3181 7815
2666 6627
9325 6624
8618 7732
8865 1363
9169 8389
5907 1892
6379 8908
2624 7450
5438 5993
1685 2139
2918 8763
697 8187
4929 9809
5462 7955
4248 8643
5771 6914
5271 5097
3539 3889
2830 2405
5253 1999
794 1160
3892 7173
69 6516
4624 5507
2510 6309
7646 5429
5073 8344
3616 3
8154 9079
7959 2402
7722 3730
9317 2994
8828 2857
6884 1658
5262 2137
3658 6056
3298 7551
3230 3367
4067 7854
8875 6578
4164 6521
2007 9237
4866 5624
9241 3020
4703 7200
5423 2426
931 4741
5420 9759
7598 2304
1418 2860
4442 5077
8917 7741
2628 2147
1109 6696
2 9984
3274 4166
6506 5281
3404 1373
906 2645
4394 5609
9846 9818
8035 777
4559 3456
537 2158
5761 1955
5019 204
7033 3936
7945 9661
6084 9055
6357 6086
9040 9631
253 5546
4913 3657
6920 5819
6303 1314
1429 6149
1132 9465
6926 5692
2921 7464
7850 8682
9419 2869
8886 6452
6806 6832
6114 2890
5887 2471
8976 4927
2103 9230
474 7017
2887 7395
2837 9191
8709 4266
5341 9842
3731 2268
5535 6653
9732 3386
5335 9151
6255 4222
5604 3061
1055 1719
5951 6943
4190 4928
1871 6294
4158 2345
3311 7046
9741 6148
6238 8450
415 1579
8293 4147
3847 3829
800 3579
7215 6136
2731 3471
359 8336
6532 1414
55 2484
8357 4246
7413 228
540 1571
2574 3852
8618 2315
1 4856
766 416
6435 9060
4564 282
2889 5364
3862 105
1501 6593
3576 1860
4929 109
3274 4985
2593 1632
9231 7
1861 9772
1579 4435
3624 197
6751 3625
5054 7517
4042 1489
6578 8606
1772 9468
3971 5634
9573 5472
2228 3149
7332 7157
3258 607
2142 5852
2240 1374
5859 4101
1146 7438
8536 4771
7636 5288
8397 2690
2806 2439
4179 9384
1046 5952
8852 5018
1587 8425
490 3815
1575 7823
973 4833
8431 3116
685 671
4490 6545
4772 5637
3983 3309
408 1619
8598 8805
4309 1404
1244 8489
788 2291
4441 9641
7309 6029
8066 7800
9844 9641
5624 817
4475 4056
3933 5161
4727 8424
1706 9500
4061 5690
2810 4469
7309 1408
3274 1619
2812 4519
109 3601
6811 4551
3242 4121
580 1309
1921 424
950 7546
1242 5426
1602 5176
587 6330
3601 2293
5830 7662
7983 8641
2132 5293
49 5407
6913 2862
9926 7022
6463 6737
1574 9706
858 2154
1015 2780
2579 1965
327 3822
7392 1930
8998 7979
8260 2599
273 4091
262 8256
2732 2394
3550 2782
7801 464
5644 7728
7487 2108
4466 9061
1814 5324
1216 2829
8105 3795
4795 8433
7618 2187
363 6616
166 8623
9216 440
2714 9479
8697 5447
1873 2247
8229 9675
2712 3874
7404 199
5982 1870
9261 7797
7195 477
626 5301
4273 5422
3734 1891
7610 4097
8508 7777
2721 7725
8217 5435
7204 6914
883 9078
9162 9112
8754 1874
2987 6158
2074 8969
8028 1335
6767 5223
1813 7394
524 6087
2816 4259
7979 426
8356 6488
8204 1077
4213 6421
6513 1417
3335 7396
496 2497
6509 9250
4372 9496
5408 6446
8466 3436
7782 5233
8660 9595
2627 9185
5682 5444
3444 3662
5871 1801
150 4075
2879 4363
497 9392
5781 3833
6789 6277
6330 3299
5527 703
2796 936
7149 1263
4373 4931
6497 3033
4527 9124
2219 210
4569 5664
3872 441
7465 4022
4516 344
8386 5014
9737 4167
8847 6527
445 5178
9827 5973
5881 2623
6909 3030
3886 1282
7962 383
4316 2489
9508 6536
2699 4078
2200 6572
4519 9666
595 9036
11 8981
4050 9749
3149 2897
6276 3595
8075 6103
9568 3956
8727 6478
6987 2613
7760 4950
2997 2077
7440 2506
8614 140
6584 814
6712 1103
481 7307
139 492
6289 4190
241 9438
7087 6518
3034 5163
2622 2602
9120 1349
9080 6108
3963 6841
1058 6961
8919 8498
9467 7533
8639 6052
8348 5352
7155 8829
2659 7295
9322 8949
1485 9564
8388 8573
6082 1422
3736 8705
4024 2856
55 3105
8965 4019
9947 23
980 8866
8522 448
6400 7161
6500 4748
2514 3656
3578 5173
951 2900
4123 2437
2464 2511
1011 8547
3933 4748
7252 7958
7604 7307
1064 6570
1326 1011
6593 2307
9878 5116
2755 6278
2278 9255
1027 4792
2911 4605
9966 3863
7505 4089
6301 9969
6600 7312
8517 534
2060 5769
8493 9665
3077 9557
6235 4403
568 2829
6710 447
7945 9466
6725 223
8722 7753
5015 1633
2358 4981
5497 9864
9071 1799
9833 5672
9111 8350
6206 1172
4120 4700
838 7197
4257 7073
1601 4826
9902 8312
5273 7848
7778 1999
8072 6500
9752 3087
8134 2110
8069 3632
1974 7141
5431 1808
2813 4542
159 9020
5715 4280
3720 6553
1477 7978
3626 3079
2804 3529
1391 8077
1378 9169
77 9450
5670 9829
2538 3804
1940 608
7436 3915
7749 2867
5724 563
7410 5884
9583 3125
164 3304
9678 1642
1282 3305
4721 4086
6835 6113
2164 8213
5282 2242
7664 952
2072 202
4756 4012
811 2193
7928 8560
5060 3653
9123 2471
9538 8707
5596 9703
2012 5275
1345 3294
8580 6067
7381 5416
2180 9546
3630 7463
1788 1294
8415 3860
1497 3172
7873 2308
5366 5802
869 427
9455 9993
2898 8993
8700 8494
8696 712
3769 42
4007 2350
6110 1388
7766 8291
935 1397
5754 2723
2691 4170
6584 4189
7343 4458
6497 2709
260 7366
3136 9716
7359 6034
8710 6060
4529 7407
6773 8299
7450 780
649 3560
2169 8416
1852 3104
9813 7607
5828 2505
1777 2413
6694 9121
6871 3192
1831 7132
559 4968
6848 7919
1003 5559
3979 5532
2966 753
3832 416
1534 4481
3977 3703
2898 5830
6808 2711
3437 2636
5217 5215
5049 1911
4336 1921
5104 6168
9053 5663
1136 5902
3582 2139
1461 7562
7672 4427
8315 1505
4844 9849
5986 8822
3553 8885
4652 361
1597 8089
2998 6814
3304 8047
8726 7641
9969 3830
3809 9022
9493 4945
4924 3076
7085 6385
638 4758
813 8954
6263 5658
8804 2250
4480 2357
1135 9132
2718 2732
7222 5717
9547 526
3764 8273
8167 3733
2104 1977
2756 1598
6923 7680
4674 4009
4066 5313
8767 4880
4267 5031
538 3072
7282 5018
5429 8417
4150 8148
1150 1373
3865 698
1899 7630
8972 67
1364 1076
2044 4120
2674 8968
1801 7349
2977 5868
2662 1745
748 6930
6776 1286
2 4058
6305 5431
2476 456
3580 3627
1829 7446
4326 3728
5076 3298
3796 6441
4374 5841
562 7049
4809 2364
4398 7786
8232 7060
9531 8981
3990 6308
267 3993
367 6572
9424 2844
7028 3005
6471 8858
451 797
2586 5528
4096 6383
1969 8470
2224 2532
5520 7034
4896 9918
4821 3128
6979 4353
2109 969
661 2377
4962 1029
8950 4387
3873 5979
7393 345
4837 7845
1143 7424
3373 5239
3807 5343
3710 6032
7875 9230
3067 2771
9148 7888
5900 6128
2242 8010
7098 2903
388 2061
3933 9338
6448 7806
5317 3842
8151 155
1687 9294
7579 5061
4534 1387
404 8244
7420 8280
7475 487
1052 6624
8376 6952
2752 618
4963 9850
3522 5351
1911 7455
4689 8360
5262 7
2202 3413
163 3890
2708 7742
8951 7242
9130 9355
5487 6551
7636 2962
7039 8688
9586 5415
5641 2338
6034 604
2188 9557
5956 4100
7013 646
2460 2275
653 4662
5688 817
8552 8397
8559 7504
5640 7690
6859 1127
4241 4496
4090 1281
3184 3676
6697 8826
6015 2731
9431 8203
2289 5387
2303 9302
6033 4764
1577 6687
9427 7266
7504 7980
5663 6064
5484 1304
3755 2344
2431 7997
6840 6522
9278 25
198 5975
8851 6213
8706 8282
4417 995
3669 6721
297 9703
1485 1875
6390 913
9141 3895
8893 4805
9960 4377
6109 3715
6721 8541
1712 3562
5063 990
3587 5262
6965 2438
1476 5672
720 5893
6668 4390
2615 6966
4093 4101
8841 484
5014 7983
4380 3907
2788 4340
8285 8897
8055 5006
7439 9768
8568 2502
759 2156
7765 7725
4594 9241
3397 5314
5135 66
9704 7750
7033 3798
1852 5874
4282 6866
3858 8662
774 6646
3003 9060
5544 1058
4067 2983
827 2636
5486 1586
4792 3251
9311 9386
2492 2709
4701 7627
2776 4405
5378 9809
8204 7230
5684 2487
4097 9542
1149 4872
6188 4152
3932 1733
5211 7999
4716 6039
635 202
7625 5428
3454 6937
4814 5946
9646 9515
3574 2422
3921 8952
2232 2125
6183 7916
4612 280
7459 5762
5153 3647
9915 9086
5380 5127
7086 97
1166 7721
300 8791
3149 3754
5729 7964
9701 5375
7479 3275
7798 1401
2228 31
3527 8411
7947 8139
8692 5406
3902 3845
9054 3817
2931 4435
8944 17
4533 111
7739 4833
8902 889
8587 4631
8854 8288
7 6333
1564 7806
7735 3792
7837 1262
2203 5785
9402 896
1192 3304
4741 247
7122 7673
4683 6067
7691 9216
6178 5431
4050 5080
6321 2637
9712 5175
926 9720
1509 2490
7527 9244
6283 5364
506 8487
1150 9908
9383 2343
3213 4124
2590 335
1798 7273
6402 9490
6490 2580
4921 540
7661 1242
3178 7374
6418 4104
7094 7927
6595 4621
7172 2879
9986 7679
1366 1137
7587 749
3480 801
4874 6070
1136 6672
3344 7539
6162 9835
120 1084
375 7781
2327 3553
5156 8746
7658 2251
6673 4254
6873 3845
7133 6859
1524 8499
7996 9112
9249 1477
9914 4123
7547 1050
796 892
8590 6959
727 8710
8043 1103
6492 371
4656 1648
9117 2315
3899 5791
6570 773
9637 3703
7632 1162
2203 5629
275 1452
7106 189
5576 4654
1240 6372
5546 9830
3331 6274
8541 1375
7377 5033
1746 2034
6682 863
4349 582
6655 919
1355 6292
4623 8988
7454 6827
4617 7729
8280 1724
7918 3856
6378 9158
228 1925
8989 3560
8199 7530
4935 5577
2564 6681
7611 9247
7545 1960
9830 4201
2880 1185
493 7503
174 7947
4330 4792
5677 2610
6516 3596
6466 2895
2755 6695
4821 1744
255 3021
9275 5191
8598 1840
1873 6209
1087 9419
8170 918
3620 1051
2103 4113
8554 2278
2061 2885
7070 7739
5495 3587
1335 1962
6483 4090
8658 1304
5835 8914
4325 5111
4105 2924
6951 5979
9134 8039
5398 7305
8957 9018
8356 1061
3132 6910
3339 5193
9796 410
2932 5291
3997 4268
7254 480
8358 5913
1785 4194
4827 6111
9305 8933
9035 6257
4912 8170
4297 310
5475 3255
9328 3831
4316 2460
742 7656
7654 538
8067 586
5830 2064
4854 3084
2545 3213
8997 4330
7408 3825
441 6713
2758 9477
2971 7670
7647 7268
7980 3122
524 7309
6954 4841
9770 7696
2497 7424
8234 565
8011 4064
2630 2866
7149 5175
6080 6147
9506 3488
9972 9948
202 2730
9426 3174
401 7073
443 8382
196 967
5691 7150
5808 5462
4847 8306
2887 3081
8871 899
7146 1501
3765 4296
6677 9846
443 6184
3335 416
6132 3537
3147 5559
6712 3548
2632 7155
1930 2829
8122 7622
9979 3930
3085 4826
2237 5972
7908 1108
6871 5055
2610 637
9352 9287
484 9796
5471 3819
212 1604
7357 3359
7163 4069
6908 9796
1224 8839
2625 9347
6462 2604
3278 9547
7431 5515
5519 5340
6623 2391
395 9233
3028 9748
8521 3513
9544 3992
7332 9756
5597 4689
3116 2760
8759 25
2556 9983
8864 5181
9330 5326
7786 2608
4873 5218
8124 393
558 4747
2784 954
3981 5813
702 2502
9326 246
6495 6659
3 2092
1348 3119
4852 108
3145 7408
