1000 2
6645 1211
2467 5343
7612 9148
2384 1283
2849 2131
6525 7208
6712 6055
479 2473
4515 7661
55 1587
6269 3975
3539 6778
517 8854
4114 9359
4336 6599
4079 981
7810 6547
6325 5423
5696 8709
6706 8545
840 3232
5754 7553
9287 6234
27 3803
3895 82
5390 165
4058 8929
6943 4576
7783 1057
3935 2120
7656 8014
3102 5467
4562 9427
890 258
8136 7597
8803 8977
829 4558
6530 116
792 6557
3919 4688
6640 9310
4854 699
8239 1797
5275 6023
2855 9211
8143 512
7226 1246
5979 1788
673 6869
2046 8809
4466 850
7786 5296
5408 4317
5413 6201
874 9333
890 7514
8643 5744
8214 6882
7541 3489
2906 397
2701 1050
909 9927
2296 6889
1715 2969
3759 3761
1779 8226
4611 9565
3522 20
3883 8936
6221 4757
8269 7111
2272 6912
2856 486
3795 397
3976 6701
795 6677
7752 1705
6604 48
8594 8320
3018 2354
2081 4797
581 6692
4362 4103
6713 8245
3039 2934
3003 1309
46 5276
8221 2902
5763 2017
3300 9740
8718 4096
6418 6470
5801 3023
6519 4396
1343 9537
6751 3424
4334 7332
117 8697
1436 6830
6943 4475
9765 9947
5785 9812
5223 4006
2715 986
6024 6016
727 4742
112 7145
1213 5914
168 7733
310 1511
7270 7061
4936 1605
4393 5054
303 5829
1885 7247
305 1650
7194 6091
1463 2418
98 4178
3405 6122
195 4132
864 307
1277 2078
6221 1445
9811 6532
2957 7082
3594 7894
8688 7988
2948 8991
3818 4833
6238 4124
6484 3433
215 7947
5851 313
2126 9256
6435 2321
3388 7300
2628 4666
9379 8850
6112 9191
5383 9069
6274 8977
6963 4962
6966 9912
3954 784
4745 193
4909 1229
3626 5124
9177 9478
5438 1303
8734 1874
3624 2123
9175 6253
6789 8554
5104 2901
7746 487
1971 4020
9465 8934
8983 6431
8847 2938
7216 3592
3131 2125
4822 6758
7250 3999
6236 2689
5302 4971
4563 8926
7094 3738
5180 3883
2293 284
6785 40
771 8756
4060 237
7690 3044
6669 6537
5982 3885
130 9113
6011 4952
5872 3262
8951 2109
5951 4253
7080 514
3180 4174
4253 8360
8058 6547
8645 4843
6587 9416
3599 648
9654 1290
3692 6323
7828 9675
209 7958
8789 6220
2911 4661
9482 1862
6770 5433
6116 3851
5948 9296
8025 202
7657 6084
6750 6302
927 3337
5719 4527
3986 5373
5817 7679
1697 3646
7354 1906
1605 6144
8127 4516
805 7609
6378 7576
3043 2495
1427 8992
1792 9453
9195 9449
5537 5945
5752 6465
9283 1471
993 3269
6845 6811
949 8542
457 8304
449 2062
4448 8576
6578 5254
6186 2957
2831 9229
5453 4259
8222 7245
3712 7417
6694 9250
3363 2446
5716 2646
3918 6709
5916 763
3520 6865
9306 3978
5170 9755
6040 9618
8331 2619
4872 4517
5577 7704
3747 1030
1963 1970
8275 5675
9388 4970
4926 2751
7417 643
5398 1335
7352 1314
2099 873
8180 1406
4852 3350
1161 893
2968 9493
3512 7841
4011 9090
5545 7758
120 7508
9728 8396
3184 9116
3366 8110
1868 784
8753 7266
2120 6106
8580 4220
6980 6760
5626 1832
111 6788
2725 3080
6281 6238
921 292
5328 6467
8051 5449
3975 7780
3846 7160
6896 7213
5271 8764
7997 4025
6031 117
131 4611
4337 7112
1372 9964
8944 1483
6752 1670
4564 3034
7908 5485
3326 3237
1952 1378
8687 5928
9158 2533
3089 6055
9746 8360
4820 7743
2385 851
7861 2516
5462 2199
9629 6835
2163 8573
8319 8916
244 2883
1950 8153
8368 5277
1390 321
6655 78
6250 5813
2611 9339
1868 2357
7700 6688
101 85
7539 7963
2602 3002
162 2231
9837 2325
805 8156
1242 1049
1040 3192
9203 9409
8469 593
9731 5124
671 5981
937 3283
5321 2806
5641 3021
9495 5742
3107 7034
3705 5709
37 3868
7941 9874
6194 8746
8031 7436
9796 9071
628 8999
8480 9097
9593 8212
4222 265
4194 5159
3548 9515
7966 9189
2537 7461
4932 5645
4496 8637
1354 4533
2506 9296
4408 8700
8042 2439
6136 7839
1511 6764
6838 9992
5862 6432
8204 84
6697 2398
5244 245
1914 3210
9435 4452
672 4367
97 5169
3005 1452
9702 5512
748 4110
4212 8791
6550 348
6630 8062
7113 3468
8055 2975
9901 6260
3060 6598
8659 8304
6844 573
1515 6280
5026 2187
647 5123
7356 3653
6576 7059
9165 7324
1170 3378
6115 7721
3726 2745
5783 840
6214 3838
3816 6115
99 6876
2714 8758
5180 9558
9331 6695
5838 4358
8883 6486
9481 6240
140 6058
3299 9306
3382 4469
2684 9498
2191 6411
2244 7974
7252 8459
1813 1068
4575 1912
7944 7289
671 3124
6848 2
9820 2687
4361 8703
9173 3843
4943 9314
9901 8243
8621 3283
2713 1306
2782 4904
7717 5026
2879 4969
3485 4693
6037 8061
6606 3982
5350 7277
7106 2198
7280 6927
4885 1641
5630 4059
5484 574
3374 5385
8817 1995
8669 1531
3301 1451
6435 1019
6478 9315
5989 9964
4008 2027
8025 615
6009 3376
7892 3116
5574 5172
43 460
6814 5674
4520 2298
6248 7895
7684 5066
9890 6354
6597 3192
7806 3033
4212 4284
2349 201
4249 6358
2229 2274
6973 8238
5650 4865
1355 1225
38 1398
1686 6852
7072 6207
9151 3321
4102 6835
8387 3993
3190 4985
7186 996
8019 1398
5280 368
1600 9530
6726 3829
1804 3699
2068 7455
8565 3423
8681 8603
4821 368
5456 1894
6576 4607
5216 679
1443 3603
4673 4633
8589 1859
5629 6609
3258 910
6978 4858
440 3705
8688 2245
7405 756
9701 5970
4179 8383
4574 9001
8752 30
896 5328
4638 6112
6008 6081
9716 681
715 8306
2540 6344
4915 5799
7255 1893
657 7696
5599 9346
9942 3004
102 9644
8975 4282
8028 3549
3283 6780
3580 4180
2109 8218
292 8117
4299 9
8798 5015
8315 1339
1359 3231
7138 8615
5124 7796
6312 724
7142 6254
3728 7244
5899 2703
1526 3927
6253 4810
707 9833
8991 2816
8052 9284
933 2352
9293 9732
7367 7609
1071 8727
840 8209
7342 5965
6006 3654
6689 3148
9909 417
392 5808
3121 1919
9735 9375
6730 443
9208 5721
3260 7261
5005 4194
9613 4299
3926 6980
1908 4998
5707 2748
3207 3050
8713 9213
6705 5403
2362 6614
5820 2755
2423 8942
4674 2159
8317 1405
2602 7526
7126 5863
4787 2132
57 4401
6431 3983
1381 8340
8981 7088
1089 2189
139 9802
1403 6844
5205 3765
3459 1026
6520 5882
9969 1195
8042 8287
2600 645
5814 9727
6508 602
1860 6565
5003 8292
549 6384
6632 9531
3473 7721
1721 3612
7524 3125
457 2730
6890 3916
3756 3411
9799 3726
4607 7842
2013 7207
8487 7827
6935 4995
8429 8795
1561 3433
7087 2111
9817 3719
1643 3291
1441 3364
6903 8965
6489 7361
1695 3380
1277 5452
6792 1077
9178 1399
8919 1192
8606 7406
9020 5542
2402 7450
4337 3964
883 1424
6076 700
5144 7719
3991 6586
1084 895
5551 7573
8257 7247
954 9534
2700 7746
612 1879
9145 9531
3071 7752
6938 2092
3294 9341
9542 7631
3305 425
9056 9381
1126 4201
7101 5118
787 8185
6014 6339
5758 4271
3587 6713
3806 6287
4459 4418
8166 3604
3950 1238
1356 888
3330 4651
229 2872
2282 3535
3298 1339
2917 4424
5540 18
9542 6327
8203 5556
2667 3962
9828 6254
675 3634
2542 5135
8052 708
8740 2003
1947 96
2891 5278
4748 3121
8150 7030
6657 1449
8370 9575
5873 3910
9593 5416
238 7797
973 2905
1760 801
9160 2436
4436 1702
7571 2488
2411 6311
4491 4358
6408 7383
9636 1156
505 7787
8187 7163
9236 6557
6738 5110
468 6331
527 706
4129 1500
3612 5889
2302 2772
8326 6738
4475 5897
9227 6886
2208 3719
1244 8617
1103 881
9773 1608
8668 7961
8771 7905
4518 5510
3016 4986
1842 3543
5693 5971
5044 9305
1861 7347
2078 187
4085 6553
6085 3313
3439 8294
7032 4684
6911 8135
5565 6685
9744 4234
4646 8516
2139 9165
4026 5156
4152 5868
8699 9846
1840 3744
9151 3701
1091 1230
3889 5177
7784 9974
8490 1223
8268 5523
5908 5180
3659 1473
1866 3403
5707 6512
1919 7847
5678 5946
3004 9831
1814 1703
9677 3654
5448 8829
7356 6540
59 1245
1717 7843
1220 208
9067 9489
5731 4975
4670 9391
6449 6536
2794 2157
3049 4714
5 8728
660 3009
8559 2475
4713 8236
6129 161
7065 3486
6701 7125
4732 8419
4969 5953
8628 4037
5442 4360
9012 113
3751 5462
6649 6545
7619 9698
1259 7624
8426 1920
633 6986
4395 5346
5222 525
5508 2288
4011 2209
9414 8743
629 4383
4696 9257
8421 139
3617 7433
252 7369
2896 6901
3914 515
6600 5174
8139 5027
7094 8773
2013 1490
4119 7236
2015 9627
9524 6026
1837 8939
4770 2467
3323 9467
1725 1744
9606 5342
9177 9859
2711 2074
6761 6626
2589 3361
1801 729
8389 8896
9502 403
386 3622
7639 2401
3250 7164
8428 5088
6103 3198
7555 9426
2666 9281
1170 2272
4623 348
2131 7335
2423 8892
3962 5012
2254 5763
5742 643
4660 5245
1047 5046
8868 8686
7448 2118
5851 5877
7207 1955
9076 4763
1381 1742
4044 2552
4014 8668
2901 6146
6004 5324
5038 9966
337 7293
5730 6079
7937 390
1324 8984
5437 192
7671 2886
2311 3522
8763 9519
5477 7839
4282 6859
9581 8327
9412 3596
6995 2313
9742 2999
7638 4781
2966 7976
2074 8697
4055 11
9088 5380
8996 4526
5573 6667
7412 7885
189 6175
7404 5667
4015 1687
2526 3596
14 1939
7192 7009
4253 6935
9 1891
1716 2976
9867 3791
1674 3923
3803 762
9303 2799
5288 4877
9467 2700
2762 9657
8876 166
5324 2891
1854 7851
6488 1868
9790 3681
8878 4043
616 8888
5935 2333
1865 5803
6125 3539
9726 9929
4301 9030
2728 9590
3907 2196
2291 6670
1853 1167
6837 7177
4059 8691
5029 547
559 4819
4228 9438
8862 4845
8326 4798
7179 191
601 3304
3730 327
3233 8032
9357 5962
7622 3265
8158 9913
9935 12
1081 6772
7190 5140
5463 2219
5688 6023
7038 9917
5462 5901
4762 3788
699 1941
3980 1300
5245 7711
1628 8479
5744 986
4441 3366
4251 2600
3280 4187
2612 4362
960 9802
9503 6424
2021 5191
2447 9060
5108 7909
4961 9871
1698 5661
1813 5679
6962 7059
3391 8591
5538 9135
9577 9979
2502 3829
2580 5783
8017 5192
145 8977
4994 9648
5401 7016
4840 7849
6076 9949
5759 1038
9821 7457
6699 1634
3137 3662
8693 6528
2253 4231
5663 1830
4211 8165
5660 6791
3949 3677
1984 4094
2654 6979
3743 8055
3995 8584
5905 71
8534 1664
1110 8355
9122 7810
9989 2259
1472 8683
8787 3725
2915 4451
5556 7126
2617 1216
3918 6566
4894 5902
660 7548
2881 4404
5604 6877
2989 1510
6949 1523
3174 8059
9878 2296
5869 9868
4555 7341
8552 3343
1067 1467
7794 6624
8594 412
7841 2512
6978 2735
8415 7639
284 1297
2043 5889
8174 5033
7399 5123
6556 573
3182 6435
2869 9052
6304 7425
6393 4856
769 7461
6323 8563
4085 4917
8975 1926
7430 5954
4662 5845
3593 4946
7142 5637
835 5317
670 8234
440 7227
8808 3623
3662 1677
2675 9966
9103 9069
4822 9872
6530 1145
8436 616
6063 7412
2542 3493
3366 7205
9339 6960
2151 6482
2597 2987
1799 3268
1221 2240
495 30
5863 4157
1708 8538
4124 811
7608 8946
684 4138
92 9120
4755 6156
6532 7297
9649 9899
4503 8988
6859 6654
5471 9457
9642 7270
2725 864
9510 3220
894 5373
7378 2602
3912 1502
3413 1521
449 4097
5659 541
3218 414
6697 9751
7712 6347
9650 2215
5336 6510
8870 807
