1000 2
6087 1802
609 1817
5989 2706
8348 4439
2687 3799
4121 754
245 55
6297 6250
6209 2795
1704 9948
1108 2444
3278 3390
2429 9336
9192 9568
8368 4533
9912 4455
6336 521
6273 2326
3227 4621
6765 5915
8421 886
6670 8666
941 2967
4916 7151
5762 6621
7099 6870
9065 378
261 1494
9714 9453
1063 8082
3987 975
2538 324
1497 8812
2650 4724
3434 9416
640 1855
303 7310
521 1244
277 5438
8396 6039
2059 5495
2910 1125
5874 3171
2619 5588
2625 3683
3671 6613
4658 6210
6938 6156
5022 9588
880 8456
9005 1521
312 9308
8831 834
553 9108
6272 8949
5148 8332
4445 8059
9457 319
1230 2077
5908 3856
5760 9580
469 419
5791 7407
6575 813
6996 7456
9270 6002
8978 9582
5310 7809
416 5863
6918 6689
4812 2066
5022 9258
125 4480
9577 1356
6557 5486
5212 2318
5066 5682
2738 858
3090 9314
1671 87
6771 942
6089 5749
525 1399
3558 942
7263 476
7632 2076
2543 2654
1334 2669
7135 912
4026 3692
6398 9238
6011 1465
4921 8749
2323 8011
8063 3995
8099 4834
4937 4188
583 5463
5587 4142
6405 2851
4618 4038
4927 7162
6692 6261
9831 3827
7174 3857
7520 3572
3096 3532
5037 8018
2281 7361
6029 344
1356 4129
5179 6294
8317 5762
1758 3905
9905 8164
6756 4523
2202 1684
1685 8895
7945 1517
2723 5119
5375 244
8692 8471
3776 3730
6489 6057
1091 2519
6402 2448
6648 1581
8743 4965
7344 501
8871 7249
8665 5627
1773 868
7311 3459
9763 5257
4976 2486
377 351
2730 9069
8823 6506
2800 5312
2564 3892
7832 8966
6340 4480
548 5084
9446 7893
5585 8317
5142 4251
3945 6916
5119 1257
375 4882
6514 5351
7369 6892
5703 100
5962 4526
6607 8762
9839 9171
2654 7671
8138 8995
2152 8686
4079 1599
6580 9665
9916 1722
3916 3862
8638 9036
5119 9014
3919 1633
4366 1288
8525 69
1389 4487
4596 7996
3250 4436
7168 5904
2107 5307
4900 4260
3994 8979
5859 574
8644 5776
2296 2561
9638 935
1597 4757
9949 5516
6391 4316
6805 4917
4386 8194
9405 8982
6191 2655
3419 3359
8559 5527
8666 3460
9787 2660
2439 5647
3234 1084
1423 5531
3645 1061
6467 5242
5819 6417
758 2210
733 7564
7127 5119
5758 6532
4102 1949
9187 7521
5309 7747
3048 3976
1207 2836
6637 3647
8483 9872
4731 9906
5403 8376
968 1871
3619 6787
8288 4378
8998 9022
1942 6125
4141 7701
2658 8244
9650 1846
5766 4960
9594 8815
8936 801
1651 5573
4449 135
5445 9180
42 849
7557 1010
2720 1176
7798 1009
5555 6796
31 7497
2922 4173
5198 5580
2417 4849
7426 8184
9810 7020
6999 8746
7822 8651
4320 2272
8786 9766
1452 8829
615 9010
9839 3336
187 7638
4345 5742
4434 4377
3240 7356
8550 8439
2936 968
3289 363
9152 3099
7384 6151
1846 5206
4803 6166
7478 3590
5933 8931
2419 6549
7942 2259
9885 8129
9897 4231
3872 4331
8608 7113
1687 7159
5552 4624
8127 8842
4987 7279
1942 2371
3431 3788
7578 8235
9955 5057
1825 5888
3989 4245
2437 1931
6504 2323
61 6401
6555 3933
733 5163
1046 2421
2323 6599
7046 450
5441 2034
7729 7384
4406 1161
1172 1984
9396 1127
7042 1221
7016 1031
5466 9453
2963 1971
1777 3024
8373 8332
6957 9106
3496 8004
1528 5819
4603 8574
6269 45
608 3999
7429 5014
5160 8602
6999 4556
9729 4041
5778 6745
5073 1245
6199 8036
3216 7976
1060 1589
6309 8018
696 9805
6022 2224
5625 626
798 1894
671 1407
5894 8101
6422 1054
6703 3421
5611 6433
7463 1390
3179 2536
2635 9379
573 5852
7356 1634
7442 3665
9652 8138
3471 5674
363 9096
6300 1162
991 6972
2569 6885
5074 8991
7940 1778
2413 3552
8212 9876
4942 1391
2413 7577
771 2986
3430 8127
4620 872
1793 4272
9010 5264
9947 9374
4360 6248
536 5352
3221 3105
2237 8295
2097 177
73 4510
3729 8285
4387 8672
9677 6800
6250 448
9787 9680
8576 4407
552 369
8680 9563
5634 8628
8937 9994
4876 9474
5346 8097
2580 7584
6393 4677
7762 6467
9188 1491
4753 3575
164 4431
376 6414
4880 163
6094 3456
4571 6647
3826 3251
6211 9460
1880 5149
9455 6756
4623 4801
4854 7203
2386 1248
1881 148
7715 1070
1640 2468
4645 1804
6899 5022
8218 1779
5185 4313
5236 9757
960 9062
3008 7172
8522 4889
2321 7977
1645 6944
2779 6500
4148 5165
7748 6029
5314 5464
7099 6954
7933 1745
8758 4832
6767 6977
6612 1953
1290 1848
1710 2251
911 4719
9423 9434
9608 1744
7411 1254
8689 191
7755 2837
5357 5504
8866 671
968 5966
7625 8901
7712 6384
3734 4479
3362 347
6433 4652
2196 8144
6904 3107
2863 6327
2541 2472
8072 9953
3727 6761
145 1482
9598 5502
6987 8465
6174 7955
4432 3800
6857 2144
184 591
6624 3546
938 3057
8199 3135
1201 5103
6242 4065
1431 8784
6538 9503
8738 266
6264 8883
1748 5863
4386 8736
4328 560
6691 8760
4360 3549
905 4545
4140 7529
8092 5079
586 6291
8214 1788
1395 4457
5854 2826
3242 2393
2329 1980
2659 8594
863 4408
4457 5250
3144 8786
5811 9836
7547 171
3385 8452
4717 7526
5982 2809
2606 6568
9101 821
8357 496
5278 4212
3323 8520
6605 5653
501 9265
4247 1365
3673 8705
6615 6817
7492 2426
6654 5040
2598 39
3493 7315
7565 9475
125 171
6044 9227
993 4402
9723 6271
8614 3047
4792 5220
8700 5293
4485 2948
6659 8158
1654 3274
4976 9146
5701 1630
4187 8300
1669 7680
5615 9235
7156 5741
9407 3200
4968 400
7603 4692
6672 6217
7739 1465
1437 6439
6759 5922
9388 3418
4081 1042
6693 9057
189 2394
688 4376
695 2357
2057 6310
1593 9213
2052 1001
2414 7021
1401 17
1713 8074
6235 9452
9540 7673
5892 6299
3595 5280
9718 7677
6323 6411
6734 6512
8806 7422
888 9501
9780 2945
5812 1374
2159 7865
2375 4574
4886 3777
4592 6599
1852 827
6052 1392
8501 1945
7691 2097
7225 7410
9774 3549
3821 6509
61 2628
3932 949
2129 3713
3895 7942
5087 6055
5807 7463
630 693
1241 5222
7293 3093
6050 3345
4486 4551
5290 2178
6648 2516
9588 6423
6065 3409
2932 6126
6038 6864
7076 8168
578 972
6110 5665
7028 1918
3129 7658
2612 4370
2880 9905
7464 8931
3251 1950
3483 8541
4128 132
1058 3716
6555 7123
7126 9488
3250 3164
6353 327
1333 6931
1299 7443
2597 8327
9362 5726
5986 1974
97 8867
1880 7562
7798 5131
9512 1282
3673 3641
1414 4731
7358 7970
1855 4484
7459 5106
7649 3812
5433 8982
744 6733
6426 3341
5061 5789
9068 1047
7763 9165
9914 9644
6728 7713
4775 6240
8995 8448
9881 410
3180 7239
8380 5036
1724 5839
142 9374
9652 5576
8356 396
2309 4783
3738 7370
572 2806
8418 8336
1972 8332
7980 8700
6045 2756
4941 5041
1205 4822
5451 4385
2062 3832
9422 3787
9672 9564
3161 9324
5141 1518
9721 7450
6302 3459
4821 6874
6266 3239
5211 8238
1572 3192
6939 7617
5948 1880
2659 7153
6703 8110
1539 8765
1943 961
2553 1615
526 5714
940 5667
7233 661
3118 3535
4121 7940
410 387
1179 5621
8626 2751
8813 5565
369 4762
7445 3029
1915 4148
1139 3455
2914 3082
4416 5467
4698 4943
1182 5638
611 8415
6300 3729
1950 421
1670 2361
808 2849
7982 9435
5601 6796
5000 5971
1558 2445
9000 3474
6594 140
6929 9509
3223 1346
4976 7921
6289 6159
3560 6901
4575 9860
631 6525
281 2301
8887 1090
5151 6870
525 752
3666 5526
6724 5225
7972 5725
8700 4566
5866 5629
4076 9090
6976 9052
7011 3265
5212 572
167 9787
432 798
6313 714
3099 5200
1804 8250
2070 2330
9003 5737
7856 5728
962 5829
1454 9662
395 7320
5292 4471
6410 2268
3524 3422
5534 8737
3994 5701
8524 4427
6500 4838
5141 9599
38 6946
7850 2109
9277 6854
7846 7134
2583 8809
2963 4037
8472 3359
1358 3765
7831 7769
6033 1356
1191 1568
93 5186
7269 8618
9614 3769
3456 4755
3369 3495
1701 1220
5604 979
8074 3451
8113 658
2261 1076
4695 734
4435 6053
4499 2267
3822 532
3623 5014
2100 3716
201 9370
2335 9815
3140 5791
4571 6510
9287 6273
7730 4892
7252 5805
8344 5365
6463 605
6441 1159
1339 877
7213 5838
3144 1035
6371 6767
6050 8472
484 6252
7843 2820
6068 983
8611 639
7493 7899
6912 5224
2791 4164
1029 1135
9529 7493
1741 5971
8652 3081
6849 5865
8920 9994
6901 5291
6762 2952
3764 7246
9204 1607
67 5272
2590 8679
5911 84
6578 2824
5308 9370
6988 6338
506 6518
3831 2247
2490 2483
5328 9339
8349 4249
9333 5250
9540 6095
8202 3305
3342 7407
4912 3409
2680 7503
2088 8592
7587 8667
1416 2896
8037 8405
9234 8543
4923 3065
791 7413
5549 6120
6753 3898
369 6087
9149 9909
2183 7352
3215 5526
4760 8127
8936 7440
5630 1025
6032 3217
9692 7449
6113 7729
5854 5348
6273 778
8413 7064
8192 3963
3184 4945
7861 3554
1033 7011
3464 3216
4363 6679
8742 9123
4806 7678
6563 436
8703 2596
3654 8396
46 9768
6126 5900
5116 2399
6679 3530
9464 4871
7493 2649
9817 5355
6203 850
2366 9667
4066 6730
6347 2809
5853 1153
487 2417
1590 9191
5014 5245
7587 5060
5014 3713
961 131
6113 7640
3661 5577
2512 1155
8227 2329
6511 4430
3180 8877
4098 7246
5607 445
55 1461
1599 543
3878 3189
9734 8892
8435 7321
3953 3449
1034 4914
3580 7147
2555 7242
2725 5067
8397 952
7397 4908
5383 577
3786 9482
7824 9394
9927 7879
855 1527
8423 4734
4716 8157
3627 3152
5478 7580
6601 6513
2495 181
3661 5051
7424 6387
118 5821
7340 7516
730 2723
8093 4517
2205 5918
3911 2133
3797 4767
3660 2220
9501 8377
378 3129
1529 5857
709 8130
2371 3205
8312 6033
8256 5736
2420 8375
1558 9760
5891 2289
2483 3985
6807 4689
9903 719
6822 3701
5486 483
5922 4988
8861 6300
8117 390
2158 8827
8521 4529
2033 6834
562 290
2571 2983
8665 4130
2743 4557
6420 5227
8543 3227
9916 8446
3946 6739
2148 9433
7223 8071
4421 6084
4372 2539
6475 6530
1367 4997
1059 3401
1831 1622
3691 4403
4605 2356
8533 7349
6914 4953
2576 5457
8180 2493
3904 2127
9233 6052
1560 6456
4124 5982
2541 8496
8522 9017
5026 9890
4014 6086
3291 5846
7709 6982
249 2314
9339 8782
9664 6253
3736 2240
1711 1917
4734 5615
4044 3967
1668 5605
424 5792
1587 2966
4288 110
1983 9315
0 5997
5401 3291
1843 3110
274 2093
5425 9613
876 5089
5867 4612
7330 7578
6529 2064
3194 574
6032 4863
6179 6457
655 7767
9423 4944
7877 1407
4259 7878
7404 9661
1169 9248
2772 1443
1342 8198
1057 2218
3288 6924
6830 618
4503 3360
2683 7697
3935 8716
2561 115
5173 3217
7883 4596
8161 5761
6003 2421
3639 3408
2083 4808
2657 4855
6252 3999
3054 7309
6217 6342
4234 3048
6961 8738
6409 9644
6436 344
8360 8997
460 3533
2214 8343
8130 375
4104 4134
2797 7743
7543 4880
2552 200
9736 8805
4199 2790
6115 417
9132 349
3465 6094
9087 9875
5738 5524
220 4099
4521 680
7633 6735
9023 5763
7111 3128
9898 9909
871 7441
4789 3424
7642 4526
2229 1842
7316 8344
2259 6449
8694 5725
2543 7782
5600 8282
3306 5820
2381 7828
6501 14
4563 5524
5778 1675
8652 5677
1584 9524
3118 6374
2949 761
