1000 2
4419 8459
9341 4837
8192 880
761 362
8214 5235
3159 3737
9112 3411
6244 891
392 6694
5008 5077
1818 3671
2883 5142
4396 6423
5680 2109
4039 553
5149 8458
9013 4490
3296 7206
5371 4057
7569 3586
9293 728
7323 8405
4139 3567
9297 4531
262 4305
9609 2081
7977 2492
7223 2374
8916 2904
4484 2956
3458 9633
1414 2471
4124 4711
9677 9495
8769 7247
3081 8062
7975 405
6467 2115
3973 5765
6647 4235
71 6256
6317 8048
8749 3541
423 7665
6445 4907
621 9904
4540 2036
2375 8664
6747 2053
8160 5516
9300 1242
3578 7276
1647 46
9392 5621
5812 6039
9857 5883
2296 6174
3932 1045
9715 4355
8711 6161
9262 9333
6065 3803
1369 8441
2468 8117
495 628
3633 9795
1870 7212
7072 3518
7259 6464
9139 3072
2504 8996
8955 4800
5171 2888
5846 4887
7243 4558
1048 6506
3891 7114
309 5260
5556 2777
3377 6051
3406 7011
5847 5276
4224 2920
8795 1484
9384 7934
4556 1889
6931 3512
6690 2102
6400 2536
6989 3644
7094 8038
150 986
5153 460
6246 710
3238 9624
6762 6644
6636 2609
1921 861
5529 716
2346 4914
8651 6902
6803 5582
415 3493
7685 6815
6030 4675
459 3125
2714 610
4111 7867
1071 358
8578 4309
9983 5340
953 6620
7949 2874
7482 3479
3591 9828
8394 2242
6731 5198
7825 7146
8692 5511
3962 4723
187 4422
7848 2901
5032 1960
769 6103
2319 9347
413 2303
4687 1366
8923 2637
4241 6405
6117 7833
6233 4512
76 2965
9710 7902
111 8403
3413 4073
3126 3600
8495 975
6502 3528
2935 7271
9632 5255
6619 45
7558 1306
1412 6481
3944 5654
2887 62
3487 9121
4574 3564
2086 4284
1466 2198
2687 4880
6271 5814
8481 4767
6789 4983
8296 9724
2255 7929
4980 8874
7975 2538
181 9388
9020 4126
5042 1907
4188 8530
1029 8762
2095 3115
3047 3561
5314 5734
8442 1586
1549 6923
6354 8338
1907 4650
8063 4162
2580 3043
3037 555
5582 3218
9943 4602
7344 4986
6510 1532
3517 7539
294 5613
655 3342
9174 5969
9076 7616
7555 626
4540 3909
8964 6447
8560 7027
609 1140
71 3647
1696 5653
6865 1640
255 4210
6627 6765
5743 145
4305 6038
5758 4960
9380 4933
929 8457
2550 8485
9083 7090
2394 8047
3537 955
5075 4147
2095 5147
7794 3791
800 4660
5432 1056
8871 2059
7822 4614
2204 2127
652 7962
7088 32
2895 8018
8489 5445
6503 7573
2536 8898
5621 6074
9853 696
221 1949
5844 8016
5741 6644
2677 1173
7701 1548
3232 5524
6162 5437
7652 6814
3399 4740
6847 6295
2759 5337
1741 9263
2910 4277
8161 8532
351 8015
9228 573
9965 5073
8589 5706
1717 1266
6880 9419
2815 113
4943 8977
5550 2595
5792 8950
7336 2640
5245 95
7977 6986
9358 888
1264 7520
9420 1615
5536 8649
2188 5501
3722 778
1208 5440
2045 8088
4860 4860
8201 9803
3838 3752
2399 9631
2702 9735
2271 7948
9830 249
4935 9189
1137 6199
6709 558
7814 2245
9208 3
7747 2930
782 8955
8371 2827
7044 3231
7688 5246
3035 1526
8998 5434
1157 1701
5169 3429
9649 5000
3678 4584
4189 4816
783 899
5374 8598
3144 4583
8602 892
7513 9384
9847 5885
2211 6892
9117 9900
2138 2152
1426 1137
7586 2584
2838 2756
6013 2488
7756 9691
7072 1946
4508 7856
2845 9882
6454 5990
4466 5056
6882 1979
4440 6730
7865 6652
3622 6982
6552 5761
9134 7979
6898 6721
563 9737
9477 6577
2225 7234
6269 9298
9180 777
7154 2025
660 3609
8015 5126
8666 4898
7106 3107
1628 4972
9759 5250
1954 6312
1012 1089
4292 7911
7810 4856
7648 7288
1433 9874
4522 7703
9172 3703
8481 6327
5729 9141
9937 3745
4268 8603
8643 1375
1710 271
6347 1470
5522 8301
7783 6534
9391 2075
4445 7202
6931 2094
4490 8364
1969 9013
6068 1142
2716 4549
7469 8445
3690 7406
2190 7959
6010 834
9334 7720
1105 5681
9191 6628
3983 6974
3163 3375
9049 7609
577 5980
9703 5067
4345 1672
4081 413
2814 6797
4962 284
5243 8653
7691 7434
6613 3701
8268 5947
1422 9374
1629 613
6003 5613
7588 9166
8988 6638
6775 9565
2619 6479
4633 6964
8151 8714
7378 966
5512 2341
1250 755
995 8941
8190 7608
2642 6458
3556 4065
5833 5185
4678 1837
798 2267
1003 9786
8905 7779
9352 1524
4258 3985
8489 2410
2699 5868
3376 8211
8210 4626
8967 9205
3568 7157
6814 6211
3616 370
276 9450
5555 4955
1287 6354
7222 2291
6140 6127
70 5492
7652 4329
9478 6142
6739 2178
2010 115
390 220
4742 9357
9426 8310
6515 6240
4521 132
6610 4798
9582 2166
9753 870
8520 6975
3161 4661
3103 3232
154 756
7561 9632
6898 4300
1810 8909
4416 2201
9130 9158
1558 8556
7469 8074
4797 1990
8206 1407
6789 7789
3574 6542
8659 2094
3518 1821
6756 6621
5053 6910
7378 2615
6543 4277
6915 8353
3186 1332
555 2316
490 2113
873 7959
187 5670
9950 8394
7078 6739
6183 652
3282 4842
2747 6800
6663 9503
3422 1717
6413 800
4332 2956
5077 1248
1310 8264
2580 1865
580 3071
3979 1453
1030 4167
7124 981
2561 4202
7721 8745
4854 1003
3588 7602
7804 252
7105 1226
1969 3519
2027 6302
6476 7104
7550 7787
5368 130
9653 5949
3202 3632
7403 4233
7800 4527
5214 362
8729 2936
9107 3584
3940 2695
1187 1744
2947 8292
2970 4917
1812 4997
1219 8288
2102 8770
6076 7471
8900 5729
3420 2103
9362 823
6336 7162
5351 1550
7524 4080
4487 6632
7665 8427
9327 8852
171 2275
7145 3142
7192 8958
8140 8412
7247 242
7182 3323
7713 6083
9052 1134
8186 8414
1957 4522
5577 7309
6073 3101
1389 560
9733 9055
8988 9061
7908 9159
1336 5053
2302 8529
4011 442
6942 1258
684 4124
4582 8398
207 3635
9532 8393
2049 1490
2916 7627
8799 8989
728 189
9550 462
9245 8538
9524 7153
7697 861
2206 0
9390 6218
442 6333
7477 1127
457 2059
9526 664
5694 9058
9058 7744
549 1974
5371 9349
964 6100
9539 514
6563 8784
9052 6087
5937 6750
6948 8144
6750 6339
4362 7192
2672 1840
8320 3130
3899 7846
3795 9594
6905 2853
7339 7455
4828 2711
6804 5792
8811 6344
6307 5375
5128 5359
1462 1065
2110 8411
9210 8860
4751 3572
6053 7424
5413 4374
554 9313
2220 4349
8907 9126
7203 6247
6581 2032
8958 3386
7824 7770
9730 4132
3145 4859
9492 4608
5925 1602
3020 5135
463 7771
8708 6517
5196 4121
891 5751
3434 3112
101 2342
2238 7304
8590 8820
9336 7548
2206 7161
5319 1937
1293 8464
6796 786
3072 2721
2388 6093
7857 2852
3865 6565
9369 9061
687 260
4812 4122
3372 4913
6464 5611
2218 5054
4431 1555
2603 6638
8716 7922
8575 10
6387 5372
797 9460
8094 3185
5553 5951
6037 9418
2517 5406
8480 3204
5667 3292
7326 9040
8206 3791
4651 425
8846 9082
1980 1449
5720 697
9372 4296
708 5759
9668 1505
5220 7762
4690 773
3714 728
191 6231
6135 8672
9435 1803
1964 6761
843 171
552 5494
596 9398
4577 2577
848 297
3274 221
4593 3983
5980 4262
5488 1200
2024 179
1974 5738
907 2166
1970 7043
838 1405
8846 2803
8167 9689
2974 8720
5184 3571
8118 9761
6149 8967
59 9424
9188 4653
3407 5169
8915 8895
6370 940
9074 8344
6679 9982
510 8649
7026 1349
54 5873
4152 8222
5563 7126
6942 747
698 5061
509 6847
4028 568
6271 3217
5221 9679
8386 4136
8574 4757
5076 7649
3101 1756
7632 3612
405 4659
4961 460
532 9113
8682 6095
6240 5624
6843 6939
685 7352
3786 4713
7920 58
7931 3141
9738 6318
7278 8312
1075 2355
5962 4176
4111 3595
7788 4516
8254 2750
4976 8786
1863 3658
4882 8104
9283 1725
5043 9968
9077 8830
4682 6997
8889 2613
139 8627
8931 7417
6939 6
9772 2902
4183 3883
6497 1972
8400 4751
4722 3377
3538 6586
7036 8421
4690 6319
146 9734
6287 9224
8564 970
6222 7453
3583 6361
6080 2515
3779 3020
2522 3552
5923 6705
7436 2420
8678 5836
7172 3401
9213 711
9987 6249
9132 4678
2569 9279
4413 8856
8503 2977
9826 4725
431 3410
1087 6512
5926 4866
9533 8448
8418 5456
5154 5854
7877 3833
1691 5050
7234 905
5761 7222
7154 4894
1901 9724
4173 6314
8580 2676
9292 8407
7402 9723
1818 8489
6236 7745
3355 5769
6194 1774
1225 1349
7629 9102
5182 9320
4152 2417
225 9914
9639 7380
4808 1540
7104 8981
7855 5685
1658 7147
4093 9060
6871 5911
7550 3107
3657 906
8876 9851
2680 102
1200 309
9205 6383
9630 3357
8800 9855
3271 8439
7236 8080
9980 4340
7062 7835
26 8721
4983 4119
7781 1854
31 5332
4962 3688
6238 3839
3540 8918
3941 4740
9228 3146
1124 8858
6504 9924
8714 9776
8364 5951
7856 8344
292 4919
6180 318
3640 1163
4438 1422
3018 4469
6754 7981
8158 2992
1820 1699
1911 5762
6439 1139
8909 7563
9998 5413
7488 8713
5190 5852
4664 3046
4197 4957
7966 377
5276 1606
1541 9714
3028 4560
4184 9783
2541 2343
2775 4362
4042 4687
124 482
5827 9033
8045 5825
4447 5534
4539 9637
1386 9204
2684 5583
4161 650
5961 9437
2257 7502
9152 5286
2062 3336
5069 4604
5679 7845
8966 9722
2532 9091
204 8360
8124 8250
4185 2572
3784 8725
2210 5170
7930 4894
754 2091
5545 6715
1529 7803
4217 682
3089 6280
4018 8159
884 9698
6004 9851
9420 8537
8942 9624
6897 7067
7874 1083
9639 1659
9809 1850
6829 7739
6745 7584
9831 2290
4299 1361
94 8517
2043 3183
4797 6062
1342 5682
5760 7347
5533 5181
5885 4475
4806 2783
1542 2680
3866 1182
4340 3676
3032 1169
1415 9777
8754 1246
2068 3053
2608 2162
1570 4651
5346 6368
713 6688
2050 6474
4036 7583
1655 9921
2059 6461
2704 3602
9142 6571
4784 3482
247 7817
4652 1663
7594 3406
2910 9663
6459 5518
1825 8030
169 7171
4398 882
3860 6448
7357 7897
4032 9012
7819 6092
5473 523
9694 4616
7095 4479
8098 7343
2296 2751
9006 9891
6157 1916
9554 2617
7434 1380
647 7604
8552 5046
8487 2413
1494 5844
310 5527
4856 8129
1619 330
8653 1314
4946 5749
5793 3045
3092 8089
5796 2098
7981 1954
4015 7535
4571 1449
8916 5219
9053 7468
265 7541
9881 1760
3385 191
7287 8241
8321 8907
8572 6975
221 3519
2724 6014
6564 5816
4104 2361
7915 2086
4315 1930
9621 8886
3380 8538
4106 2434
6006 4371
9975 5888
6131 3360
6080 3419
1602 4401
2326 174
1376 2548
3693 4101
8563 258
9917 2667
2619 7832
4754 6935
9763 4375
5822 3143
2914 9928
5577 8921
4299 5552
4809 431
8913 889
3850 515
5291 6177
689 6668
8725 4383
769 7288
4642 687
9956 7261
8520 4710
4197 8283
9086 19
1426 2001
9948 7003
922 4248
2556 5731
4679 1469
6621 8530
1985 1913
4707 2674
8582 3433
7058 9352
721 1700
39 678
8962 8559
5389 3159
6842 4476
3179 8269
6477 3128
5273 7399
7376 7829
3130 2055
9299 9752
586 1284
1665 5293
3959 248
8726 1017
9600 9448
2718 9640
127 1680
8199 5516
4840 5042
9993 8020
3312 6470
1148 8585
3869 8524
6415 7000
580 5714
6753 1166
6999 8419
6460 958
8667 5187
1976 8267
4635 4694
7907 4763
6375 6107
280 1216
1150 273
9237 4462
6743 385
3048 613
8910 9463
7614 9491
5177 4367
658 2176
2786 7118
3135 1453
2305 5111
9721 6941
9806 7629
