1000 2
1704 6182
3737 1985
7399 4888
2258 6636
9351 9002
7021 2399
9616 5932
1862 7230
5423 7040
1598 6082
9217 4384
3200 2353
5838 5506
7465 5560
2447 7272
3189 4152
3454 6927
6137 853
1816 8395
7489 1167
7398 4511
3567 7014
444 5430
4245 5868
2471 5843
1950 1688
228 5150
4042 6067
656 1507
1627 3104
8779 4817
7256 2233
1744 3393
3087 3560
1789 577
4728 9187
5088 8295
6202 5532
3725 448
1400 6196
6291 3351
7885 6520
8501 1927
2587 9158
3434 4214
2262 2214
9031 9518
4448 776
2912 7535
4337 4701
8112 9066
3889 3201
7361 92
8734 1087
540 135
7283 6831
3486 5169
3352 1987
7097 5939
1146 532
153 3408
2746 9185
2927 7194
9962 5839
4730 4300
540 2843
3366 4430
6044 727
4522 4778
1815 5062
4913 9099
1894 8399
4268 5246
387 1365
1185 1533
1897 1339
4942 4644
525 7869
1838 487
3709 6569
4788 4250
9412 8154
8680 5456
8882 3202
235 697
8265 5149
9796 159
3549 4064
5405 3936
5430 6591
5470 7327
7930 413
1971 8456
8282 3810
8943 1992
380 3731
6242 9792
1886 4922
5249 768
8125 5484
1465 6390
634 1261
6550 4183
5326 1956
8120 756
8547 3590
8084 6478
4003 55
4934 2286
3866 3878
4279 4246
7610 521
4039 9496
5443 9288
264 3569
4773 1730
9960 5407
2991 6510
9590 8317
8466 7710
9073 7013
1301 7157
3492 5305
7213 8426
7592 1080
2305 1871
5327 9915
2392 9366
9412 7836
8654 9676
1405 3427
1407 1365
8835 4398
7876 8425
2716 6342
6136 1790
3356 7437
8947 6848
2743 6161
5275 335
7242 7581
2206 2569
7496 4598
1935 6908
2435 590
6585 3840
4018 7992
5206 2853
2391 3082
1279 5107
9425 7416
6897 2781
4854 5845
9630 7597
2007 4905
7932 9249
2486 139
1818 9983
4738 3754
6892 7173
4344 3478
1014 8362
1470 6220
1216 3862
9303 2495
8969 8728
9912 5867
1510 4766
1712 1140
2363 3719
6046 296
2968 8533
435 4787
8516 5173
8541 5409
2347 2885
8887 3361
1248 358
9582 2464
4220 8886
4960 3190
7614 4872
9058 9125
9639 771
265 2002
4490 6311
2299 7459
4845 2735
2247 3362
7909 788
8771 256
3674 7659
3618 4922
8017 3200
7387 2238
2087 2348
5429 9702
7220 4487
8827 6860
5258 9092
8863 9749
5404 1162
7209 249
3897 9456
3612 1807
245 2383
2063 3919
42 5682
8842 8060
8882 6229
299 970
8577 5728
672 5798
216 9499
2658 5474
8592 1522
5224 3996
2684 2433
4246 6582
1890 7859
8389 2135
242 453
6054 285
6135 4897
8346 5018
1126 8645
5988 9704
4373 6660
5503 4589
6159 8162
64 4751
9684 5288
8748 2368
7722 2995
8951 9612
854 7340
1747 1097
7793 7802
1383 3928
2699 9729
8947 3826
8374 4935
3531 2748
1595 9034
7338 7755
7196 7403
2507 6880
2691 1256
9249 414
4251 8201
26 5106
5541 1774
6204 3335
9577 7588
7264 2277
7317 6211
6103 5692
1146 9634
8440 2742
8669 5779
497 5865
3182 3005
2746 5874
4261 1996
6288 8513
197 6315
3620 5739
8089 9824
9075 7667
7412 6339
9944 4730
2551 6048
422 3698
5683 8863
6440 4352
4642 6938
218 7825
9943 2964
3699 4205
4961 9987
2718 5159
6303 6338
898 4393
6163 9974
2060 3576
6313 2005
8306 8865
8053 8729
2563 3736
7593 9004
8088 2236
5943 8306
61 5887
1271 3760
92 6233
3748 2810
1392 51
9149 2291
4445 5312
2265 6505
8888 8579
8510 7195
7444 6564
5925 8
300 3518
9013 8389
5754 4956
6696 5815
843 7968
9576 936
4201 3325
3746 5594
3377 2895
7885 7822
8208 150
4327 7097
8729 2838
4292 6174
9402 217
6182 9702
3735 5195
8092 9490
151 4788
5305 995
2757 4882
1931 6958
8207 5678
2553 1584
8574 438
9406 6782
588 3734
3880 9318
6572 8172
5492 5974
8390 1675
5677 2126
6870 3769
1617 7022
8558 6922
8018 1315
1804 9950
8274 12
5628 827
1596 4202
1265 1002
985 1854
4736 4865
1173 1308
3038 6666
7283 1429
8341 2960
3556 5212
6729 5173
2235 5288
2095 253
6603 3900
203 4878
3912 5832
5706 5509
34 6972
6511 1020
8827 1248
5885 0
2557 8924
6666 9840
353 5008
2801 3909
221 9530
9083 2456
4819 1179
2709 1423
5080 2913
6301 8992
8745 2007
4501 8780
8980 1013
9800 7807
2262 5686
7807 4820
4610 4474
4661 4964
9483 7462
8874 9704
6993 7957
2160 1812
9136 4870
3235 4216
7784 9537
3209 6529
1544 7711
5310 524
8725 5110
8332 987
797 6140
5808 5407
614 469
371 98
7931 9246
9802 4924
7203 1963
6736 6340
6834 9972
556 4618
9509 3766
1148 1054
1477 6458
1579 203
1569 9911
1190 2366
6051 6998
7773 6666
7468 8145
6764 5399
7391 6567
324 4595
8530 7060
935 5364
7033 1492
9983 6542
5258 1131
7596 6736
7590 9175
6939 9159
9086 8130
1525 5138
5129 9299
1804 2597
7445 8568
7996 4837
5135 8320
9432 3666
5381 368
9030 2414
1860 9014
8957 7118
145 6553
3855 7735
5729 794
6895 4815
8924 8420
9954 4053
7720 1758
6651 5165
326 4648
3 5462
2968 9435
9128 8350
9803 8159
765 1664
7173 9722
8783 7319
6275 2638
5054 2004
3432 1949
6820 2357
370 6774
6411 8090
8533 3062
3256 8859
7710 3259
4322 679
2695 3450
9030 2499
1610 9795
4163 8783
9518 2946
6103 5793
5584 1157
7798 9017
3107 4619
1374 3478
1394 7786
1569 9927
849 4826
8787 8560
8085 3109
9239 781
6560 8270
3280 8171
8066 7444
6954 7584
390 3058
3378 5975
4215 1176
4992 7323
5796 6367
802 7190
4154 2371
7118 5003
7197 5905
3563 5283
9015 2803
6065 5575
1073 9345
3746 9139
6790 701
6723 7180
3759 101
3156 7975
1278 8149
5299 7075
4516 6101
4265 8670
8473 1383
3674 5670
7289 7237
954 6304
41 7019
1879 1114
6365 5626
254 3155
6328 6978
336 87
7080 3492
8063 8359
1641 3362
5434 6158
9464 9699
4829 7937
1083 8504
3608 8372
5741 4562
4676 5783
1581 6556
6897 7947
2183 7152
1102 8511
4130 1439
8599 1211
4932 6662
9570 6574
25 5004
2732 9489
4704 7562
7427 5787
6066 1035
4160 1808
5598 8837
7591 7179
5394 4489
5127 7577
1642 6229
6089 5772
7669 4688
6984 2601
1350 6554
9175 1376
1558 1908
866 6262
9470 8293
2050 5537
9329 6211
7346 4927
5049 4938
2107 443
9427 7234
8021 1069
3464 4110
6842 1133
8798 3826
3734 149
381 2909
1525 1940
4817 2391
8203 4288
685 253
9826 14
6465 7172
4942 1514
2110 7049
1957 1538
4283 9978
2608 7748
4089 9451
8881 2887
3278 2616
3036 3659
5525 4562
5599 343
6954 3802
4632 7639
4056 4458
7654 522
1631 2596
2036 3741
9645 3994
5280 3929
3973 7889
1677 8062
7341 559
949 619
3175 3986
4279 8700
8548 9879
9044 5502
3682 3676
3142 7738
8134 796
8260 9765
3392 297
3507 3038
4291 8788
6967 8264
6677 8645
6327 4018
9204 7276
4638 2379
1263 8917
1080 9812
8797 125
5314 2479
3801 8457
218 1936
9254 8479
1702 2646
8776 5210
5685 3068
3998 2653
1333 676
1298 7660
4695 503
4936 9333
2883 6200
8251 3963
6012 7049
4089 1327
9528 7890
9784 9746
9827 9038
8226 1529
1685 7002
6739 7371
71 737
24 1404
1414 1323
9064 6109
1826 4001
5443 4709
201 3695
8673 6213
744 2762
7540 272
653 7325
19 480
6364 8245
2009 8049
5248 8748
5420 5319
9486 5445
6723 900
6768 5788
7010 8594
9789 2453
3304 9991
6149 1978
6205 6893
4741 3746
7166 5394
1071 7185
5874 7436
5430 7884
5486 679
6633 907
5998 6120
6352 2722
7020 3120
8510 4031
1715 8300
6485 5020
8291 2634
6998 4497
9527 1739
8243 6693
7134 9315
3879 3008
6751 9310
893 2237
9989 7526
3145 5988
3646 9497
8710 667
2618 7220
4698 4333
5520 1184
9354 3812
3818 6352
8310 3346
8092 6553
39 5226
5869 3919
8235 2621
3229 9128
4859 3219
6655 8004
9207 302
7501 7917
969 119
5138 5668
4453 659
6852 3807
4472 671
160 2782
4017 8253
9335 4057
3479 5205
7976 1715
7826 1206
844 2685
4425 7499
689 3632
7802 8190
1550 8772
8310 6688
4440 2764
7347 1293
6571 1819
1965 6732
4601 5982
4985 3937
39 8465
9142 8015
180 6968
9221 1024
9654 3647
8524 343
7279 6326
8534 8829
5098 6845
5518 9539
9609 2865
833 6181
4685 2798
2913 9286
8780 7899
3224 8820
6364 2366
6836 6544
9335 6057
7569 8989
9704 6093
9333 6984
2420 7867
5814 7518
4712 1332
7058 4322
4197 7891
503 8883
689 3416
8169 9470
1316 1394
8291 7680
3761 5127
4225 3097
1185 1794
2087 889
7888 1420
7874 308
9288 3688
7827 4001
5020 4885
8323 9218
2776 8826
8101 3466
2243 6271
2937 3559
7666 1228
1240 1427
6355 5465
4524 7540
7260 6611
8430 5149
8032 6304
5457 7320
9993 3285
1321 5014
8170 9645
4233 946
8471 2335
4413 715
8607 7350
4274 6273
8578 5515
7700 4934
980 2225
2474 8241
8837 905
3390 6869
7209 8848
4189 7203
2133 5511
2218 303
5156 6451
1250 3628
8787 5664
4344 7394
3014 8618
3667 1593
4134 1368
6527 5114
3594 9002
3356 2431
9907 6747
9300 7117
5595 3490
4320 7729
9002 6538
8033 4159
2990 9283
7787 1777
4947 2131
9171 7962
750 2839
9556 4884
4208 6083
9999 7802
5085 3356
234 4993
103 9534
2110 5699
3025 6431
3428 2027
2970 1461
6186 5960
745 3974
7738 5693
6106 6910
3655 6857
9750 3211
1742 3958
9295 1741
1761 4381
5098 1995
9374 5201
1530 1485
900 4555
7916 4329
6583 887
5790 2769
6848 6535
6744 4586
2229 2850
1497 5885
9707 1247
9097 1449
5206 8392
3191 6968
2774 8289
8964 2149
3491 494
3634 4392
5050 1551
8721 1633
2438 4511
4403 9286
1047 1147
3873 3276
3997 5371
9162 3705
6619 8259
5154 1825
6651 8345
8794 9425
6635 7758
1574 126
8252 5209
4518 3303
6760 3240
4936 9199
7752 9339
8486 8799
487 2360
2076 4485
7731 1238
8190 4350
9497 3344
6176 6149
1690 4970
5575 8325
2728 7150
8452 981
2359 2971
4284 9120
6211 9221
8320 3963
8561 6807
2763 9048
9167 4840
3533 6899
6079 1724
1249 5576
5068 7426
1726 6758
2397 7301
5084 5126
4451 3536
6107 6811
6508 392
5932 2720
9614 4252
6683 8175
1060 9447
7224 227
4287 758
7126 366
2482 8376
5943 7550
5802 7669
4309 8199
4971 9394
3325 9422
2930 9433
6234 9439
9826 2166
2159 9440
6419 8843
7616 7479
8290 4840
7707 2578
5598 4833
2944 8081
3210 8888
5631 9012
6558 9941
7212 1529
9335 538
952 2266
9972 7186
1705 9798
9353 3865
9238 5773
2708 6855
3253 999
1695 960
3577 7294
5794 6522
5375 9004
5410 1007
8017 1968
948 5230
3498 284
5768 4450
2550 5740
1636 4256
5538 990
8121 4777
6764 830
1632 17
1829 3328
978 5407
622 6773
1929 5997
5777 7340
7004 3795
9309 7953
9025 2808
8237 4793
7258 787
534 8895
5044 6073
9885 3166
851 6649
3996 2483
6667 5826
5812 7645
1233 6434
4418 3163
2432 196
504 9437
3991 9814
7391 3017
2622 5628
7810 9880
6416 8344
8775 1460
4418 8661
4626 5269
5311 8623
7753 1978
4449 3565
9623 5683
0 4042
8847 2433
4238 9351
1870 8230
9165 9261
1247 1788
4890 9058
1668 1306
7403 444
2767 1821
9105 7394
7090 4417
6018 4843
6395 467
8409 6019
6151 8409
61 4998
842 4300
4350 2713
2530 3515
