1000 2
9159 2984
8210 384
6541 5761
9257 6722
9779 554
8427 9626
1253 8262
6878 4202
5017 8202
4526 1462
5579 7883
6656 778
542 6331
4668 4162
750 9113
6022 9909
2097 4233
294 8639
9994 9551
5362 9773
105 3790
9399 1358
2052 6278
5561 7070
4481 87
8533 61
7971 5190
840 8513
1521 5508
2675 2271
4621 8697
2181 6719
2931 2475
5359 2925
2027 721
2698 2133
4511 2098
3491 6564
8377 9052
3635 2858
9140 2168
2920 7111
7358 3760
5625 8879
9268 8300
1151 3890
6998 3333
610 9929
5809 5970
2855 7836
6691 5554
9969 1203
7653 3461
7768 6030
2514 1403
8889 1655
3571 1809
8766 930
5569 4392
9809 4838
2692 960
8729 9691
4294 9340
9621 103
5310 2476
7939 2002
8030 7909
3206 5683
1370 974
1714 3884
2378 603
5539 5950
2413 4306
6880 7983
8698 6690
2821 1391
7651 1551
1082 1945
891 703
2048 6202
3179 9987
8204 1210
7897 1410
6893 9267
2385 8607
3152 4763
9211 8691
713 1624
2998 7594
9607 1696
4284 2429
3088 1935
3980 4171
3880 4872
4874 5929
1074 8054
5917 9279
9265 3814
689 6159
3081 3075
4767 6233
7838 3978
4925 8552
5603 7923
6147 5210
9620 431
7640 2709
2367 1621
6880 6248
6494 1755
2177 7568
9809 8094
6848 9075
1909 7537
5234 4990
612 1
1224 8451
3979 6150
7004 9583
4073 3151
4794 3694
3582 2434
6403 5950
4056 3283
2198 550
5039 4376
8119 4848
2470 4967
3924 4380
2504 9158
9370 3117
9159 595
1569 3139
6745 8573
2722 819
1724 7517
4513 5307
9951 917
1257 4008
4201 3456
4558 9240
7832 2677
4089 303
7644 8013
4683 149
7171 4054
3266 6331
4649 4836
9471 1395
3409 2194
2214 5133
9711 6728
441 9663
7646 1699
3671 1848
5155 8229
1088 2987
906 5178
3290 8551
3191 7974
8700 363
2028 1967
6695 6678
6803 6166
8073 213
8360 288
5347 8071
7017 5788
7734 4663
7487 1406
6511 2642
9635 7600
5630 542
2779 8921
9093 5971
6895 7794
6334 8924
9762 3030
5602 6565
9196 3676
6779 7556
3964 2126
5628 981
7914 3363
5645 5402
4769 2157
8045 4405
9758 3676
4947 2537
2597 4041
8508 9493
1836 4843
8417 1598
7873 4020
8164 7069
7696 4943
4626 1660
7069 255
2642 4984
3618 8288
387 8388
445 8432
2793 204
2109 7741
2741 4706
1783 1249
4200 3619
6092 2617
5217 3965
6638 3381
1035 4334
8325 5662
5995 5394
5918 8638
379 9536
6926 766
7925 7372
9199 719
7576 1308
8460 318
6015 243
1567 215
3863 7660
2833 9080
1626 9471
2462 2662
3806 787
8324 9801
6182 4243
8440 6561
3780 5367
7327 1705
2739 6527
2424 316
7835 885
634 3850
1128 2202
4065 4991
9863 6899
4072 1489
6370 6535
4152 176
7322 2477
9978 3504
6720 8418
66 500
3785 7394
2205 6525
3921 4630
6842 1756
5515 7477
5607 6644
9680 9673
1636 9543
6572 5709
1033 2943
2244 5185
3119 9566
7663 3098
3071 4383
1517 3138
4883 5302
532 7089
1828 4454
1719 8670
6211 7235
6148 1818
3879 5828
1492 5516
5371 8064
1225 6404
1007 3469
1590 4127
3036 9253
7226 6108
3637 8743
9246 8521
4046 9779
5610 5874
4233 7330
4545 445
4566 693
2263 8446
6521 3755
3962 1893
1820 5187
8298 2828
8657 9888
6955 1693
9142 4182
7802 2779
2925 7049
1300 6971
6828 6911
2846 1062
4242 7392
1507 8808
8085 3771
7254 4607
7527 1216
6500 9348
6404 4798
2176 5061
4687 9132
6755 3830
3314 4558
6610 6240
1607 7911
3211 8436
4822 6058
9499 9065
3450 1007
7873 1536
4778 5128
6144 2306
6345 2644
1654 2749
7443 3831
7811 2131
2963 4567
5961 6278
9125 2572
2518 732
483 5730
9169 5306
1789 8668
4371 5240
9675 2245
6776 4454
7373 2920
6760 3718
5565 8415
6467 3009
2246 4279
5140 5210
8846 1102
1489 7971
3674 4007
8704 4157
9738 7873
9464 1528
6542 3835
6768 6217
6080 3544
671 3453
6465 7431
7171 2031
5846 3639
5040 8093
7919 180
3303 6765
1282 4792
4737 4957
8800 3442
9115 8539
1316 8579
67 7858
2414 6836
4075 8495
381 4746
1949 6846
2178 9121
8877 8025
2760 3918
6118 680
4098 9422
7445 5381
4215 2183
339 3016
5626 9454
1556 6942
8033 1624
4800 448
8460 8876
8943 8841
3623 893
5688 5801
14 4566
3827 2774
8484 9946
3455 2583
9369 901
7964 3585
3084 8303
6601 8710
7757 8158
5653 5791
9782 454
6240 8243
9330 5183
7084 2953
6076 2773
8755 6091
7339 2582
8866 5824
2528 2321
8407 1898
3222 6372
5483 6307
4675 2085
5018 2433
243 671
8225 25
1125 4465
8269 456
9649 5353
3409 5726
8127 2164
1817 5466
4747 683
1291 7276
3004 9698
9174 6226
6070 4658
2533 746
6743 7551
3179 6986
8223 1405
7012 9349
5870 5281
9805 5520
635 3214
1246 8762
5379 3063
4229 127
3747 5520
7403 6751
5218 6578
2978 1289
1236 5512
2035 7979
3064 5215
4966 1288
6620 1978
637 2491
7259 442
8011 7894
3656 9258
6657 9036
2321 886
9163 6069
6406 6567
2821 1625
3146 5799
2915 4382
1312 4950
2362 4377
166 7328
5665 6787
9307 6302
9278 6566
6745 7290
4461 401
6548 1118
9438 8869
2004 8602
4939 8411
5169 7760
37 8315
3560 2952
2698 4872
7902 5061
9250 8069
2390 4915
4856 1697
1218 4134
8264 7963
1424 2725
8365 7972
3844 7804
6842 5848
6406 1781
4260 1575
9542 4297
9891 3102
7249 2590
7975 5152
7651 7225
3222 42
2141 8078
1739 3360
2213 3
1324 3637
2729 9689
1610 6573
7493 8453
2422 3900
235 6682
5475 9777
980 5367
2879 8230
7957 854
3383 5609
8079 6605
5651 221
4683 7391
3581 6896
7394 4905
534 124
4595 2145
6697 2089
598 9120
5989 833
5802 1465
610 6783
6832 3489
5013 4790
4344 8396
400 2423
5002 6052
2645 9685
3443 6226
6582 838
1132 7116
962 5727
9261 7660
7816 9860
6780 3806
693 2582
5271 1304
9366 2104
4794 4379
6895 9138
2776 7295
1562 7778
3347 4207
7464 6790
434 4046
7629 1566
1163 8591
7293 425
6251 5110
285 3031
8916 979
5614 4188
2283 4980
6292 7077
9360 3187
6216 2136
483 7778
9915 3831
1986 7379
621 2420
1425 8250
3986 2589
6842 1280
3014 3093
6390 3299
6125 5307
4278 1740
9496 6562
6720 5789
3640 6080
8977 9856
8217 9460
7634 8132
3291 9620
5511 3913
2041 6937
2164 6027
9526 9006
7308 2541
2100 3698
5840 8226
9006 119
9966 8502
6682 6687
4291 322
2768 3268
178 985
2729 7813
9118 6020
7434 4630
9934 9475
1567 2098
5502 1094
1105 2810
3635 3206
6509 9476
1432 5516
9596 1399
4019 6278
8086 8311
6600 854
1580 6779
1839 4309
4592 958
330 2026
5588 264
1501 7156
2363 7004
8250 3469
9815 1886
6675 6325
1362 8108
1841 958
9507 5860
7237 7593
4172 3837
8447 5752
617 287
61 5209
1245 392
7236 6834
657 8738
3990 3020
5742 2240
6489 5557
4126 3165
1882 5489
1273 3724
6447 780
9585 3685
8373 3757
7522 6821
9509 8140
7109 9571
3349 8354
9964 586
5188 621
9324 9179
3642 5066
1419 132
624 5546
3297 2507
1036 4570
6232 7484
5351 5817
1169 3724
9575 8692
546 9084
6832 7655
8656 181
6010 8620
768 1199
9241 92
378 2884
5159 1798
3016 5784
7345 6313
8292 8381
884 4524
5865 6235
342 7034
9960 9917
5726 506
9002 2558
8161 7658
2740 4172
6279 3508
5371 5521
3601 5750
8405 8760
7548 1421
4545 4893
7735 2837
3274 8619
7362 9139
4854 7704
6174 4814
7622 1900
5321 6624
4459 3483
4283 7199
7655 562
708 3027
6083 4309
8777 4489
3069 6325
5910 7614
1219 3645
452 4493
2265 7814
3633 7119
5519 9807
1934 3141
1708 7256
9766 6167
739 4049
3366 8395
4612 4075
1422 696
8384 200
5185 1453
6526 1096
9068 7745
4741 9520
2239 7006
7335 5872
4126 2854
5680 6061
5996 7388
3318 5762
3556 4057
9812 6923
2453 4424
998 3876
5120 9382
4076 306
836 602
1402 9905
8348 6144
9426 587
3150 6761
6459 7277
9616 2140
3339 5612
9529 6657
1374 3085
715 1186
8 3168
5611 1006
7045 732
389 1121
1038 1225
1724 2440
1131 72
8584 557
659 1735
7318 7119
9013 6934
9260 2353
2547 8789
9010 3922
1874 9726
5108 1883
2895 720
2890 9940
1452 3280
1062 2491
4505 2787
4932 5636
2859 3517
6194 3519
5252 3513
639 4266
448 9899
6619 2995
8688 5630
6917 563
5357 2026
2447 8252
2746 5337
8193 4199
8617 9255
6690 3123
2042 1623
8760 4902
5140 4955
8422 393
8468 9061
4659 8916
8961 1279
1911 7649
6910 8828
8213 2267
855 660
519 3602
5998 8712
7801 4616
7968 4492
7740 10
6115 6501
4913 1255
1456 3335
1648 9924
2397 6308
8841 1358
7587 752
9008 4497
9581 7221
6765 437
7882 7284
4039 3881
5997 1840
8498 3965
6333 6239
3976 2448
2740 8890
3704 4197
2226 5353
4122 4623
1661 2963
5982 9249
3716 4990
3747 3298
2212 512
3735 95
7797 7774
3976 3794
9615 2474
7760 5948
8714 1737
8397 1454
627 2102
5652 2853
7456 9774
7477 9117
2738 3459
8367 6455
8449 2114
9753 661
2626 3489
756 424
1264 4733
4218 879
7208 1979
6828 5922
3716 5226
7377 4344
7328 3029
7198 4784
2804 4675
3902 5542
8134 2270
1997 6584
4384 1751
7246 7011
5240 8003
7435 6504
2736 1654
7384 9945
3633 4212
5867 7350
9439 3244
1694 6768
6274 8892
1553 9078
3568 5456
4621 1702
7726 6619
8287 2111
8370 5533
9123 3611
3536 6559
116 6273
8213 7500
6218 1847
1713 2085
9198 1152
5330 893
7921 1605
9786 9474
684 3354
4930 5305
5057 2657
1925 3344
4768 296
8877 3891
3907 2414
450 4023
8687 8664
1524 4905
511 3237
6991 9710
4390 2322
603 2311
3927 389
1785 4611
3743 6716
9917 8800
9373 1843
2145 4142
2139 1023
8033 6046
3437 8484
70 2125
7148 1594
7031 7660
4831 4022
7370 9222
6345 7973
1533 273
8363 3319
4884 2106
36 4802
907 9409
6645 3053
3552 8784
4076 1585
4831 7514
70 4902
9639 7218
6496 6670
4879 1328
693 2249
550 7038
223 2084
7311 8586
5404 2196
693 5440
6999 1601
4850 3644
4654 8402
2429 8730
9988 7261
6244 58
2163 5884
7276 8660
2554 2155
9988 3248
4405 539
287 4629
2624 7599
3215 8028
9795 3909
3468 6795
5510 8318
440 165
6720 2869
8896 6709
131 5140
6767 2294
1025 4044
955 3580
6200 943
6828 605
1483 7115
5235 4108
4714 8450
2136 4510
2360 5604
1305 7871
3923 1745
8036 644
4615 6932
7353 4747
2073 4120
7041 3098
8165 7997
6678 4365
8941 3507
4971 424
623 206
4532 5338
8657 6669
9848 1017
2273 1154
8888 6197
2900 6925
6841 7516
3857 4194
2263 5930
8315 9305
9029 6480
7302 5708
845 6243
9216 5817
6668 9839
6023 1200
5177 4680
7869 5026
5698 143
6181 4587
6340 9082
1512 3182
6598 5369
7376 8862
1300 5692
8167 330
2172 5469
6039 3018
1712 5255
8836 8381
5095 4859
9581 272
9540 7451
5299 5239
7595 1481
9826 3936
564 1338
7118 7162
6708 4494
6024 8009
187 4192
8339 2359
9661 4378
5378 1374
9633 4214
9755 4728
9074 9337
5001 8614
6789 301
3854 4384
1783 3680
8321 2347
5018 5439
9510 1727
9934 5535
9736 121
9727 8075
2480 9389
2454 7859
763 2088
2073 519
6817 1147
9857 1819
9762 6647
2121 3616
1032 3904
