1000 2
8665 8863
9453 2614
4543 4704
5123 5304
1711 3821
5853 7968
8430 8338
9117 6145
1797 3773
3226 1580
2181 7762
9489 4884
117 9201
5681 3648
5862 2853
5775 4528
1716 5228
7143 6260
9932 2266
1564 1644
6088 7417
9613 4519
5756 8731
664 7553
2505 3891
9133 4686
1653 8622
9571 1771
7824 5252
5420 3687
8105 1195
8216 9822
6423 5360
6082 6355
7626 7647
8000 3715
5064 7613
8234 821
6344 8899
8374 8849
2790 7508
3536 4443
6131 3107
6215 3956
8360 1635
7643 6466
2830 5860
6288 9254
1220 2370
5609 8847
17 3610
2562 5082
1223 797
5903 7568
9696 4278
6418 2486
1787 9954
6930 7919
3062 3146
1875 1422
4781 9519
7888 7611
5379 4177
6865 6599
6548 2475
5446 6566
6086 8009
1648 7309
8806 7552
4878 8502
1831 1296
989 3619
1251 7920
1538 4314
1066 3413
5736 5847
2933 3625
3459 8312
7803 325
4912 4351
2801 358
917 8887
8368 2566
6197 7174
118 1075
5676 1950
2372 6666
5569 3624
4586 7107
7938 5652
521 3675
1500 3454
7301 4959
1767 5104
5285 6679
9455 8086
7038 372
6973 5406
2938 3170
2580 3057
4246 8257
5007 6618
4923 577
242 9510
7684 8181
5163 8206
1856 6663
1660 9157
1623 3427
4261 6908
107 3716
4995 7145
4089 1969
2551 7028
5140 5132
85 9386
3389 5093
6005 8313
5670 6248
7823 3355
4429 2987
1561 6285
9651 3222
5442 1275
6650 9704
8184 6757
3421 3179
3902 7510
5148 6454
4539 288
1586 4625
9675 4975
9718 5680
3289 5389
1928 1113
8744 6358
4100 305
2643 3751
3528 8086
5026 178
7790 3210
6935 1212
6390 838
8723 1538
7292 3262
1827 8878
7887 1502
3854 7606
7183 7143
2995 9112
8257 1740
5470 2357
2046 8113
6109 5574
6200 1136
5752 3991
4346 2688
5203 737
3526 3926
2276 819
7189 4103
9698 5077
5606 3553
2683 2789
696 5679
1901 8954
7420 7371
1311 9466
5485 7420
5041 1686
8556 793
5677 2903
3482 880
3640 7008
4807 5916
7828 1996
20 7526
7073 5626
1079 9757
8416 1776
5437 318
730 2857
7690 2042
2324 3176
9462 7365
4862 8019
8158 539
923 1640
1420 4564
8649 6227
481 6477
8224 502
4004 5298
6128 5083
5056 4545
6860 493
4864 7590
3350 2554
9632 5674
5731 9095
3039 593
7115 1198
1133 8038
2839 2553
2603 1489
8781 3084
7967 7005
3586 1971
2304 9715
7055 7360
4261 3915
7853 9125
1506 1204
1680 1139
6879 7411
234 9918
8004 7350
1117 9137
5388 3957
1691 7992
5446 472
1077 3413
7478 4663
5385 9782
4379 2440
7142 8640
6355 4996
7766 7862
6200 9446
9001 3079
6858 9235
2998 4862
6586 4116
4000 1974
8073 5691
9967 3520
6164 1044
6934 3642
5707 2319
3425 87
4759 567
8728 1115
5564 6495
8977 1765
5941 7979
4845 2800
7215 7843
7662 3801
1960 1663
5776 34
7355 5743
3554 3519
6787 489
7162 2495
2808 587
2582 7568
1155 1311
8684 6719
7806 7661
8484 3748
5641 3329
6548 2856
1173 4211
6657 3134
5875 2433
3168 3230
8177 6723
6749 4964
7212 3912
7460 20
4499 43
7589 5654
1354 6273
2374 9160
3935 859
2909 9576
4189 9457
2432 5362
3669 9090
8497 9544
1524 1665
2774 9701
8388 9524
4666 5601
3436 2126
5622 7936
2169 3211
3591 3523
9484 5965
2684 3419
6824 5593
2995 1013
5051 5428
6376 8721
4518 4873
8265 6042
6539 1040
5744 4928
565 410
529 4002
2536 6151
1938 4705
9362 5529
8228 8846
1495 913
2266 8320
6507 5261
9334 1559
690 5711
280 5208
584 8545
1251 7124
9586 6996
2052 151
7406 2581
4153 9942
8733 6092
4648 8096
1622 2877
6942 3117
3790 9209
1437 298
4470 772
1857 5160
6483 2137
369 7068
683 1621
4192 269
8617 6244
421 6023
8826 4575
5966 7560
667 614
5656 2290
3492 2599
5408 7282
1808 6845
7580 6279
7618 9437
1439 4101
1575 1809
1169 2258
3430 5361
2527 2048
1606 2949
8072 433
7524 4038
7993 8192
4653 3649
482 8145
6248 5890
5428 8056
2736 3009
4335 354
2447 5775
4455 4022
7585 5625
6280 1016
986 8808
3064 2592
1758 1136
3026 9282
5175 1019
7474 9829
4668 7957
7974 917
3847 3403
8973 6584
6412 3309
6938 8860
9085 1394
2882 6670
7019 9163
7686 8006
7972 751
599 9730
1887 3625
9012 7063
4644 6487
6892 9313
4444 4867
230 8292
8270 9204
4876 4683
2514 1815
3543 1599
3210 6426
8270 230
5590 5956
8237 3562
6708 8836
3292 8595
2462 2305
5659 7107
8793 2551
6421 3238
7419 6652
1530 5689
5856 6407
373 8371
8223 3917
9970 1434
344 8241
1665 5934
4198 9902
9496 906
8739 2789
9502 1202
5095 5161
8309 3888
7713 4730
7126 5132
1382 8657
821 7239
5065 1195
5610 3288
5112 5581
4723 5457
3822 6388
1391 8020
6290 887
8926 5029
3677 8428
6231 8772
3590 4541
2661 1303
9272 9788
6435 655
8445 7257
7894 3510
8452 3505
6799 3565
9087 1522
9022 2910
7910 414
930 4201
1301 9857
9231 4979
8286 5463
3752 1876
4 6413
3180 9276
6201 9615
9931 4647
6872 7826
8158 5325
1332 4958
8891 419
6481 7914
3329 4392
8328 4260
8593 9630
4118 7824
4610 2404
3287 8362
4281 3292
4776 7461
2569 977
7077 2501
5625 3950
327 3783
9276 1659
8742 8167
2079 5223
6082 5408
9615 4410
9669 8208
4041 3787
6033 8651
6191 9321
7014 473
2613 1790
7935 5182
2768 5013
7683 8393
8963 8011
2177 8239
9671 919
6407 1750
6142 2490
7159 5758
6901 6828
3966 942
615 0
9594 6807
9321 6608
7281 1934
8398 5217
7117 1166
230 4801
9560 9194
2812 1737
7434 2484
2657 3842
4234 8800
6332 1394
4558 3233
8223 8524
4176 8839
8525 3770
5646 7846
379 2928
9781 8777
8145 6898
9944 8376
1700 9504
7570 4512
1241 5004
6996 3899
8846 1231
2699 5179
2626 7257
8412 849
5782 2588
9688 4307
6359 5335
2154 6738
8264 1935
5516 6409
8834 5460
4785 534
4964 2356
5046 6206
7360 2043
105 6207
3275 2804
1386 5902
62 9799
6752 5844
2388 6440
152 8747
1776 2306
5486 40
4241 1002
6450 3075
6463 1236
3609 1427
3592 8656
7634 953
700 7739
7161 3976
544 8548
9878 606
8347 6631
6451 736
3072 6603
9483 4848
8910 4970
4889 3152
5973 1339
6227 2436
2576 9837
3864 6168
8494 1498
7122 9195
9238 4283
3171 9782
2832 3050
389 1179
9681 6840
1915 2753
3444 1399
7602 2354
6370 2491
5506 2343
3831 1734
4780 6408
1572 8644
2577 66
143 9699
9262 9381
3983 2434
9164 6815
5484 9553
7995 5166
6393 9910
7920 9838
1310 5523
2192 7680
8014 7699
24 1846
9433 4804
8255 1005
3449 832
1072 3592
531 334
2974 4515
2769 2139
1330 8254
1692 9325
3420 8086
9236 1341
7924 547
6864 117
8227 4879
7816 8252
6726 7249
3056 4981
8255 6506
5813 9328
99 6345
9663 3074
860 2432
5213 2191
686 6905
1517 4107
4992 753
5448 2916
1301 2312
3033 9528
7192 850
7781 3918
8100 838
8899 6356
7344 4713
5684 7444
1058 5347
518 1918
7780 5731
4110 8467
2637 5627
2574 7629
6380 8023
545 7681
335 3579
7210 7528
4430 4992
1446 2530
5830 346
8886 3175
5059 4571
619 6117
9919 1137
8036 7699
6869 2146
6166 9506
7773 8741
7135 4154
6764 7681
1836 7100
1260 9047
4628 5690
4039 6074
8221 9869
6421 7107
3044 1480
1679 3664
7597 1598
4801 5633
9297 1670
7779 5464
1176 5553
4205 8312
9707 969
5993 1543
8069 7254
591 2698
2945 4630
8773 1166
4500 5194
8274 7545
6674 9953
1209 4271
1551 6011
9905 849
7682 7685
6314 8859
3238 519
7171 2946
1489 3164
4490 9559
419 5081
2257 3364
9712 1031
4531 4213
6225 2805
1758 2899
2759 2968
7171 4311
8979 7077
5160 6662
4763 1475
5521 8002
1994 2693
948 3484
5857 5439
3044 6277
521 5301
9641 233
6333 4172
4446 2558
6978 6205
5458 9737
9173 2630
4048 8153
9708 9209
4815 4471
684 337
2473 2679
3030 3422
6163 8888
8861 9207
5165 9383
4509 4806
9616 843
8979 4063
3401 5957
269 8860
5695 9442
1490 9743
7596 1198
8953 2412
5670 9637
2749 8143
2317 5779
1566 8481
4668 428
7689 9833
9811 2199
4640 9428
3042 3620
3491 6443
9577 3761
5304 5272
3203 6795
5016 800
7993 3970
3212 3664
3608 5962
1807 5925
1742 3374
4406 6410
3802 2096
6244 3613
4295 884
3041 7337
4504 6533
3781 4082
294 9085
9355 3498
5880 4372
4298 3874
8342 7511
7538 1950
3473 9346
7876 5216
2720 2283
1626 6523
4379 7871
136 8674
8755 3178
6012 3260
9711 9793
7343 6
8879 6699
3504 4760
1071 7803
8634 9414
5315 6173
1365 8789
5520 9241
4005 8241
1525 5632
4764 5904
3503 4901
4579 2259
8079 591
5520 7791
385 2863
7797 9265
9562 1302
4025 634
9106 2659
48 4421
8833 1414
3210 4353
656 7215
2594 2181
2848 7358
8086 6351
2260 2666
8610 339
3257 4130
8130 3643
6994 5928
2908 6557
7231 6933
7191 6337
9593 7240
758 8426
8654 3968
2780 9310
1184 5374
1492 4032
2733 9578
384 4993
2244 8994
5333 5502
3125 3464
9146 119
9393 2054
6677 6624
8988 3868
2961 8582
1109 3719
7009 9763
7688 9789
9074 8873
5164 566
2905 7898
145 3289
2892 2390
2284 8225
7893 5409
1690 7039
5529 1083
9094 2206
7708 8082
6075 669
6665 7184
4389 3674
6948 2077
3463 6022
950 8627
6589 3856
6525 6734
7146 9417
9125 9430
7643 7018
4840 9333
4057 369
417 3151
2576 8125
1234 8651
8795 7899
5836 3184
1574 2784
5262 5037
8806 6213
3665 5396
69 191
2131 7215
9609 1256
6646 7252
8274 1486
6586 2331
1856 7004
5483 4432
5129 6718
3084 3924
4618 8920
7109 6192
1704 2371
1230 511
8584 4895
5907 8654
5086 8038
5870 4695
9295 2516
1948 7569
4002 8534
9901 5858
5538 5385
291 668
2103 3376
4593 6721
2297 1702
2914 4002
4074 4144
4513 2659
9039 421
1313 4126
8460 7183
8821 7755
9699 769
5324 3702
9304 5226
9561 4843
611 9853
5511 2715
3229 105
9437 5526
1808 2351
9528 5882
6495 4042
8541 5535
4463 9854
9661 2924
7038 8483
679 6738
9252 6004
441 8557
1231 2
3400 1842
9855 8912
4557 3085
9017 3994
8611 825
6346 8140
6707 2842
2182 5249
8377 6646
5104 8039
9570 2142
6522 250
8881 5775
6255 9322
4332 7486
9324 7732
9329 9180
6645 3887
2265 5662
7882 877
6488 4228
9017 3196
7070 1199
8445 5447
7846 3549
3487 7416
5692 9
7667 4574
5784 3923
3896 117
1410 3221
7850 739
2402 4495
4626 4667
158 2508
5544 6646
6737 4562
9842 3807
5762 8288
9255 3608
1838 2742
1025 7531
2751 8692
2105 8536
2615 6002
8653 4025
9223 6504
4765 1625
999 9392
6293 1158
1901 1838
7804 8638
6400 7647
2445 2162
5936 1700
5771 7774
4442 6796
5305 7194
5489 7410
5730 8104
3412 4384
2130 2636
888 6896
4262 1888
6288 556
3046 8190
2394 851
6828 8795
8499 9274
958 4435
974 6729
2209 5417
3526 7515
2611 9015
4925 8342
7120 8338
2727 9251
975 3615
6147 5237
5504 2436
5794 8551
626 8188
9402 7455
6984 7902
6729 7943
2337 7704
4673 4546
3121 8199
2061 5733
7214 6987
4075 4334
5326 6803
3586 6301
418 9733
1539 5923
2169 7333
4474 2796
5522 3877
251 2507
1779 6980
450 4116
4684 5123
8663 7806
3323 725
3540 538
7712 7616
4873 3039
