1000 2
9807 8163
4209 3163
2933 4050
541 6697
5618 755
2491 1666
4122 9530
3301 7919
3294 632
8467 1811
6905 3407
3744 4620
922 4296
1971 9790
1969 8728
9405 1777
6891 3614
4940 9825
7664 5482
6523 3283
6237 9014
4949 360
8544 8251
8280 1839
8884 6747
3650 5790
155 7395
410 1078
1692 2381
868 3661
1110 274
5439 8002
3888 380
7828 1553
5862 4351
4837 2099
3366 9787
2460 1911
8039 740
3750 6923
7487 7401
2714 7642
4797 3125
8720 6489
5507 9589
151 6617
9863 5590
4619 3752
5970 2447
5306 1832
6799 143
3932 165
9930 6392
2076 7969
7132 5827
4893 4620
3228 7607
2263 8025
732 983
4515 6239
573 4666
2857 437
257 7477
4190 6227
9925 9496
8060 6724
9640 1993
6890 9571
8386 8967
7540 5518
4794 2434
139 8023
42 2402
6048 775
3386 564
7015 3959
5231 9872
4397 5488
7350 8587
1716 7275
8083 9777
4000 7724
1770 891
7295 156
9858 4836
5675 4653
7270 5814
2676 7312
8216 8725
8088 1603
9289 5103
5562 4520
4975 9959
8 2326
8547 1725
9602 6631
1502 3602
4355 3272
4494 1650
3429 4352
6486 9104
9006 3757
4919 1682
1070 3136
407 9158
4739 9696
4261 302
4217 9237
262 4226
1563 8809
5951 1165
5440 7453
4768 9795
725 9262
1446 4155
3615 7933
3260 2621
1690 8180
4304 2761
1316 4711
1919 6056
4408 6180
6358 8625
5418 6621
2851 6981
5430 8802
8147 871
6256 2915
666 6982
2178 2113
1137 5793
47 4397
8415 1737
2578 2719
4498 3894
7431 6418
9951 1839
2598 6309
465 8016
2930 3317
4998 8361
2120 3145
9232 8376
6061 9899
5358 8240
2013 6495
4033 2060
893 2449
3797 3471
5168 8296
7366 2599
4714 7317
4439 7313
3627 4904
5330 6558
8222 329
4920 342
3475 4152
8718 9537
4051 4077
7777 6064
573 1811
8125 1467
4260 1922
4939 9429
219 2305
2028 4934
9623 6468
2248 3251
1373 7579
9810 9595
7908 4730
9937 1383
8882 8656
921 2934
2734 8698
8999 3307
509 7124
4774 4769
9047 9713
4198 9267
2019 6227
4201 1643
2696 6450
4894 4069
4029 4704
3665 1937
9435 3602
3321 8318
2259 4242
1252 4993
2941 252
8301 3450
7377 3075
8220 6425
2789 2419
5692 4808
8647 9894
6452 1343
6344 1346
5413 373
6051 9078
2311 5486
2681 5633
3805 4940
9875 5058
9934 2816
5310 8235
6267 2688
1311 4487
9113 4100
6907 4806
8909 5554
4700 5361
6898 1045
6708 2311
1419 2759
1389 3730
8246 4070
9363 2051
9011 9239
7109 8946
2056 2420
7181 8324
5109 8493
2812 4222
2593 9719
9029 1502
5274 3730
6864 2172
4775 3572
4484 6195
6332 5874
9925 4579
9944 9289
6630 8956
8529 3740
7902 586
6161 5084
8911 1270
3577 1723
5493 6171
1443 4523
7674 6717
8253 4538
8890 3029
8111 3374
9224 4443
9248 9150
9022 9193
8440 5653
8150 6970
9394 6053
7556 5556
1137 6467
6827 4715
8191 2320
887 9634
6844 8562
6351 5097
3100 5242
8127 1212
8617 7351
5655 7865
6502 4677
7059 4942
331 5209
1912 9725
1263 9469
5281 2401
5936 2108
7116 4128
4429 8004
3762 1273
6566 114
6371 9667
5356 4498
879 3973
1850 6534
1839 8352
1212 8899
3295 1544
4108 5207
1269 5372
4677 6551
7773 613
8660 4889
4742 3089
2894 8504
4363 9460
8618 735
9128 3974
5234 7
7948 7084
6542 9787
5437 7755
8686 8732
9299 2795
3940 568
8167 8617
7120 5940
9231 5780
830 3973
8870 3724
2478 3233
3185 1096
3969 2313
5070 9203
2320 3019
6288 8863
2806 1726
6618 1492
459 5917
4288 4399
6486 2455
3017 3607
8396 2249
9387 9226
6223 8257
2951 8701
1491 6136
9797 5460
8450 4868
4664 771
7887 952
9634 693
2678 6252
2186 3138
2170 6474
7537 8657
8930 555
2264 7326
2804 1651
6552 9028
9909 9503
7729 1401
5640 7526
6861 4091
2395 1526
4862 282
2478 4496
976 5157
749 3163
8295 2920
9637 5833
1577 8567
6389 3841
5894 9194
5493 2446
8222 5402
1950 5951
6804 7591
3478 3665
1682 5873
5192 6544
6156 7671
1041 7133
2828 1791
296 1124
4711 9933
6958 6288
8501 3348
130 4395
2542 5624
6842 764
1026 8793
6716 7830
6384 195
1496 8067
6068 6689
4611 2225
4360 5653
9358 7189
7444 9654
8314 2155
9588 5272
8444 8090
8620 8574
2486 1163
4198 9328
1928 5225
8122 8644
3056 4506
8840 4553
2573 4909
1242 7185
7134 5603
2838 6492
2792 282
6147 1106
2438 5735
6379 882
3826 4999
9457 6312
6163 3656
5641 8091
8882 3763
6735 1938
8270 5575
6492 844
484 7735
8030 7619
3338 869
4112 6131
1152 259
7237 3590
5995 3616
4473 9822
8616 3930
6134 4779
7587 1776
2870 6469
5539 9606
8408 3810
5182 4900
4655 5667
2636 2685
3286 5975
3554 7398
2106 4706
7658 9343
8296 3654
2960 2769
3476 1576
6700 9611
6356 4287
1387 9226
756 6927
8832 9165
737 4015
4065 5392
9682 6702
8078 2969
2677 1632
368 4784
6338 8027
4127 4635
1681 7087
7405 5158
8664 4106
4769 5020
8393 6157
4247 9150
3084 3080
8315 3822
7095 2381
9215 6778
9084 7293
9747 1762
8925 115
6546 5264
8142 673
9899 9824
7761 7305
4982 6426
1411 9752
1446 9805
5909 5694
8956 8994
8774 7272
2816 5869
9653 2031
2647 8738
9324 2394
500 8249
2510 7046
3514 653
7719 3414
477 5481
719 5459
1907 2131
5212 3354
1937 1121
9048 893
115 7823
8165 2932
3692 7819
4963 6340
6557 4287
8735 7057
2537 1245
4103 6051
1898 1823
9466 2375
7304 185
7835 9212
2317 3047
2567 4254
4169 1616
5148 4285
9439 3313
7217 3132
1132 2181
9472 7689
6468 8207
4747 9006
9453 8850
5058 1352
673 4524
3728 7978
4710 1563
7190 7028
4611 9758
1282 8781
1374 6431
3067 813
9744 284
3945 877
2465 3418
8567 8934
1625 3314
7941 1079
2164 2999
2431 2838
7524 6159
816 2235
7723 8007
9263 2335
7766 546
1117 9140
6977 4184
9954 6722
4468 3900
7599 6934
7318 6166
5868 8944
9480 3809
24 1645
6809 2455
4483 4334
8615 5300
6569 6338
3308 5833
8674 1074
6379 9791
215 3357
3975 170
79 8444
4070 7678
5378 1389
3845 1247
334 3325
5056 358
4971 1866
2814 9455
6200 1429
4755 2770
7768 8064
8603 6442
9138 4983
6233 9354
8340 209
9524 8419
8653 3595
6098 4031
4984 9943
5278 5319
3269 335
5677 8240
2202 8492
7696 8402
9921 2452
1172 7689
516 9776
4132 9655
4759 366
9009 3099
575 8534
1519 9229
2129 7618
3261 7114
7561 8539
2433 831
8875 8111
9072 1078
6603 6768
9480 6525
9220 653
4215 9737
430 8347
9392 5189
8713 8402
8289 9289
6936 9808
8518 9066
7426 1779
6180 4988
319 8614
5819 9195
6725 4891
273 3328
1660 9754
9854 880
408 4069
618 838
2416 10
6027 1130
8413 4317
420 5349
4125 8938
4415 1552
718 596
6540 1038
9210 2360
233 5935
7252 507
9264 8912
261 9119
9793 670
3188 411
1508 5605
422 7536
6735 8835
1853 7155
4184 5979
6094 8600
7531 6812
9197 4071
7851 8407
6432 8085
4343 3684
8592 3608
2596 8854
2727 2389
9524 5916
2801 1033
1521 3223
8569 8256
2058 423
5412 6243
6402 1506
4844 3933
8319 4041
8005 6170
2449 4437
4255 6793
8121 2848
402 718
1702 3130
3108 1226
9046 5909
2260 568
9133 829
8824 1192
1252 4237
7435 7654
5744 2279
1588 4063
6321 9594
234 8771
4032 4490
5565 2154
7338 5967
2872 9041
9097 5981
268 8144
1891 2528
8712 1024
3357 7537
2216 4610
1775 9652
2265 7519
1932 3854
1582 8254
3448 1817
7025 7480
6307 2590
9634 3646
8558 2507
2687 7656
8488 2955
5800 379
5483 4513
1404 8841
2051 3621
3452 3826
3274 5717
1346 5206
9571 2929
3460 3020
4746 486
501 1054
3076 135
4700 1635
2643 7388
9291 1131
343 5092
1511 5827
9606 2916
4669 1657
6538 8121
5484 9812
3838 6830
5018 3410
9759 8479
6431 4506
8965 6932
5560 2042
7067 261
3677 9711
7649 2968
843 7992
8061 2355
3820 7667
5271 8489
9324 1810
6610 4809
1622 449
1640 6640
3860 1400
5120 291
5906 4085
7223 1466
6128 4291
1728 9806
4002 9377
2775 4845
7370 836
7200 1190
8503 2472
9679 7828
4282 6290
2637 5905
6739 4277
2546 600
5678 7666
891 1584
1752 8114
3051 7880
2405 4779
7687 6408
4156 462
1254 1526
1298 8455
2717 9801
927 2397
7629 5210
8687 267
1115 5427
4545 3661
6027 223
1328 6918
1807 3080
5033 4859
961 7439
9638 8648
3847 3795
9110 5101
5322 408
3557 8039
210 4484
436 7840
9695 9124
8107 811
4551 2653
4473 579
2876 5801
7498 4684
8881 2531
9543 9843
9970 9182
8491 3818
2977 7602
8920 8300
8011 2477
6339 8221
6962 6776
6062 6658
5900 4170
7469 452
6823 1942
1031 9700
7743 8529
4385 6625
1061 3929
6468 1032
3111 4960
4851 6089
2562 3771
4389 573
6249 729
8795 3212
7505 4858
9870 3406
9028 7339
3858 5851
9282 4889
5552 7026
3419 9937
3651 4481
3866 120
5513 6978
5080 365
3067 7643
4136 7457
8217 386
8186 7013
3598 5692
1871 3468
9098 899
808 2956
6751 91
7846 2304
7117 1266
2241 769
5748 6108
890 1262
3086 5970
1627 6154
3614 5764
3611 1831
6150 1798
8844 9749
7491 716
3217 6589
1615 4026
9546 8367
4118 7393
671 1235
8659 2913
2005 4407
9021 2895
5669 2108
8866 7297
8262 2480
3061 1874
4312 9211
3673 3157
8961 1164
3873 2179
7754 5489
6205 7300
3856 323
4693 4528
1559 3353
7441 3564
7760 6463
6459 3430
8571 5326
727 6834
7806 3788
8708 2119
3000 2381
5276 1961
3546 9150
4140 1300
4639 346
8600 8496
670 3294
3025 2229
6647 467
5794 4408
6930 2254
7838 5502
7580 8566
2336 5387
2355 1044
7507 5356
3426 2783
7317 6972
1934 1458
8272 6573
1805 6873
5070 2476
167 8095
4706 6815
8562 500
1223 5493
2755 9062
995 336
7628 3331
5723 9983
4375 3230
5339 7802
6014 2657
4774 7948
4116 3047
4522 5922
9921 9592
8398 88
7688 3104
6904 6251
3605 8127
1744 6360
7189 2739
6696 4818
6070 2420
4802 446
5651 141
8248 1666
2799 3023
9615 6916
6071 4137
2838 5992
3730 1237
6081 1418
4341 2985
7669 7946
1112 9414
4307 8302
2153 1003
3120 8224
3423 7923
8671 9075
8064 6920
741 864
9943 356
7781 6014
4494 619
2006 8224
1856 8088
9643 6198
1073 7313
4144 2186
6727 8451
489 8881
9455 3610
7105 2879
1533 5777
1954 9598
2697 2696
462 2640
3052 8244
8655 7547
8863 662
5771 720
8750 5415
6919 9824
2728 1064
2010 9456
9515 2499
8337 8971
6109 5443
1850 7642
1220 3805
7240 3917
6501 7703
6558 9554
5947 5214
7102 4811
5877 2873
5532 4628
8289 2451
4452 1018
3515 6462
474 3031
8962 8812
2002 5072
4256 3853
2714 5477
7659 9955
9395 4161
7659 5953
3716 3606
1168 818
8418 7046
3692 3950
1674 1981
6401 6126
2999 9917
2589 3474
2948 1552
2287 4951
6624 6543
8804 9338
2020 6463
9294 1415
625 6953
7369 4341
560 8538
5159 8978
5584 8851
2928 7258
833 9330
3385 3832
9247 5975
7307 2195
7527 9594
7146 4151
6138 5951
3490 8159
2415 2784
9575 3040
9738 6945
7381 298
5483 2541
9276 1068
1392 2205
8327 2226
1535 1712
6058 782
7687 3366
2978 5214
2960 125
9366 9099
6077 2856
7258 8492
5641 6834
1533 5379
3779 8914
