1000 2
4382 7815
9893 6666
9823 823
2060 4928
574 503
3800 2358
3793 8099
1915 8902
5557 8999
8843 9978
8994 7449
7971 6561
1618 6452
5133 1202
4044 4877
5808 8427
2693 5702
5094 2516
6525 7154
7445 7099
7657 1245
9458 1451
9345 1374
354 4902
373 9197
4880 9368
6646 2851
5929 8265
9304 1063
9467 3349
5940 5276
1776 8633
979 6870
1150 7504
4025 8595
4604 1683
9841 4062
3134 9186
5436 3489
4088 5810
2686 8968
5178 9333
1820 1107
7599 1124
2171 7067
4473 8111
2343 6250
6745 3323
3121 7896
827 7146
6492 5431
8829 6333
9494 1964
5520 4930
5453 9608
741 8140
8577 5919
7474 397
7027 5073
1522 9198
2140 5996
7310 4484
2246 4055
7807 5368
1952 8634
2515 8444
4066 1344
4778 3560
3309 299
8491 8763
9907 9232
6903 8485
5151 4378
8883 2178
9451 406
1377 1592
6402 8687
6076 8649
2743 3884
4018 4695
2518 6533
3140 6585
7878 7919
146 1187
8218 8637
9950 8126
7870 6854
6611 3021
1232 5494
5200 683
5901 6578
2275 2303
5265 8352
953 8008
2236 4971
2703 4755
1504 5844
1340 9382
3763 1487
570 1981
124 520
108 7994
7375 6719
1016 8607
2214 6217
9291 8115
2795 1567
419 8060
9920 1372
6069 2156
6344 8773
6912 7849
4617 8253
7232 8381
9740 7802
363 9864
8323 471
7859 5698
7190 8876
4305 9405
5094 3597
7520 7889
5165 7940
5950 5085
9312 2020
7242 5657
793 4154
3506 5410
2407 738
3792 2147
8541 4155
2012 6864
4626 9872
2562 1817
8748 6868
1222 3843
465 8743
1733 5631
6683 7683
716 5996
9703 7958
1653 497
2113 5160
5908 4520
5899 9700
6668 4440
3855 8680
1304 8482
8552 3867
299 7301
735 1522
1144 1201
265 2877
6832 6948
561 7549
2945 265
5508 4599
763 7621
9759 6671
2141 5659
6371 8809
100 227
7490 1405
8709 6043
5272 9009
3345 6008
531 4490
7209 796
7368 4042
7745 7930
1592 691
8196 7100
5290 8959
4721 5050
5630 6863
709 2001
5673 810
2228 3164
2215 938
9207 7487
9947 2553
3496 478
7043 705
1275 4411
4748 9021
2342 6340
9712 538
3441 5003
9497 8163
53 5127
5026 763
7129 700
1573 9358
3864 3789
296 3072
1277 244
5625 4773
722 2669
5479 1998
7081 227
1020 9423
6568 733
9961 10
5737 9459
8173 5790
4586 3200
6554 1716
3900 8127
1074 7765
1917 1370
837 3194
1614 6463
7967 2337
9132 3446
4336 6214
3674 5357
5637 243
6090 5599
253 1827
5058 8427
7618 9645
1627 4172
1361 5528
2300 2435
3294 4217
3806 4132
7412 5420
595 5379
7758 9728
8826 2095
5942 2501
7452 1580
2745 3543
7179 2999
5371 2238
1426 2989
1883 3054
7162 3244
8583 9463
5679 1877
3681 9486
6009 1093
4907 6604
6473 2665
6333 5300
4760 2276
7802 2213
3856 547
5756 1035
3547 1127
3273 4974
4117 5157
8028 1279
8401 6612
742 4081
8489 4424
3567 4498
5517 8474
1103 1991
1140 7437
7291 5901
9713 5093
8114 3569
5641 3871
4605 9188
4998 7879
4162 9115
3036 2191
395 1438
8803 1138
5519 7292
5562 9087
1791 1080
7562 2895
3071 8703
332 362
4604 46
5456 2719
3615 1097
6590 8220
285 1589
6100 4448
705 9136
6639 1100
574 5443
2239 6094
2736 7801
5181 4527
8881 2744
7423 1952
1447 7755
2315 6052
7801 7771
8771 1417
8868 5362
9638 9154
6951 5738
3603 7656
4875 242
8757 5449
5686 996
1543 8422
8798 6725
2949 7679
9470 373
9632 917
8128 1947
6969 5930
9719 5741
7348 8588
1103 6986
7742 8054
2725 1346
5711 7600
1589 4469
3049 7275
5466 4593
5697 4264
1319 8647
1944 789
9020 1576
1707 7149
3524 8676
3079 3243
4417 428
1832 5521
7414 9574
3575 139
921 9287
7739 2510
3757 789
9785 9223
5383 5482
3487 6702
4130 5432
7492 3150
7008 9199
299 533
7875 3379
3777 2293
3807 5609
7814 1222
5184 1390
1362 6105
678 9101
8615 4435
9891 8401
3658 5274
3884 7146
1976 8014
2578 9468
1164 9587
8668 1464
121 6543
4843 3898
8837 8651
9507 6651
9873 4692
8041 1235
797 8720
337 9413
3155 228
7815 6813
5502 1699
3960 7479
9713 6538
6948 878
6126 5616
2342 6247
2160 7186
146 997
5837 9654
7649 5710
4346 5691
6946 5144
4411 7283
4558 7566
7512 2373
4380 3015
4072 8340
495 3786
4879 7443
4664 1005
3060 7006
7253 5221
4192 7399
6219 30
7053 3868
5740 1400
9559 2687
6544 3970
9970 1102
1536 7483
3476 5917
498 7549
4257 993
1335 9137
8437 6000
143 1498
3006 7396
6719 7199
4796 2938
7230 1850
6806 2971
3250 6365
5658 9795
336 5629
898 1873
3112 4374
7790 3610
1923 2048
4604 3259
1185 3041
9259 1329
4539 2266
8725 1258
9466 3522
4197 6696
5372 1003
9667 8623
7369 5325
8418 7706
955 9316
9579 4067
3690 7370
7678 5614
9418 2282
8873 604
5324 8132
1933 9863
398 659
1122 9864
4181 5319
6561 9554
6323 6228
8177 3692
1554 6595
1399 2509
5912 978
6577 9602
8348 4256
5217 7767
6539 4090
8371 1863
2223 304
1726 2621
963 2848
2486 5145
8167 9047
4699 4490
5276 2877
8183 6830
9472 9582
9340 5384
561 5918
4987 8910
175 205
6677 6714
4295 5048
8577 6518
5353 303
9140 6316
3152 1627
1462 1320
675 6161
5811 5951
9038 3995
2782 8511
3578 2123
3896 4139
8042 8884
3050 8217
9089 9727
4931 3385
4776 3509
9904 129
3812 9045
6446 6965
672 7908
8285 1348
4070 4097
7300 3109
8092 82
1621 1670
2206 5517
5810 248
4402 8860
8466 3492
8588 3397
6877 3364
6906 6782
3494 719
5827 9940
7685 6500
7849 5971
7848 1919
68 5148
5029 8160
5231 6650
9831 7437
2168 5641
7686 6570
4502 6152
63 3090
9550 6940
6454 6457
3723 9949
7176 9550
9890 4862
6050 7740
833 3899
9659 901
9047 4689
9062 4279
1339 8894
1717 3507
4535 9403
78 9038
5556 141
2128 5106
7082 8583
1563 805
8532 8740
355 8423
3602 6406
6163 4436
305 5823
5338 9353
512 4401
3633 1851
3295 5350
5359 7831
4754 5437
6869 310
5579 8997
5416 2661
7581 6980
3466 6114
5721 3822
4537 9323
229 700
3760 535
6523 9098
9889 7036
3499 3522
8887 6795
8872 4246
4626 3626
9684 1495
3937 5263
493 9353
7925 8074
6334 1392
4189 2055
5215 8726
1379 5444
9426 5139
5979 5950
4238 5868
2986 7738
9391 1874
4533 8263
6121 9159
1890 5806
655 5827
1070 1148
5181 8995
9223 1516
387 3412
3571 5602
2139 4951
1047 1566
91 7026
7517 4329
2895 504
2067 2286
2378 6601
550 8500
5760 2440
4306 6415
8268 5376
7564 3450
4371 6788
4966 4759
201 8538
362 2340
3489 1409
3907 3580
8436 1424
7910 1331
1928 9978
3618 4306
6579 4168
2807 2340
6609 7113
8755 4877
2490 6320
8328 6862
3109 3294
1622 3310
1832 1984
5651 5322
3393 9558
8903 1829
982 6813
3161 2911
6792 6779
7218 3372
948 25
5712 7557
7139 4468
2435 9629
788 763
6492 3898
4057 8114
7208 5890
99 2860
1212 3492
2419 116
5322 3402
6930 8484
6313 3722
5264 3531
7095 6212
3557 2807
3769 696
7275 6204
326 8064
6968 6819
1963 1026
4933 9171
6916 5032
2032 8129
8525 4451
8245 3848
7853 5175
2333 4167
8898 7597
7698 5993
3809 1256
8800 7579
1952 6076
3783 2279
4141 752
9098 6104
1778 4032
5276 8694
9065 7308
6824 7590
1760 5069
1439 9613
245 3772
3781 9143
1370 1480
5136 5179
2736 3937
2758 4688
13 6542
6968 4154
7294 6066
259 9073
98 5535
7767 9163
2844 4592
6754 4604
9661 8194
4218 9907
1967 7999
9050 3337
9479 4187
8517 2216
8124 1276
6905 8137
7818 3873
2292 5113
9939 2552
4186 38
8087 1954
9202 931
6546 5957
5536 6208
4151 9754
6115 6119
7754 5166
9457 7234
9353 7974
9450 7477
9250 6355
5615 7069
228 7908
2182 168
460 6369
207 8548
8324 9409
9480 4870
5367 5016
1079 9519
4771 7195
5638 2525
2362 5095
9760 1715
3070 9210
9193 2320
5566 4809
9389 5795
2717 1572
5963 3178
7942 6171
1727 6266
5581 1207
1137 948
6224 2216
467 995
9412 6106
3521 1774
1201 3282
3490 4271
2492 2683
6592 8058
7493 5982
3853 211
7555 9817
3389 5497
5988 5116
1763 1569
6323 2901
2518 2548
5118 2985
3544 4530
9091 7065
6305 293
347 9795
4565 2840
2479 1157
899 9972
7140 4753
183 4695
4570 3572
192 559
8689 1956
2129 5013
4858 4647
7561 9976
7633 1105
4506 6725
8171 811
7019 8519
606 1584
1359 3086
2742 2258
3058 9882
7012 3241
4577 1582
6814 4770
2142 5504
6727 4271
517 1585
8919 8079
1562 6553
9184 6068
3278 7356
6880 297
5875 7487
1882 7235
573 4624
9494 3632
4507 6506
6873 9085
8089 3688
3856 231
9192 583
4503 9710
2169 3423
7789 3731
9976 6974
9800 3255
4330 6681
3553 205
4168 5435
7441 4742
60 6935
8374 4567
3441 5248
3652 1530
8936 7508
1762 8129
8092 6266
7839 262
9689 5629
3994 9666
2603 3794
2922 6933
475 6475
7139 4644
1911 4580
9386 1971
1516 7760
6538 4957
3009 191
6488 1945
7700 8251
75 5793
4518 7915
6055 4207
3544 49
3874 6147
3844 6797
3081 4320
3272 221
8964 5183
4802 8351
7155 6318
6112 3694
1276 9121
3885 7764
1067 1586
6016 1142
7379 534
9057 3435
4742 2602
3484 8617
8749 7329
5414 1831
1649 8686
2052 614
3870 6854
8965 1025
3172 5077
4719 4448
4198 8605
2213 5265
192 8230
6408 7571
8764 5466
1006 3507
8068 4491
2124 6818
1820 7538
8649 3469
6225 702
4084 96
7556 3049
1122 729
8126 5842
5178 2325
4448 7392
7591 4640
5622 4000
2211 4387
9466 3218
7894 7535
7709 19
4353 9529
7558 3003
2999 3784
3706 7084
3880 1262
133 5003
1992 8260
845 7170
586 5293
4562 8177
9933 185
2178 2145
4573 1644
5363 2468
9180 3073
2487 3534
2603 46
6537 5602
3830 243
2687 7711
1506 2820
2715 3499
1081 3560
669 1667
8854 5232
9845 8788
5418 2023
933 9991
3668 6297
2459 2848
9370 4947
6382 1973
4993 2920
7576 8824
3164 263
6536 4671
3084 9251
8170 4165
2812 8839
5832 1666
4072 5678
455 9491
7701 1389
9482 1369
7686 1942
4217 7057
6889 600
9031 1883
3520 6608
708 6685
6871 7244
1356 9956
6496 9526
4121 9308
8366 9954
975 2439
5632 1430
1930 3334
2819 1413
4703 506
3355 8921
7564 245
9522 6595
2129 3043
3204 2837
9728 76
82 1085
32 6578
611 4154
5887 8978
4109 6862
1418 9741
8293 3348
3076 1113
4761 7780
1620 8117
6702 9184
8363 6224
5780 492
9267 8984
3330 8995
9060 3412
80 9093
9991 692
3247 5878
9671 7356
2741 1089
7098 1034
4438 174
2147 9200
7954 3767
7317 4656
2952 5681
881 8732
6173 148
7717 9503
9144 6778
2916 9225
5871 2908
9917 9118
8787 9588
6475 1528
678 3573
2562 5116
3748 4710
4316 1702
8478 1634
6359 1430
7315 7241
163 3489
7389 7881
2993 6533
4659 5909
5758 531
8818 5676
9649 7605
5265 6124
9133 5943
9698 1696
1060 3446
6407 5377
5149 4885
7011 1509
6316 4327
8750 6480
7816 6139
4361 809
2673 9021
6719 8432
9552 5537
4108 9202
3142 9374
5327 2276
5318 5025
3972 6378
8472 379
1755 3621
5265 8766
5130 1581
3093 3881
8061 910
21 2423
1719 2694
1445 8438
1127 998
3976 5236
200 7118
4610 5528
