1000 2
91 2009
2590 9422
7335 376
2031 2209
5594 155
2602 6153
4903 5387
7107 8884
1201 7809
1387 528
8056 7882
7187 8059
9974 8536
1179 4827
8644 4324
2236 8736
6333 4826
8158 3669
5203 190
5879 798
346 8481
6952 5249
3869 4059
4134 5070
1869 5522
5598 9925
3404 2786
7985 3379
1322 9164
8207 9966
3489 443
8702 9823
5270 6861
3493 474
7052 9372
1273 7398
7854 8225
2648 1723
2285 6783
6794 4155
2305 2393
4081 5710
5179 2066
9090 6502
1231 7297
6469 4721
7741 5172
4544 3012
2033 8038
3486 9086
7410 4760
6484 5264
2986 9132
6988 5272
5915 3783
9427 8221
6177 3508
3931 1356
5575 3022
7859 6807
319 4328
1528 8061
9500 6073
1073 1534
4111 4559
620 1522
9320 7105
6786 2306
6237 3775
7578 2153
7559 7006
375 3736
515 4306
5093 6091
7328 2952
2898 7648
7280 4427
5709 6781
501 6782
8315 4613
1342 8936
6135 662
6041 2922
2969 2279
6698 548
4433 4257
7554 4808
7993 8070
9115 3086
4161 6444
6038 7060
4092 3319
1487 9802
101 1989
6584 8417
6602 7927
7353 2737
8590 3395
5660 1560
5674 2358
2108 107
6615 9663
4915 4608
7733 4030
7694 1895
474 3733
8955 4567
7053 442
4369 7154
2432 954
5571 9034
8882 2924
1772 7472
6319 7432
9032 1994
9790 1141
2101 6405
804 7017
1014 8538
1047 8709
433 1522
2442 9388
6089 9495
9831 459
6650 2263
1414 2221
1298 296
5146 3070
7769 1466
502 6801
3460 293
7943 5561
6699 8747
2579 7713
7286 3627
6422 7719
5149 8865
7108 1239
8361 6940
1699 5011
9203 3113
7233 501
3409 2379
3572 1178
3845 4074
7980 7305
4368 5923
2867 1067
4671 5447
8781 1957
9074 5204
9677 4223
4069 6786
5463 2431
3726 7162
7442 2930
276 4675
3432 3685
7055 7004
4864 900
1079 2845
8206 5447
8768 1074
6515 3440
6521 5296
5398 5595
500 5076
9819 4570
1862 5282
7001 5589
2445 4444
8519 2721
9120 1951
6407 6175
8955 1272
7076 35
4117 5282
5482 2886
6357 1997
6326 2878
7294 1725
8474 7794
6801 8294
2365 8664
3576 9366
4253 6022
3810 2773
8744 2930
4725 5151
9106 3681
6423 6182
3716 541
1464 9198
3427 7822
1196 9754
700 8490
1480 9175
6285 8282
7469 8650
6946 1046
8016 1200
7068 1827
3974 5813
4758 8699
964 3864
2380 7388
46 6096
7929 1511
5295 1357
9333 6491
1112 34
4982 2593
9210 1267
875 6679
9917 7821
7726 7934
9022 4795
9762 2996
608 4521
1695 1572
8385 4075
8961 8432
172 6891
9944 5467
8248 9277
1959 9361
9312 6941
1954 8522
8208 2829
5202 8126
651 2928
6061 9673
7723 5824
2669 8331
345 4365
9904 8731
8441 8865
7164 8613
5756 7108
4081 4005
6386 6041
3367 5699
2982 5322
4221 1191
8151 9424
9318 8803
2352 5380
8476 76
1204 1146
8408 1550
5512 8312
282 3953
7178 7446
2567 2935
4555 6649
6941 941
2690 308
6641 5672
5630 863
6864 3782
287 6182
2586 2640
1563 1063
2717 2767
2209 1125
4318 7721
9438 4600
1675 6617
2046 4242
9552 6601
891 6494
7543 3582
6803 4184
9254 2434
5047 6119
6216 5335
2302 8803
7975 3865
9866 692
6633 2075
1818 951
9797 1256
5552 1473
7874 7598
5715 7426
4200 6607
3921 1744
189 724
5929 9444
3158 976
5563 9375
6312 7866
8178 4287
1731 8044
4980 8365
120 6798
9316 9918
8055 4868
1391 5929
2467 7107
3356 6668
3714 7277
8412 3904
8001 4342
3349 1160
5318 8912
535 1630
6779 8714
5918 8511
6759 898
6876 6879
7697 6193
6798 5752
1062 8189
1681 3530
5296 5037
198 9011
2315 8611
2916 316
2953 6265
1477 8272
5178 2013
9903 1957
727 5822
468 7486
6720 7344
4366 4418
3538 1165
170 4600
9354 1851
8130 4651
6889 8329
3663 9204
6940 6579
9521 9894
2844 999
8167 8022
3012 8070
9979 3739
3893 448
1226 614
7793 5593
5032 1331
6758 5202
5931 6113
7054 4062
764 3944
2391 4428
3149 9331
1007 2670
9226 3851
3669 7393
1874 6682
5464 1853
421 9357
2302 1648
9971 95
7241 5003
1426 4000
206 7357
113 7260
1419 878
1204 3810
5306 4354
3142 6313
7024 2369
165 694
9762 2039
7376 5226
3892 7798
4584 6195
9446 4555
6290 6688
9559 7716
688 9765
5074 802
7026 6494
1680 8231
305 6986
2585 3447
3299 9609
5817 3465
304 5579
5504 7681
806 9397
5479 5390
5592 4926
9946 1882
1615 9505
9598 2304
9270 4673
3106 6296
1167 4786
4527 1472
1773 7112
4920 5073
6722 737
8538 7027
6316 4042
4708 7123
3439 188
2513 9032
5115 2460
914 6731
1965 513
9035 1236
5186 2142
7532 6353
6928 2060
7826 8702
9173 2746
3775 5896
3484 2314
2923 9801
6356 7632
6924 9796
7821 9438
8829 2937
1898 9743
9668 3863
257 8703
5099 5443
845 2632
1797 7774
4693 9623
6476 3866
2370 252
9762 5854
2566 2686
5655 8923
319 2579
8720 8140
2018 7549
1077 3916
7293 745
7780 7550
9449 2879
2993 295
5512 4791
8070 205
4415 4547
4071 6785
4799 3834
2639 7366
6520 8295
6290 6840
875 5010
4980 2893
2560 6058
6810 9853
6804 4590
7403 6253
7469 397
6549 2982
5188 4619
3187 9603
9166 7259
6388 3966
1093 9028
1332 7614
7324 7622
4454 8199
2633 9435
1093 5193
5493 7903
5046 2297
2493 2449
8551 9963
2846 5100
2945 8034
9720 6133
7638 8886
3392 4027
2852 4486
3055 4185
2100 380
1808 6555
8579 4441
5990 9673
9634 1483
7576 4681
3781 70
7130 2332
34 9977
7433 2980
8012 7153
9113 5650
6040 2505
9677 8893
6991 2733
3078 9092
3113 4886
5647 1693
9328 1638
1366 8962
3122 8943
3644 6903
9013 774
9236 9048
752 6669
2028 8764
3823 1141
4415 9864
3647 4093
8757 639
6826 1836
9731 9940
6723 5379
1634 6051
7018 3000
5014 140
1944 8658
7043 958
9433 6280
6 185
2949 2034
8950 6773
3175 3365
6637 6823
7458 5395
7462 4285
7231 7194
4226 3954
2574 5860
6 9592
8861 5020
9732 805
3678 6776
1763 3111
3056 1770
3296 6005
3804 2247
2779 6980
5612 9417
3803 3071
4812 1265
7357 2044
8460 1583
5999 1034
7444 6005
626 6305
1025 358
7111 4704
7134 8875
7815 190
645 1112
6196 4449
3359 8976
1430 8972
8394 5233
2043 3206
6499 9400
5251 4959
984 1250
5994 8428
7255 6620
4734 8281
6979 1845
2985 4114
720 801
4305 1365
1914 502
5815 5274
9479 7245
4246 7873
2479 6290
1080 8978
5691 6331
3938 6675
7582 9933
5104 4838
6553 9838
3119 3533
1683 6105
7648 2403
6906 1953
3769 8820
2455 9584
4095 1935
6830 8341
9808 9309
4631 888
8288 322
7219 2227
6998 4801
2160 2102
9639 8714
1940 2759
2247 3623
8864 9895
6027 5771
1849 9796
4592 4305
9381 8687
6240 6211
7028 6048
5521 1660
6936 3809
1983 4156
6037 8981
8958 8197
1084 8597
6911 3024
1357 9159
6648 221
9055 2676
5992 905
2473 584
5210 1854
9271 1451
8066 6300
7499 3588
7960 4436
7397 9943
8593 3434
8925 7551
1632 10
6148 8544
3034 7505
7704 9683
7727 6759
2360 3719
7665 4833
4304 2875
6688 3576
4327 4755
9876 1826
8343 7836
6263 5741
7780 4856
9176 6706
2407 808
6716 8556
9352 9751
6062 7056
9435 3790
3816 1795
7510 1481
6629 1814
4357 3317
5390 8684
8072 5267
511 6416
3104 6775
2157 885
1631 1333
7591 4039
2141 4308
2596 1494
4059 8659
8551 3494
2449 2368
5290 9959
3849 1919
1774 8207
5237 7165
6891 3310
2432 7403
9726 5536
4178 1883
6421 5810
3216 4013
9850 5358
8321 2446
6853 2380
1106 5405
5875 3555
7773 1166
3515 1622
3086 5289
9830 8323
2454 6722
1633 4886
4125 1359
423 8304
3243 6844
4115 6460
857 3965
1818 9179
6412 8672
1559 7518
4077 7435
1074 1850
8602 4589
3473 1688
9879 3303
11 2333
26 1645
7220 4151
3004 7643
2456 6247
4488 6571
2707 5346
537 4526
4525 6949
3199 6085
4468 7276
3521 5542
9127 2123
132 2600
3811 11
5904 3823
2345 5931
5468 9565
83 8473
7209 2539
4721 1698
9111 7428
7044 9648
1955 1570
6597 5154
7655 1066
2431 1177
6608 1558
3300 6741
4159 7112
6752 64
936 9097
5995 6404
8663 6078
4878 5872
8618 9599
7570 7729
7028 4615
7377 8983
6185 3975
4138 3841
5041 6569
5019 1650
8128 8319
8391 2287
5432 5144
2352 6369
4241 8348
2774 2905
4427 7652
8778 3045
7251 6349
775 4279
964 8152
3263 7150
2128 7402
992 7170
3971 6011
8820 2100
4331 7212
4388 9763
2356 6740
6132 6598
5088 8906
9503 9515
6559 8281
2561 3810
4630 3336
8090 5595
1489 1353
2745 3617
8756 3738
788 2727
9749 9609
4828 4080
6821 9216
3843 9178
5957 9976
5776 1046
8883 5280
562 5442
3562 3123
9253 8193
6459 7343
3789 7949
8697 6535
1567 7453
273 2355
181 22
1964 5009
4102 8786
4226 7946
7964 183
7922 3741
1229 6806
9022 1791
2248 2585
4914 1501
778 1374
8845 4567
9323 7542
1103 891
4996 1376
3246 5177
1398 5211
187 5500
3997 4413
3447 1962
4597 1370
5704 5826
8176 4726
7618 425
7312 2533
1927 8090
3908 772
2658 3232
8315 3761
4123 3311
5138 7369
8489 6536
2580 8677
2037 6578
3090 5484
8540 7688
6854 4245
3514 5030
8971 1133
5456 6283
3666 7383
4374 7575
8156 7033
807 6471
795 4930
9783 5933
2300 8273
2470 4880
6950 4507
1459 41
9991 0
7729 6845
4245 1243
1876 3217
2377 7332
9501 6044
4715 3876
3619 2872
909 4426
9343 1705
9357 9127
7639 1657
7400 109
6538 4350
4616 7997
4391 4607
7997 2120
1453 2243
3364 3330
5460 5741
662 4962
1786 5378
8838 5405
8250 9748
9832 7594
1453 9189
6721 9092
846 4121
9201 7384
8472 3818
5382 2863
8425 3380
4983 9879
5623 8348
3209 1084
4090 3872
6046 5876
9251 4885
1281 7502
4633 1113
5096 6087
302 1818
5179 1149
5940 4381
8534 4412
8199 3916
7276 6625
7297 2260
6505 2921
608 9714
4006 4698
3587 52
574 2839
4938 1856
341 9571
2969 5438
5658 3272
7256 838
4422 3197
5220 2956
7609 3420
6873 4885
45 4171
7145 6551
7092 7754
6266 1098
2452 9853
1151 3027
2692 6089
4883 3034
5661 7853
8472 1320
1126 5729
2159 5548
8927 7379
8505 6536
799 5378
1422 845
9549 8568
7396 6642
6323 3662
7740 8776
3516 8891
1803 6209
4981 6687
9243 642
4540 7716
1962 5666
3445 4122
1214 2372
1501 9720
8909 2301
5098 332
3147 4648
8901 544
1290 5224
4206 9031
4000 7723
7922 5804
3932 2904
2491 3176
3546 7031
892 5509
2698 4338
9631 3913
6710 1133
3633 5620
3434 8732
5953 6582
3380 4854
7126 4671
79 1333
3702 4080
9056 1625
9884 2989
4529 2375
6165 8075
9407 7057
3585 2106
1395 3217
6019 8106
4350 9653
3727 7785
8385 9680
4367 1766
4535 1494
6437 4614
2827 140
8694 1884
1765 8578
4874 6294
954 1039
4370 362
8097 7956
2469 9493
1173 8488
7599 5523
8142 1327
3309 6527
1007 7676
8294 5542
9171 4732
156 1999
4872 8851
3884 6637
7430 8758
2932 8385
9798 7302
8747 7895
5258 1216
7389 6431
9705 4989
1955 7847
6316 5264
4375 7323
2941 2670
2866 2112
7402 3023
4111 2274
1875 7995
8912 9305
6754 1844
7690 6552
9146 6438
4448 4405
7654 1837
836 7360
6827 2792
5208 3143
8056 9584
467 997
2254 3334
3110 9657
6357 7221
1931 8232
5217 843
