1000 2
6974 7058
8510 1557
7963 1525
6772 6816
8691 8033
6551 3660
8247 5021
5548 9351
7309 5378
427 2496
5336 9586
4775 4570
1599 1896
4642 502
7967 3485
2404 4942
543 915
6499 8507
2441 3272
5324 1133
1306 1875
4793 9553
6896 342
8905 4206
5720 9332
6702 1057
8919 1478
5627 518
3374 269
1020 1341
3755 3425
6283 4299
4341 2783
2807 6782
6055 8131
7915 7362
7 2709
6915 6904
3051 5821
1110 8772
5154 7812
9830 4073
9290 5457
4591 2664
5727 5612
4006 9482
9038 290
3782 3379
3073 6589
162 9129
4721 8078
6491 4728
787 3407
1632 3839
9229 2742
2612 4383
555 2442
8456 9845
7899 3048
2510 3626
8661 6517
3109 7699
6807 6892
1078 9881
3482 1240
9011 8203
9319 5503
2931 107
8910 4563
3946 8140
7306 6558
2523 7861
9000 980
7707 6900
4029 218
527 2690
6735 3637
389 3542
529 1467
3424 4012
2708 2435
2215 2028
7938 5147
2135 6849
9711 6081
4989 7017
2640 7513
4878 1641
8493 2586
8541 2523
2804 9069
5213 9539
2706 5602
3082 3236
7070 6507
7248 9779
8942 9464
1807 6881
4611 3942
3730 4322
24 8720
1339 2664
6233 6218
4306 4727
8804 2848
7250 1609
1917 2463
1149 4624
8066 4231
7860 5136
739 5109
4916 9681
4573 6723
6563 9185
666 293
3507 690
9013 4847
3355 5247
1065 7662
9975 9870
510 7226
1480 2428
9689 2629
7052 7756
6861 4913
2893 7600
22 7809
7282 4596
4533 3845
3781 5199
4138 7289
5890 3152
2136 9246
8400 3202
6908 8375
3073 7418
5601 4553
9846 5291
7182 6899
3047 4043
1812 5941
1643 1835
3750 8926
6432 8283
2771 213
3483 6909
7503 9373
62 9639
8619 8463
2842 5527
6838 5915
2946 2440
468 2793
7732 7651
9692 780
1694 1504
6721 3338
3340 471
2264 9772
8755 5035
9986 2238
1945 7489
1611 2008
7129 231
471 9971
5759 7310
5886 8705
9750 6355
1498 7483
4006 1191
8263 5701
2696 4984
9039 6036
5456 1304
5809 4212
6339 5795
6450 8285
3285 8062
294 414
8293 765
386 4052
8075 6272
2758 7826
2628 4257
5310 6634
5448 3573
2335 8144
8558 1375
4181 4015
2679 9990
8227 9019
5785 4678
7305 9070
2740 7599
9485 1034
8364 9871
5087 6440
6144 7845
4267 8772
2103 9577
5407 7551
3151 7743
5696 1709
9118 9877
5725 1798
9867 3952
817 5652
8630 8122
4723 1371
5721 4208
2406 4086
4080 7494
527 224
5340 4794
8996 7443
4372 4403
4994 7523
2146 690
9233 1265
568 4958
3063 435
8911 3881
6088 7541
2004 812
8913 7725
5020 1320
1812 9100
8814 2339
9325 4154
7134 8321
1597 1506
2725 6592
9030 4872
7282 8263
6138 7851
3222 9201
8286 2133
3083 4375
9675 5087
5187 8589
2813 208
9909 4625
9309 8723
6965 8634
2877 4099
6955 4475
5606 9681
1067 4636
4553 8350
2900 692
6201 6122
9893 4487
8255 2977
8862 7930
8064 4050
6519 877
4258 6429
5503 3567
5152 2468
2201 8030
6568 9157
2505 2174
8838 3572
6810 3392
1922 9710
4084 8123
5833 3978
2611 4088
6955 1474
2019 5020
5524 8539
5897 9782
4968 1401
3349 121
3870 5550
8151 438
4708 656
2612 3546
4228 9423
6939 6151
9134 1023
4274 4967
5002 6885
9055 1958
8359 1075
6978 3884
9615 2876
3666 4583
4277 7015
4705 8147
2566 2856
8585 7275
3513 1198
821 7742
621 7761
3893 9755
8785 8167
4722 3787
5053 3778
5745 3413
4854 2723
7297 4469
5600 963
9053 9877
7979 3758
8025 546
6615 6610
7821 128
7809 8643
7870 8430
6404 1763
8186 5189
9931 2908
8977 4985
6687 4722
8399 1541
7446 5696
6011 3046
6660 5064
2924 4640
8823 949
5187 5438
7560 3009
5567 5369
1652 3438
3799 8057
5202 1985
3247 5133
4894 2224
119 1582
6947 8518
3124 4394
4215 9135
7441 875
4200 365
5516 3023
1314 703
8462 8875
3712 4030
4244 5365
7468 8044
3422 2670
30 6670
7804 4925
8894 7924
6507 5842
6442 9631
236 657
8767 7677
1533 2967
8042 7049
5991 9357
7753 4453
8232 1466
8484 2477
6831 5953
521 254
8623 551
6924 6428
5476 5819
4352 1984
1661 794
1615 1897
1452 382
9575 2985
3350 7617
35 9341
6975 7788
3795 5208
9255 2279
7685 6086
8232 8207
6341 6856
8759 3266
3284 4236
9085 7637
6220 747
8432 7836
2645 9884
8219 2220
2870 1569
9838 2906
910 6814
695 4706
2022 9950
6985 9708
6037 5218
7915 2378
2074 6674
5644 5359
910 4730
2997 7130
5477 1429
4967 8122
1314 3186
343 4185
4755 181
7091 5666
6995 7787
372 9017
7737 7358
8725 3774
2577 6641
6152 4652
3315 1797
12 4225
6527 3009
1356 2004
4439 6323
127 5754
9509 470
9939 4265
651 7031
9932 7647
4818 305
6665 2556
7663 5390
6330 240
2032 2483
4892 5347
4281 4904
9573 808
7914 930
2813 2353
7253 2940
8107 6763
3410 8047
1029 4062
5079 961
1709 9898
1266 8374
2454 8930
3765 8785
9171 5797
1269 4064
1145 5550
8968 718
6359 6883
1649 9172
9236 8902
2112 7344
5666 5523
5392 6696
9585 472
7658 1295
370 8925
9669 2825
7855 3434
1610 7026
9232 2880
1090 377
8430 59
1096 4789
6942 2745
3962 6179
1648 6074
3524 7315
1597 8917
4011 1183
9389 1669
2478 9759
594 2148
2585 8450
5583 4195
5477 4815
7075 6568
5193 5506
6628 6290
296 3571
9036 4258
9750 684
333 3275
8000 1931
2193 2012
3114 1582
3681 5593
1342 4276
7741 3927
2727 3324
8123 8204
8140 5199
4772 3333
706 1400
9624 1002
4972 8660
5261 4723
9345 5594
7998 7345
7525 191
9357 640
1774 3039
6233 3116
7316 3975
7044 43
7299 5167
8247 5439
367 3020
8773 1073
4421 8397
2075 9393
7058 7336
4116 6403
2931 2115
3748 456
2307 3106
1097 4081
6145 7330
7198 3461
1305 4243
3505 8605
9411 1753
4045 9778
4774 2819
851 9195
1216 2927
8589 8275
264 2706
4678 3195
4821 8426
3652 7129
1533 4749
1210 7678
2080 8409
1140 3385
2653 4646
1991 2064
6399 6036
1842 1173
8855 2694
369 72
5621 8958
8347 5886
1664 3025
9082 6486
1452 2734
3615 2985
7484 4826
664 9564
3236 1805
2949 5889
6451 4940
7953 2851
977 9796
4024 9832
2490 4394
9905 8112
3352 8252
3999 5017
1278 3081
1504 2730
5815 5119
5716 3299
9945 6381
2864 3181
8186 5814
9071 4638
755 7024
7489 1732
6821 1514
1565 9312
5908 1470
7425 9261
9723 1424
4278 1001
4505 5782
3732 321
902 9448
3621 848
5830 6485
4030 4016
2299 3101
8654 3054
126 6144
4787 6947
7658 6352
6259 3566
7822 3684
2828 7545
5109 7107
8547 9615
2890 2279
9936 3792
1728 3558
4640 7558
43 8671
1574 2343
1772 229
5398 1898
6373 186
8846 4032
6538 5106
7599 4361
8791 427
1907 3900
7535 454
3515 425
2733 3452
4217 4462
7010 8858
2020 7054
7530 3595
9397 9302
3825 4796
1201 199
4982 47
4231 1521
5154 1831
5882 3945
2259 7789
7845 9794
8244 1361
219 978
4813 4437
5440 1823
3296 7460
8877 826
1056 8275
129 4882
3072 1330
5081 8054
1378 9313
9576 6532
1144 5458
478 3403
3248 8323
3198 1492
9684 3417
2470 4498
7854 7910
6321 1151
5371 5198
1977 6428
3474 2106
1310 6546
3437 6392
4601 4816
5705 4177
1349 6850
9636 1827
254 2884
151 3452
4377 9836
6869 6847
4334 4724
4758 655
5875 130
5854 7853
6559 9329
9960 7869
5875 3397
4261 477
8214 9967
4654 9563
6817 4291
1391 7071
7175 1542
523 1552
1378 7393
8400 5712
2118 3159
6367 7993
3290 2222
5847 9849
1551 5807
7718 7427
9205 1980
7904 7419
1947 2559
6983 8764
6850 8374
5836 4025
9916 6359
5578 1294
3753 3979
7007 5871
7139 3374
3865 429
5597 9712
278 7148
5519 7996
4575 4725
9977 2480
2145 1924
5039 9128
689 1889
7502 6525
5915 7419
2885 1494
8714 6638
5473 5721
2509 2613
9096 6375
3042 4693
6087 3320
1842 1607
1317 6418
6332 1294
8898 8477
3219 3938
7605 3908
5827 5108
434 1743
2528 3319
3237 1242
9957 8711
6963 2467
1324 6060
8842 4366
753 4930
7687 2596
6537 9005
9015 2870
300 7913
1347 3519
1852 8953
7428 7679
4062 7862
9423 6590
1181 2660
7833 1139
1371 4797
3607 2695
857 2450
7062 1611
7380 4749
4207 3918
3755 3222
6788 4055
1136 8136
7574 2988
7090 5003
668 1152
2865 91
7743 4047
2752 5576
5187 4123
374 8794
6819 1231
1245 3882
2843 8625
8632 7051
2544 2387
273 9333
6442 1410
7469 4017
4399 4559
9020 5068
5712 1886
5160 3455
5933 7912
9032 1121
2036 9406
9915 8855
638 1160
2737 3481
9786 1369
532 2331
3757 806
1664 199
2217 9133
4217 6617
3693 3237
1685 9405
5124 6845
2860 1058
4758 1893
2179 6794
1299 2095
5650 1938
3255 8388
5419 3042
9758 5952
5373 3515
6758 7037
3714 8975
6171 7931
5592 9864
1169 7278
9269 6293
4124 2130
7351 8882
4023 9530
5676 5323
1626 1326
7261 4882
9714 2680
7924 9472
8632 3298
2988 5391
336 6703
4367 6508
4634 9960
6372 5804
7238 5642
2098 1362
7773 9449
245 1796
8980 5921
7120 606
7248 4381
5488 6963
7062 3413
6436 5695
6712 9424
1087 7048
6128 5454
3556 762
5414 9929
6567 2653
5572 8665
4015 3345
8115 4261
5142 7096
182 2262
7702 7431
6644 3191
4395 3706
6605 832
9402 3317
257 489
366 6385
5944 3923
7148 1358
3852 3715
4012 9424
2381 8028
2770 496
2289 7912
7592 2471
174 5295
9903 6819
8487 4299
526 5092
5131 9928
8409 5388
418 8776
1774 6362
2699 8922
7721 6552
2638 1733
5977 5019
9761 8747
5515 2050
6659 3108
4522 6834
8403 4426
3654 6890
8725 4180
1982 3857
4109 392
9246 4527
9169 1020
890 1868
9942 8612
8421 2580
346 4398
7600 107
3145 3115
2158 9805
6224 6681
6640 4627
1108 294
1518 9833
4475 3501
3690 8584
3894 2936
3112 3063
3957 4002
4932 3899
2615 3353
6480 2961
7751 4080
3069 897
7196 5228
702 3420
1909 7343
8047 3017
7637 9566
2851 2112
3067 6542
697 6961
9479 3809
24 3436
7812 4956
7335 427
8309 3816
3388 6060
7896 6457
6957 5092
1685 7660
8512 3595
5003 6560
6612 2641
6126 9464
4754 9194
6006 5451
6155 5485
9261 6179
8922 7073
1136 6257
7500 9446
74 888
5507 7970
7346 2465
3063 9031
125 1575
2626 5129
8136 9239
7771 4263
8703 2525
3457 4710
7977 9612
196 7239
5792 9118
4312 6929
5376 1812
6375 5450
2701 1882
3420 47
4347 6483
9079 4473
8059 1706
9603 6196
946 7374
459 9650
9900 3916
4360 7878
3529 4556
5117 9321
3675 9430
6251 9051
1243 2626
4501 3944
4509 7922
3992 8857
4405 3071
3331 2465
4778 2934
8661 5724
309 9120
5374 209
3037 9734
8088 6566
4291 3206
5888 7966
2636 2139
7018 3879
4766 1519
7824 9275
9441 1816
8132 3847
4888 1463
6312 9666
4398 4974
5390 4707
4095 765
4917 7132
500 3005
3699 4791
6211 9587
2758 8848
1727 9776
2727 6493
1296 551
5768 738
2368 3901
4585 7256
5365 898
6923 9763
5873 2314
4470 9968
3079 9387
7101 3579
2393 800
8371 8605
388 1130
7453 2116
907 181
8609 2203
733 4378
2941 3101
8280 7527
358 3645
8426 7281
3408 4299
9595 7878
4267 2675
7266 1369
6254 9659
2169 4626
8264 2558
5756 5718
4674 6663
5899 3284
8867 6633
7663 1808
9735 5943
9336 93
9588 7762
7375 2996
