1000 2
3422 6129
2828 1628
4979 6954
2153 3337
3508 31
6687 3294
4787 6135
3 3878
8787 9042
5352 826
6521 2290
592 638
6243 4497
4913 8931
1527 2633
938 4950
8763 3767
6579 3742
721 8733
7080 4230
8764 3768
7525 3551
9903 7528
7430 8691
6571 2783
9517 3093
5073 109
3731 1316
4607 8645
248 6135
1279 1186
1085 43
4953 7664
3786 5675
6397 866
9906 5162
4634 7431
8713 4538
4959 6144
3229 1530
8927 2747
4623 4001
2856 8355
5317 7464
7000 5565
3600 8280
6752 4685
8323 1706
2350 2109
7382 8748
2976 7288
3911 7610
4719 2624
2149 9678
8769 5378
1209 7696
8125 5833
1697 982
4188 7015
8447 1189
2581 2047
9469 9333
6733 7793
1039 9083
9902 8422
7832 2878
5710 1743
489 429
4368 2638
108 3137
8017 1317
834 6143
7150 2531
7125 1339
9547 5573
2528 2128
7620 1998
1461 4354
9791 2501
3437 9694
923 1270
2572 6634
3014 3062
7063 7382
5701 7171
520 3718
8489 1354
9861 5639
3886 6987
6979 3433
2561 9508
5561 182
1506 7023
4536 1298
9525 7974
992 449
9244 3565
7083 2259
6627 4146
9641 2329
1318 162
6047 9807
1517 5909
5447 5403
2897 2426
8837 5459
1935 4399
5641 3442
1422 177
4740 948
8152 5733
1397 7397
9298 8481
9656 5926
2628 9298
8255 3946
9460 4302
3754 977
212 9201
6381 3110
1628 5218
8569 3564
9617 4210
7006 1040
4388 1746
1988 2541
7480 3386
9938 6778
1867 9594
2704 4495
8893 959
8442 8353
5262 2197
9331 5475
1399 5713
8585 3028
931 7155
6592 549
1366 3598
1589 5754
5345 3577
8296 2825
6964 8234
9604 8831
7829 2308
3327 6722
3268 1770
5076 8530
3968 4408
4006 5367
121 2591
8395 1053
9746 4987
1602 1113
8586 3191
6867 3932
6769 5164
6758 3733
3398 6362
2565 1228
8671 5893
7950 1939
7664 3027
470 1632
7435 4476
6999 7557
7068 5394
8610 6815
382 212
7928 8969
3404 4796
2901 173
9960 9660
3906 3359
6022 6472
4587 4693
2365 2538
6633 30
5565 7104
1662 3001
1581 8662
559 8649
4057 9169
5465 4439
9382 3394
3408 2786
8191 6310
2959 8151
5970 6866
1511 1993
3338 6098
6687 5704
8637 3320
5735 4202
424 7397
7204 2005
6059 7763
655 116
6932 6121
4556 6314
9515 7965
9101 7706
4276 2060
5858 247
8927 7369
2240 2265
3468 8927
7970 2105
2248 3705
6308 2673
1103 3512
4679 7163
1275 5334
7280 8208
1456 1836
4523 971
9802 3624
8678 4078
5685 4536
4325 4612
1906 6565
6877 5374
5493 4848
7480 7741
8554 3788
414 9657
7300 5094
6821 8576
429 4101
6784 1885
5937 1308
2857 5740
4932 1535
9818 617
6071 4144
5229 7978
709 2107
3353 6203
6956 833
3944 5510
4622 4359
5168 1922
9454 1989
499 9883
6091 7284
1768 2029
8592 4625
7769 3525
6160 7587
4143 2232
1731 9373
210 2441
1481 3564
8644 8437
4397 2589
3948 9019
6949 9117
942 6403
1107 1442
6286 7198
8726 8055
9227 7319
2680 6996
845 8841
4584 4988
1073 6316
4362 1284
8758 5843
4848 7402
4281 9246
9992 8230
8266 6942
7348 9209
3345 8455
651 9632
5654 9377
7687 4881
6697 368
1878 7542
9209 6463
2531 283
2779 6893
1567 1537
2737 6416
8940 7019
5663 8933
5249 3929
5875 2597
3138 9221
1053 3790
8853 6707
3168 6541
1589 9865
6909 3468
7408 6118
9931 9939
6401 2711
6833 7969
4249 9570
4386 3189
6589 50
2122 1839
3979 7998
4437 7118
7219 5490
909 6072
2198 4077
2613 3787
3942 9522
7255 1350
5641 7187
1290 2042
9898 8123
12 4147
7694 4399
7337 4283
4449 9460
6123 8428
7458 560
5547 4677
6050 6456
750 8248
533 3364
2036 4476
2887 9292
5827 8528
6479 7118
571 6377
5241 584
525 2936
4983 7863
7219 9432
7323 3343
7861 4781
3903 3408
9459 9953
9865 209
8202 399
3574 239
4876 6461
9531 703
4989 6010
7821 5561
2388 3063
6145 2914
5999 1128
777 3219
560 8100
6562 8421
2882 465
1830 2341
419 1696
2551 8622
2095 6125
8861 6971
2586 8392
7675 7576
4403 5497
3137 6792
8561 9282
9706 4561
410 483
7780 971
8584 4343
9392 1466
4809 1223
3807 5229
2919 6359
3852 5014
2485 2713
1986 5071
1106 9662
2648 5510
5160 5785
2302 3721
5068 2008
8283 5479
2492 6063
6450 1076
407 5843
2542 5217
7066 6350
446 9986
2709 4299
5001 5194
7012 6988
266 8119
6650 2914
3629 1811
8700 5932
5532 3768
7940 3816
9248 432
9879 5698
1508 287
1542 4051
5505 8609
401 5951
8595 3111
251 3596
8306 7263
584 8573
5383 7235
1487 9013
9046 188
4945 4579
3957 2886
8395 3205
3319 8275
8904 4828
8563 446
8879 4068
9055 9281
20 7651
2392 271
1247 699
7534 1832
9272 2918
9067 759
1931 8113
948 6877
2693 4905
9763 1088
8110 3082
9363 7014
7911 7926
7461 6790
1994 6517
6071 2014
4168 8464
2285 5416
9163 9820
7248 8435
2739 6315
9195 4671
4429 143
1548 7122
5049 1312
8211 3159
4395 7575
174 2306
5501 7635
9096 7496
4152 5168
9511 8321
3632 1797
3737 2796
1618 986
1231 4357
7302 427
9029 1731
571 577
8854 5620
1889 7065
8779 6284
4641 8953
8590 142
6589 7687
7639 742
2855 7151
9064 6488
8949 2801
9284 567
3787 516
4925 1090
943 3954
2821 1514
4532 1676
7134 6421
8742 5914
2706 3383
4868 1297
3526 1457
8984 1166
2200 1840
8317 1264
8328 7266
4066 7613
7834 7854
8129 2759
8944 9073
6714 1766
588 1246
3442 7722
7668 2184
3637 375
5568 8505
1672 9094
9963 657
260 2163
2498 8578
3428 827
5844 7494
8440 3679
5348 6570
6439 4292
5644 3153
6058 6232
4400 9501
3955 2069
1686 7592
2444 7254
6097 4117
6349 6061
4774 6609
8224 7272
5187 1653
8100 1032
9147 6540
4711 4496
3111 1150
8788 8755
4304 4847
4987 8704
4349 8943
773 6035
6535 3218
3290 2633
7335 9639
8694 2109
6249 6919
9382 1436
8572 7483
2469 7720
4024 7181
2216 7135
8331 1005
5891 2635
5853 879
1340 202
9822 2114
6237 6357
5332 9528
8991 2667
9167 7685
4777 5416
4605 4160
6853 3178
1644 9322
898 5668
6503 3114
2803 4835
4119 8694
7471 9972
9574 8812
175 9396
926 6412
5754 6259
5941 4745
8927 5108
2430 3705
525 7036
7866 7378
214 9510
6701 1112
5178 3205
4227 7982
8041 8346
6677 5512
8319 6251
4325 8494
5647 5251
4907 1401
1511 848
6146 438
5957 8577
4144 6482
5613 2010
3861 5827
1520 563
6940 6699
3768 1167
4681 1809
9514 1358
7322 7834
7609 1647
6328 3257
6899 1236
4658 8410
2085 805
8849 8042
9383 2993
4525 4997
5004 8386
824 6525
8950 7765
3224 2718
8932 7905
4528 8447
9264 1851
6281 6873
3499 2610
131 398
3846 4790
8809 5932
5595 7659
3975 4979
653 8500
9976 5657
6887 801
2182 5837
8566 5407
8556 7499
3312 3085
5946 2576
4936 2228
9450 8435
4838 9581
8834 8685
4372 7644
4617 9967
5303 8592
4947 5957
7093 4923
1614 3980
5724 3797
9818 4290
9204 8374
1790 2517
1459 7737
5094 6396
9965 4544
4832 4804
4126 3666
3489 8498
1311 8107
8466 6615
6699 3413
2572 3793
8337 4187
7774 4061
7984 7592
8352 7189
5967 142
9706 7427
7879 4800
3823 7845
9345 8656
2649 3472
2322 6139
1970 3634
4246 437
249 946
3851 2821
4739 2188
7008 2513
6249 4993
106 4602
2182 6073
4744 1888
3501 2624
6688 7324
470 6034
5980 3120
9506 8303
9259 1477
1938 3505
1914 2187
4452 5766
5009 9191
7954 2017
1705 4204
7010 1811
8807 9193
7885 3552
1081 1386
6176 7770
8711 6647
3804 4692
9767 3310
2996 9026
4787 4934
2532 6702
7121 6984
2469 2130
6175 424
4148 7881
4628 1159
9692 3436
352 7577
6988 1434
8964 3165
9205 7675
9812 3009
2368 9579
6320 5364
8606 1108
298 1138
7811 7420
8122 280
9551 4298
704 3700
2179 5333
4859 1872
8769 5212
9450 5757
6647 8414
8922 5852
6090 8734
8862 8458
8314 5183
3823 6920
6291 4122
8059 4102
1542 6182
4383 1094
481 5087
4794 2661
420 9654
4533 9190
4867 3984
4947 1514
2399 3870
7367 8490
2605 6229
6949 919
1412 772
7840 7704
4894 5900
1807 6437
2082 6190
7531 2563
1277 2326
5224 1698
1980 9758
888 6848
3743 5836
8363 6142
9707 5730
4632 2312
1960 1581
3232 3373
2354 1072
1078 7248
6973 2885
3686 9055
9075 1218
1619 353
3544 6844
2052 5525
6602 2941
2373 345
8778 737
6488 8485
6468 1120
797 8428
2702 4029
1802 5056
5102 2880
2305 2075
5765 5991
1131 4841
7210 2750
5195 754
9594 7247
6280 6197
189 8654
6543 8967
9391 3031
7452 5859
4152 8249
4288 6854
2279 6090
1911 7381
8970 4217
9457 4736
209 588
9577 7419
3338 4772
8173 2932
2020 4453
9129 2209
3107 5672
1177 2499
8704 8629
8358 2856
6878 2646
9711 9157
8737 1623
6539 7707
5840 5996
2444 6049
6585 2021
3468 9923
6794 1642
2856 8815
6096 1986
1025 9204
7659 2202
1703 6363
831 62
9220 7710
2709 8931
6868 1446
554 3407
9154 6395
9404 1598
2444 5989
3620 5913
5913 415
7555 8769
9230 3652
755 255
2856 8414
2458 4559
4778 3289
4622 3998
999 7331
2930 7867
8777 3485
1275 7932
9880 680
9530 2325
6670 3150
8238 2583
3565 5794
1353 2796
9446 2109
3052 2302
524 5510
6862 5302
8799 1484
9301 9799
8815 2231
7667 7593
5716 8943
5525 5596
9624 5056
7922 6294
8206 6160
8878 1772
1955 231
4569 1401
2340 7621
3704 2864
3132 566
8167 1932
2051 7468
1731 867
9699 9399
8460 5416
8343 3985
1013 7967
9042 8935
4261 7248
5096 3139
9021 7051
3371 3591
8453 5712
1213 2157
8577 4345
2724 6744
6277 4775
4212 8009
5642 3912
7408 4103
9328 5751
8089 341
3719 7131
9276 7980
4380 4372
1120 3402
1424 4492
6993 9877
204 8206
2034 8781
2552 4759
5526 8829
9534 9739
6838 5177
3651 4247
9280 2980
9999 7370
3321 3718
4501 2598
1699 8881
6971 2820
2283 8395
7312 9277
8272 7517
7483 307
6298 35
5066 1825
8865 4600
1564 5704
9778 5215
9951 9059
8195 9951
6429 1517
3669 930
4115 5369
9811 1086
8189 2095
9481 5501
1372 7754
3018 8856
8061 9317
8892 3127
1143 7757
7728 2707
3461 7506
7923 3413
6566 6119
3364 2995
7637 7033
3926 1752
2402 3738
2839 592
5833 2321
6093 7206
75 9112
6062 8137
8430 4954
1264 9573
2712 8992
2281 6173
6499 204
9587 3065
6324 2951
6061 3961
9985 9987
5714 2388
3726 8553
2980 9560
875 9074
6766 951
8186 2828
9088 6617
7783 353
6191 495
9346 8472
6669 5845
8677 6257
8911 5002
9208 4973
8963 9193
4961 4677
1582 8687
3231 4562
8247 4107
3636 5014
5058 1823
7842 4147
8441 5626
4500 4632
6122 3846
3105 2792
9692 1783
9049 8603
6785 8258
3577 5748
7452 8538
426 9034
7226 3657
3596 5474
7764 7233
488 2823
9056 8331
6970 7497
3957 1470
2130 80
5317 5235
2872 5009
7018 1922
3613 3803
180 7190
9552 7633
5728 9978
6667 2955
3636 264
8429 1401
7497 8917
4224 6554
7248 1195
4052 1206
2666 6182
1286 7983
1418 4159
2992 8437
6082 6605
2241 6263
3795 1793
3896 9524
1772 563
2479 5408
828 909
6809 8325
9826 1034
4879 7074
2229 8932
8280 4896
5114 9567
2879 6533
3726 5871
4970 9808
2477 7211
6071 6273
9004 9968
5797 776
532 8277
