1000 2
9634 5671
9847 9716
5933 3265
8633 6567
8369 2798
393 1571
1006 1937
6713 2049
6767 9020
6631 1727
2957 3881
1638 4639
757 2344
6507 1522
1897 9678
7344 1531
5350 7192
1248 1283
458 9881
7851 8827
2679 8244
399 3685
182 7112
5734 6950
6132 2366
8677 9089
6248 316
3728 7005
2660 236
8528 4558
9915 5873
6090 5266
3065 7338
6549 3523
7219 4401
2350 9899
2646 2749
3585 2828
9862 9320
9778 5994
1686 8455
5084 7935
8771 8813
4940 1432
9050 3469
5990 8965
9342 2080
4232 2407
9419 782
5931 6639
5183 8281
6538 7829
1031 123
657 894
9443 436
6888 1130
8891 1973
9065 7663
787 4006
9096 9837
7475 5087
8803 6817
7168 3035
9225 6588
3817 5156
3227 9001
3438 9765
6830 4470
9888 7488
5364 9332
7924 2253
463 6816
4226 9528
4480 5013
3534 3576
4851 1009
8664 3654
7827 5833
6690 7052
2421 507
2208 5648
9509 5647
5413 6339
117 5302
3827 5481
4635 1751
7735 5098
8567 1961
4626 3047
6975 8161
6624 1826
9171 5288
5481 6998
1122 2171
4051 3543
2679 6260
9191 2188
1907 4605
8528 2025
9907 2355
7507 4543
4107 5242
9641 2675
7203 4268
5722 4179
2429 2347
6006 1601
7636 1487
8600 8758
3659 2651
2301 6339
8911 1492
8528 819
6098 7056
2844 6005
9412 352
549 3519
5594 190
6194 2798
4458 1917
6977 6888
4265 2984
8489 1901
4471 7090
660 8131
9741 2961
4470 8653
4454 2998
9473 552
55 2317
6558 9467
2669 7107
2986 8264
7298 9181
1062 1756
1098 8040
8645 5363
1024 7135
7265 5496
4225 7925
3627 3966
887 8098
2620 5341
1097 2093
5894 1152
4411 2453
619 7081
9561 3606
5345 6859
2787 6408
8616 3886
4448 7262
9250 5472
4397 6516
968 8622
4441 4595
2589 5329
2694 5210
671 3791
7303 6565
4943 1715
9019 5563
8796 8580
9169 4142
5440 1957
550 4056
5844 4998
1318 5094
471 5716
1611 1439
4338 6053
6035 6928
1382 8729
2138 2053
2520 9442
8619 7464
1157 7638
3027 9954
6219 2197
4096 1659
4155 4647
5716 9999
9646 7035
5094 117
2751 6705
1557 7090
2758 7592
4018 4140
6322 6157
6194 8843
5599 4813
6308 6757
2451 9336
6711 8670
1533 808
330 5688
5455 6046
5687 5101
3081 782
5219 5833
7487 6776
2923 246
4369 6941
4387 692
3099 581
9536 8698
5395 5844
5455 7846
5180 2167
6517 6714
2975 6847
2402 8431
2894 8090
3532 5976
8873 8752
1809 6360
5529 4732
6607 9899
1674 994
591 4773
1576 127
3472 6971
5972 8928
4818 1152
1095 1336
7866 4070
8184 269
2501 1078
8360 6034
7054 7233
4787 8863
3594 316
3596 201
215 5270
1196 806
44 2773
934 3516
9744 6906
2444 4563
8059 3540
5899 5926
7610 4083
6195 112
5161 4556
6147 2216
1789 934
1080 5383
1250 4676
5585 1466
9947 6782
2273 9992
9555 3207
3508 9299
114 5953
3863 8174
9494 9762
4100 7104
3845 296
7217 9007
4852 3364
1224 6642
4299 2304
2026 5550
6981 7611
7016 6928
4393 9290
6920 3948
2498 429
3248 2613
6383 7111
787 5877
6874 4887
2982 720
5184 199
9727 37
3564 951
6679 7864
3256 8705
3414 237
6317 431
7165 711
9722 4086
4659 2220
4516 7908
4833 899
5020 5620
6776 1894
508 9758
2614 5693
9958 2342
5730 3523
3294 2410
1388 6550
1115 4802
6788 7433
5234 3954
8144 4956
8040 2804
7177 2556
712 2010
3456 5733
7631 232
7628 8140
9991 242
3833 9950
2585 9564
3474 5880
1974 4862
2430 3090
9665 9219
523 4899
3173 8668
9856 1214
1472 7033
3771 2185
9044 7227
7918 6675
7460 5547
4816 7451
5789 8649
7402 8375
8214 876
4255 188
5738 6686
3279 5404
5905 3802
303 9078
2471 160
293 3943
7194 4064
6129 6238
1291 4048
2914 8751
9595 7730
6203 5385
6380 3605
3760 4594
4482 8016
4782 221
4702 8061
5625 608
1864 5929
9687 4335
6090 9980
8279 3284
4044 4408
9522 5336
8457 2437
4087 8052
167 291
3437 6547
3897 7198
1141 8379
5214 5924
8601 9917
3986 4227
525 5851
156 212
187 6247
192 8466
9531 4237
2875 9054
9573 1333
1491 3661
9385 1659
3952 2823
8206 7849
21 9348
6229 5235
5273 4830
5152 9259
9057 5678
5111 9214
5890 5298
5462 6083
3765 4993
320 6641
4048 9893
7974 5539
3554 7360
7198 7507
183 5405
5356 204
4754 1585
5440 27
6416 593
9287 5474
6271 4398
4689 2162
9697 151
8245 3463
5145 8565
104 9193
8459 8079
4733 2014
5439 1932
9521 5622
7337 4878
5827 2092
6464 1267
2119 2880
1861 1407
8355 8132
5806 3044
295 5503
3196 8540
8967 8341
7106 9072
7534 5565
7151 2268
7580 2590
4200 7102
8213 1538
1980 4041
3630 8444
5308 5749
1324 7170
7157 9679
5302 2963
2724 5597
8467 5920
4138 7434
4261 1244
6506 1796
6810 3658
4065 4391
6249 8265
1493 4462
9803 3473
8503 3434
1917 3812
9184 3242
982 6341
2922 6285
9304 5647
1883 7772
1567 6021
5206 5829
7266 1713
7626 4077
5371 1691
8468 1620
9957 9962
6083 9761
3435 4586
3195 5353
8399 2379
8596 9382
8720 1518
5667 8025
7165 7550
5797 8733
3572 1004
4563 839
2717 2189
4916 8088
3881 3385
9709 3838
3347 5792
3599 6783
379 6795
2136 8778
9174 733
8160 7895
2252 3828
5920 9418
1379 1717
8151 4952
2721 2714
5791 5439
4904 708
3528 8785
4093 3237
2624 7440
9029 6223
4224 9409
3018 6360
8188 2193
7094 6349
88 9346
177 6008
8764 1556
7726 6915
6509 448
9630 2300
5887 4534
3008 9416
3320 7101
2653 5944
4542 1683
2168 8767
1092 5186
5127 9280
7380 2222
5629 7468
1568 5807
3477 332
7364 1204
7248 3873
1652 6878
6173 7540
1412 9182
6956 4732
6284 9610
677 827
1293 2845
9594 2386
8032 4722
1666 5412
6944 7296
2881 8512
3104 6358
8844 468
7563 6092
4342 9215
2971 516
6756 4384
9698 3713
9117 5983
3324 9794
6810 4617
2639 6404
7003 671
1126 8670
6083 8070
5967 8964
6582 9072
5323 5427
9541 2886
1520 3883
2102 4491
4400 8859
8875 4099
2573 7992
82 5897
7787 6892
514 426
3296 7518
1097 4422
6189 7180
2493 2157
6145 9075
1229 1469
4503 770
4355 6023
4654 6458
515 9054
5317 9391
3153 7891
7384 3235
3788 5171
127 4303
5597 3424
1821 6694
7846 8011
3875 339
168 21
9415 1398
1490 3919
2168 5846
9942 6822
2305 458
5877 7622
9849 9030
5513 7233
2266 9302
2405 2394
3605 8002
5818 5427
4697 3665
3438 8573
4004 3607
8595 3420
5005 85
7339 7174
5932 7282
3997 8237
7740 9874
5860 7590
8905 1374
4824 1171
676 7229
3565 4281
5232 9383
9708 9930
3049 3146
8503 7053
6754 7098
474 1759
7184 7814
8933 3116
5096 2930
1353 2837
2804 7214
427 1710
8588 5252
2881 9264
2481 6447
3545 7714
5831 3254
7644 8880
6401 6148
5934 3155
3247 6408
4914 431
4222 3848
3548 9319
6779 4902
2156 9584
2116 2584
1294 704
7836 4175
9968 318
623 3514
8033 6454
6768 5677
5334 3169
1826 1268
6324 5073
7677 1239
5504 1900
5088 9052
1219 1867
3954 3376
1451 6070
5960 2745
6774 3797
6921 6743
4116 7545
257 2149
3999 7026
7827 9334
195 9653
603 6520
4726 8280
7760 230
181 2849
9283 1400
4716 3238
4777 6168
9309 737
8914 6084
4535 5836
2827 8651
3381 3085
800 7381
111 8627
6715 307
8281 7319
6828 3007
5600 4589
3238 5781
7438 2522
7182 2154
5760 1959
8322 5069
2696 7236
1153 7232
3073 3981
5883 6454
7067 6684
3835 7178
5312 551
7486 3593
7870 4314
6600 3470
8903 9839
9251 6341
2361 6433
8496 8122
8393 6819
3192 1089
4056 4346
8321 7129
8327 4205
3583 5394
889 7419
2573 6201
7970 59
9794 5841
4374 6395
9312 3277
6235 8564
9619 8597
4997 8115
6719 3391
4935 9911
4480 8991
4257 2802
6120 2585
7008 9704
7980 7897
7123 553
4099 5094
613 3894
935 4987
290 247
8265 6525
8811 7885
5122 3809
6001 1841
7200 936
1753 1681
9927 6011
4484 6047
8596 1492
5751 6577
9390 2875
7130 3489
7969 7744
7383 8905
2732 7674
9153 997
4199 7965
8883 9322
1774 4884
1163 8975
5820 2917
657 5748
8928 5142
1795 7525
6634 7547
4102 6025
422 1233
9514 8392
8977 6898
7297 1709
4572 6450
2707 8772
4415 1590
8094 6190
6475 9258
5166 2296
2175 5823
8044 1103
966 9840
8629 7600
7388 2731
3626 7810
3964 3140
6202 2942
39 3500
4651 4612
9951 7359
3384 4366
8950 1479
557 5426
737 5723
7722 2912
1547 5767
4016 2513
5607 2646
114 2995
5377 3740
806 9341
6881 7009
2284 6921
509 6935
1533 460
4295 4918
4827 3246
6397 5384
8672 7135
1108 6395
48 2655
2162 4065
5169 7769
6711 5284
765 2088
9024 1571
1430 5906
8580 3714
2827 9090
650 4361
9551 4946
9279 4378
8192 5677
9763 6865
2812 871
3260 2861
3527 5422
6926 8697
3191 3637
3981 3956
5726 3006
5528 7156
8912 4108
871 1739
3198 1522
6101 2750
6468 5380
7128 4660
1058 6892
1525 3871
7764 4786
6732 1291
208 3658
9989 3399
7296 3970
7356 3022
6977 2884
179 5889
6993 1051
7629 192
2573 3730
2942 9041
9111 70
3702 169
6963 5228
4041 4727
14 773
6019 222
4432 6008
3622 1728
9979 978
4751 6956
3863 4931
2845 856
5982 475
1048 8555
4206 3991
7597 3317
4062 1299
3487 1025
6528 7528
5752 6542
8301 1771
6764 2733
7779 387
4462 7758
1366 9213
4715 5229
4144 7560
6086 127
8036 7135
8682 2242
1126 6280
5559 5188
7579 9047
6213 4107
6575 1966
650 4877
3737 7414
7611 1517
7802 2073
9276 9168
1287 3991
4397 5432
1552 484
5559 9589
7619 4242
1831 8745
522 7391
3934 8102
6438 148
2210 3014
2114 2860
7891 5852
275 5503
7369 8077
7577 6646
7245 8864
638 1643
4297 2190
2127 9856
1779 9746
4099 3611
8492 4622
1002 2426
2724 7441
2574 4935
455 4688
7795 8347
541 8070
3850 7911
6148 1427
4557 3393
292 5195
5037 4589
7386 7164
4446 9166
6911 8546
2777 5403
3168 3780
7830 5893
1222 404
828 1677
5093 8623
25 5634
6694 3876
3545 2842
5304 8103
6236 5596
3299 1274
186 685
8439 4632
9852 5350
3179 2630
754 6347
6410 8584
2241 7633
8989 3069
9311 4083
1693 9336
9718 8387
3212 3264
1230 8516
1367 7467
4113 4666
8741 4299
5352 7180
8932 5204
2531 2111
7834 3285
8458 4245
1870 700
1878 860
3769 1189
4943 5462
526 4661
3850 3739
7925 5081
2255 9293
2548 6369
3959 1289
668 9311
8470 9600
4516 1001
1711 2350
4287 170
6596 6157
870 8475
7017 4640
9665 1961
103 191
6622 3953
3930 4548
9034 6186
3841 1583
2555 7801
2873 3224
7112 1343
2824 1629
2345 4536
3980 6632
4707 576
2790 5578
9052 9807
218 8717
1769 322
8909 8391
4275 2839
2940 3310
9026 6781
4894 1582
4583 7767
4806 1696
9111 7631
3325 1456
2167 7305
8088 6875
7882 878
2454 6934
686 2672
5651 2455
2995 4561
847 7270
7400 3787
581 6427
569 5475
8009 5152
3243 2815
6848 2354
446 173
3810 2614
7479 1899
9489 5361
2777 1943
2295 3464
4616 7947
5919 7611
2508 6766
4882 9909
554 5464
6336 1124
940 4346
6276 4183
7161 3125
6538 7608
3299 348
222 778
2247 9712
6140 5025
1656 8435
8489 6273
6383 4409
3885 8891
1175 8768
8800 1730
4232 5137
