1000 2
7278 4282
2301 137
7757 3460
2047 9534
4086 7742
8799 2189
5439 1784
3827 8902
636 7667
3563 9958
1471 4669
8261 8808
2159 9231
9978 20
7488 2840
3462 4767
7122 5764
4904 4880
9225 6952
4414 3312
4694 3213
5501 134
4998 9328
9036 5635
6995 2599
5593 8467
7269 3855
7276 9428
3086 7255
9449 575
95 2912
5342 7218
8677 247
2098 7903
7199 6513
1215 1894
9726 6716
2028 4725
6045 1065
360 3041
3665 5953
1509 935
9809 8785
364 2896
6040 9813
3471 6136
2726 8814
3355 1403
9061 5454
9307 6261
1967 522
8155 1694
7239 184
6419 3284
1250 6780
6326 4915
2734 7835
5850 2543
6621 6214
5439 2661
6028 8911
8798 8754
7726 2154
158 6787
7608 9465
3049 9576
9988 1204
1271 7227
1389 7691
512 2640
4471 6838
7555 7205
4674 3406
9749 1295
9621 5189
3957 5649
4101 2756
4404 1827
4910 4563
8615 2519
4029 1664
2096 4017
2869 3367
1245 4258
1059 1757
6899 5530
8596 4454
2736 3271
7861 2486
4566 7482
7675 8524
3132 1776
1280 7537
3604 6190
2100 2219
8710 6129
3883 806
147 6752
4174 1392
1011 5233
3149 7910
764 1746
2365 3501
5017 226
5987 9584
7709 3663
8108 842
5440 9388
8379 9044
5579 480
1264 4289
6610 5147
5096 6757
1900 9271
8149 2911
4505 1299
822 5270
3045 3187
8771 8063
3414 4759
7647 1124
8423 5756
1966 3864
5144 346
2908 724
827 4173
5013 7437
9320 110
4194 1220
9381 2344
4132 3887
3644 4955
9157 6690
8143 7928
4753 1558
2688 2401
2682 1111
8157 4649
4975 3302
4996 7884
4026 5823
2057 9040
3260 1378
9150 7455
2599 8532
9800 6732
2419 3444
1687 1576
134 9830
9505 4888
1388 2194
7289 4071
3306 5446
8720 8282
8748 3716
6166 2774
9540 8224
1814 2800
9603 965
256 2202
9498 56
8934 1917
3500 622
3494 3634
452 3000
8522 1841
5194 5812
5912 8500
1259 4633
6782 7
8350 2949
2782 7890
1174 4597
691 777
5563 947
2980 5061
1004 1914
6979 4504
2537 474
8139 2989
3474 6662
4831 8669
2474 744
7170 3734
5378 3953
3741 3729
6902 6524
1620 8077
1122 2311
8854 6685
3259 1834
1747 4264
3749 8727
8768 6286
9201 6908
9276 2676
3571 4108
1346 6046
4852 8516
9780 231
2470 3522
3960 9373
46 5580
7450 1169
7892 6305
7854 1152
8140 9602
5416 1889
8329 4185
8176 7531
1093 7452
208 4665
1560 1554
711 6413
71 491
6644 2541
4013 604
1915 4060
6185 9365
5229 4077
5670 3084
5230 3810
2687 646
5700 1016
4832 3876
8548 5926
1329 8756
591 2890
311 1302
9304 383
1794 5948
2925 5807
6553 4840
9868 2739
4206 5097
6817 9876
8182 2047
3687 869
2694 9388
1886 7526
3265 434
3452 4594
9191 4044
7485 9503
5346 6789
9886 7140
2738 2811
2948 9292
7651 2816
2031 1858
7914 8849
1734 6096
896 5422
6966 3591
4811 8852
1117 8076
9286 4570
2671 8478
8614 156
7981 3961
6946 7867
1102 9684
679 4051
8977 8331
6868 1009
189 4782
9858 1924
879 754
7346 7845
4345 2157
6697 5463
234 5984
33 2905
4462 8648
3061 2444
2609 7
311 3711
9692 990
7762 8670
9322 4630
9679 9511
9413 9537
1435 293
292 8782
8138 4638
939 4836
101 1174
821 135
4079 5284
8784 7140
7728 1393
7148 8040
5105 6841
9031 2868
5511 8353
7499 5190
7864 6913
4727 9299
7206 5020
8081 5345
9658 9021
181 9760
195 1003
9896 4274
6287 8680
1415 4015
74 8564
2055 5180
5405 1086
8049 916
9440 5549
6107 7304
2462 835
6604 9669
5855 4686
5014 5514
3707 5196
5274 3903
6199 5171
8178 2486
3851 9594
6501 3926
8158 8557
9107 3564
9644 7156
4481 9084
2705 588
6389 5168
1424 2993
4837 7279
7679 9851
2794 1387
5047 8068
5291 1246
3240 3469
3733 7092
3064 235
1018 1223
8792 125
4787 8437
7282 9268
7521 9988
9857 3910
5156 1281
6903 9993
8561 4583
9845 1355
5970 4892
9424 1262
6139 2665
4731 9872
9757 7796
107 776
9019 8900
902 3806
7337 8184
3075 4858
8172 2933
8769 3328
4215 5673
3322 2776
256 3167
4132 6227
8060 3557
7489 4199
6222 2221
4072 5979
17 4180
6755 9036
3080 7657
2843 417
5842 5918
5276 4015
8851 4046
7343 3066
9719 666
5843 9976
3833 9976
6204 1893
3533 3693
6093 9756
5915 165
5736 5933
4345 2492
4969 7426
150 7813
7844 5992
3731 3120
7 2583
7167 7351
5649 6886
8018 1493
6863 1851
1469 3067
3745 5003
6761 9838
4759 2677
4 496
8610 4350
2988 3580
1777 3138
1393 9621
9131 5124
2741 9139
7707 9909
6491 3357
6795 4509
4850 3659
6361 6320
6726 106
1323 3488
9945 6083
6165 9950
6579 4775
4301 9567
8355 6078
2706 9748
5699 1837
4873 8441
977 2581
8350 7468
5939 5146
1977 790
8805 8338
7110 5531
8445 8434
9019 8390
4517 5185
8341 1097
9960 2642
665 8316
8720 3371
8064 4419
5209 2938
2861 6186
5519 1211
3654 1458
6357 5632
2248 5162
3971 9359
694 2416
7793 9714
807 2311
4899 9148
3408 4859
1791 4073
3175 511
7445 1240
4931 2654
4179 7792
8841 9698
9004 2496
1157 5362
8128 3406
524 2099
2766 1219
4515 559
933 5323
2871 5832
4471 6280
692 6262
354 3868
6774 7799
5109 1705
454 9288
9498 9295
8987 8503
1791 144
3865 9919
3551 4390
2019 6317
5609 6535
6877 6542
1858 9749
2375 6329
6029 3068
2592 6383
6936 9366
4183 2045
1072 4637
1333 571
3932 320
9074 5723
465 2939
5643 4017
7329 7662
334 2939
4197 7212
9482 6055
6961 1857
2385 2991
4925 4977
9374 1862
4344 3558
3907 5416
8195 5241
5988 2127
5561 5062
7851 6027
8002 3495
44 5332
1157 379
8271 5355
7591 7753
1411 4553
9611 3797
7545 4536
8775 6920
6398 3120
478 306
8537 8673
5547 4525
801 1109
9587 8652
7136 7589
2147 7180
2921 3305
7560 1193
8661 5152
8946 73
9705 8557
3870 7250
3094 2646
4170 9493
5766 4648
9799 4303
3322 5347
8828 4123
6456 8416
2775 3593
6005 4923
774 8927
8229 8334
120 6890
3486 9067
6963 3192
7625 834
443 719
3480 4613
213 9247
9262 13
3550 2585
5360 2378
6708 1817
795 9484
5410 6800
4407 6184
5728 2636
4519 5849
9527 8005
4917 6491
1198 2542
7326 1641
3261 807
6255 3475
54 5518
3488 3604
8103 8848
5983 4811
665 6778
4295 6076
3579 8703
2260 9308
1339 6780
5158 867
4786 75
7358 5984
2617 4684
7625 5879
5491 3880
9354 5546
9398 2842
9151 7501
1691 5134
2313 2357
1913 6608
8433 5493
5311 694
4802 6651
7474 9960
7518 2260
36 4877
8244 2653
9562 5869
8533 5054
9750 7888
600 9149
730 9751
6650 2422
4886 8963
4779 6800
5572 3212
2293 883
3906 7096
7534 1380
7056 5053
3641 7093
9930 1885
9746 9492
7755 8280
4546 7505
6168 5147
6654 6899
4898 3305
9321 9785
2269 4100
6585 7841
7312 8879
8724 1219
5975 6259
2599 3032
1313 6240
125 1243
8126 9872
736 5881
8152 5283
3387 4321
430 42
1220 5329
3347 541
5114 5616
4641 1699
3457 1954
579 2182
3173 6554
8442 5773
9587 9755
2014 9713
999 140
9585 1736
6022 7738
7019 9409
2060 7450
9451 3280
2779 2798
3822 7894
8415 8463
9594 1873
418 173
4055 3591
6727 2498
9365 6315
2253 1379
6028 3253
1519 5614
4989 7541
3353 2009
6950 5413
9460 6402
8693 2240
9201 2515
134 7616
979 9728
9489 1397
9901 3545
4989 6629
6044 4354
2944 8298
5733 8973
1551 7253
4587 6541
4794 7940
8550 1745
3354 8011
8148 2048
251 7349
4564 385
4965 5543
113 4455
6941 15
8001 1931
6644 4045
6286 9589
2344 2020
8562 3895
9273 3150
436 4068
1091 8987
5814 4445
6998 3962
6493 7250
1311 1057
7635 6277
6601 7749
733 3543
7765 8735
5474 4409
2781 1761
3999 5125
3781 2562
9020 3054
5712 9457
7122 6804
8445 2937
1249 5444
6899 7743
2694 8210
8801 329
4488 5403
8079 5221
8946 5844
3957 4421
254 6738
6182 4253
1863 9963
6816 884
3017 2528
341 140
9332 8787
3077 582
4231 9977
8326 6925
8188 7127
7255 2676
2530 5334
7898 1477
1179 1855
5898 1433
8593 2081
5687 456
2044 2503
1341 5062
5032 1682
5203 4365
470 8281
4947 4701
8258 3273
1626 6446
401 8882
9123 2932
4217 7021
4409 5396
8876 308
6829 7470
2390 2517
7926 4434
5021 9268
9497 53
950 4701
4418 1421
2982 9366
6122 1241
2640 7749
7688 3041
6631 6812
5973 849
3833 383
6245 2710
692 3075
180 3082
5592 8107
7517 613
7375 7015
667 8326
1716 5085
9747 4699
4451 5870
5940 7092
3619 3629
133 251
441 6107
1100 4275
6491 7346
6985 7184
421 7165
267 6014
5273 7784
6627 2648
4799 7295
975 6516
2380 722
1215 6832
6592 7156
3924 212
786 4058
464 1227
166 1564
5502 6657
8910 2488
3841 9332
9654 4108
5346 4927
1893 1974
7575 6693
9269 8550
3209 1650
9273 4425
8482 5866
1581 2407
6078 2367
6466 6542
3595 6632
8107 9098
3290 7018
1586 7131
6350 1240
1240 1696
6168 3134
3670 3744
9827 2939
2295 3037
4589 1568
7462 3072
7434 9043
5480 3513
1411 1946
55 5007
8579 8163
4105 1869
5181 5692
9001 1531
6933 241
3227 3101
3375 6897
6845 3203
9837 9140
6240 4426
709 3702
7499 8143
2746 2979
1657 4158
4926 1713
9165 3505
9876 3270
5375 5057
8963 4376
6588 5896
4618 9816
8997 7993
6713 5842
1197 6550
4983 7437
977 5692
1140 8476
3836 3887
1456 5493
8045 6382
7207 7210
9888 7083
481 5263
2140 9444
9639 8729
5341 4257
8545 4338
2251 5259
181 3448
1810 5165
886 2787
857 2027
1264 4694
5914 2720
188 3959
9103 7395
1170 8991
4478 1652
4255 6619
1097 3894
5348 6438
8152 3894
777 403
9153 958
3852 964
6123 4739
3751 6981
6767 5016
1676 2681
7736 1864
6641 6840
9259 7812
5832 3738
9464 87
358 562
3981 5707
7000 2134
9601 7777
2538 8755
8736 6391
9719 4860
1130 3471
1842 7897
8487 3518
579 6224
5382 7220
3064 4642
5033 8896
8381 4497
8983 8739
5059 2965
4446 2060
5100 4047
9838 7638
2803 8575
4029 2522
3435 5160
5993 5278
3058 4481
8796 3637
705 4179
858 3770
8821 5891
2666 7202
389 1650
5942 5449
4616 388
7509 9716
4436 7347
7355 7239
5923 1384
9761 9358
6545 5755
4636 9603
236 3433
3241 942
7612 4100
4712 6434
9991 7379
3636 381
9030 9579
5830 3647
9967 3339
3364 4403
687 719
1643 6610
2103 1404
5969 8649
7160 606
8252 7397
4039 1493
8339 1651
5593 3052
8085 5585
431 1722
5966 9462
1301 1797
3109 1269
5137 6473
5673 5824
7192 7316
2435 9296
8721 8405
7945 5881
9011 6198
3279 3051
7691 1618
4703 3285
4670 2789
8871 5102
4512 4837
4565 5814
6634 7674
7083 1771
4147 2756
7596 1340
73 32
637 8794
8437 8582
4676 7449
4780 7955
501 2472
9574 5204
5758 4245
7993 4629
9348 2505
9466 3913
8319 6101
1587 5403
7873 5735
8160 5470
7076 8233
5502 7713
7028 3940
6295 1704
1390 1076
9660 1891
3549 9234
7096 9307
3480 5090
3936 2828
7596 3403
6741 5916
9505 8329
1319 7378
4064 9480
2849 1140
7713 8352
8853 4742
2292 5149
6447 3683
6226 6107
5575 9775
5342 2672
9083 8823
7762 3019
1651 5358
6423 8393
1274 5928
6722 2594
3307 787
2074 6156
1927 9787
