1000 2
5773 8115
2055 6448
9608 1891
1822 8101
7414 5519
5696 5948
3395 1136
8995 5186
9082 4636
8520 8939
7693 2235
9543 4739
14 4580
4002 1180
2309 9546
2371 8083
7661 4427
4531 7270
6318 6354
5371 3733
1873 1068
9681 5269
2205 8677
455 1287
3313 8976
227 1007
1211 9770
5746 1226
4350 9748
2406 6660
9294 4777
4743 6956
9205 9275
4226 5524
5629 9598
9257 7503
666 8939
2772 2871
7616 3228
4159 930
2204 4387
1938 3416
4157 7684
4642 8507
7433 7048
5168 6728
1826 9911
3685 1031
9187 7912
6555 4817
7510 5813
2320 8177
4752 5092
1049 2369
8320 5209
3299 525
9596 5237
3941 3754
2922 8583
2261 355
5632 7429
7084 7458
7341 769
8489 6528
8681 5045
1345 6192
859 3665
4370 5611
8758 5419
7980 7079
629 1280
7604 225
6517 1546
3979 9439
129 6241
9795 5762
3671 6880
3220 1012
7649 1710
7541 6331
6756 8887
2523 7615
2553 6893
3226 1311
2313 1207
8390 2942
2487 5995
3168 9005
7541 7148
8445 7671
3390 8241
3433 7062
5121 6653
8075 2770
8363 5616
9102 5119
4503 1625
2735 7056
8519 5962
8368 833
7169 6758
3776 9657
2753 6945
8663 295
4094 7108
7966 7484
5349 1399
4547 470
8052 2622
3241 6416
8238 2343
1536 2742
3969 4271
9799 2489
233 8167
3322 7403
4926 7099
7060 7680
4044 5724
7975 8138
2832 5941
5623 8182
7341 170
8653 5393
2792 1894
1810 1031
4238 3346
3774 8208
7618 3573
697 7851
1741 4020
5255 6668
1119 2316
4348 5163
8040 2324
3302 873
8266 8925
9055 5607
9096 7708
1001 1889
9603 2812
2921 3842
6159 6695
2050 3777
269 2747
1629 2011
6767 6884
8679 7887
9200 3028
3050 7241
5352 6353
8114 3619
5279 7170
9226 4375
4878 228
6265 4482
3040 9186
8324 9199
5882 374
2977 6152
3122 4606
8163 9890
1491 6842
7777 692
9870 828
7933 5223
7181 6048
8842 2460
3218 8069
6836 8097
8297 3102
2579 1338
2288 903
538 8171
1278 3515
4323 4400
8122 2486
4290 9613
9329 2067
305 9200
2895 8239
4424 77
4287 3266
2537 7505
1335 9374
5602 9633
2476 8182
972 4765
9085 1510
2936 363
5026 7260
4764 3148
9747 9054
2761 9077
1122 3067
8277 4017
1307 2701
4094 5594
5968 6632
3100 7304
6007 8703
6938 8483
6885 7910
3248 5971
9420 6185
6335 4447
3445 1099
7595 3193
154 357
2270 1276
3425 547
5294 4732
3249 9389
326 9218
6021 3427
6522 2029
2131 3460
512 9016
1371 3761
4988 791
9946 1323
5239 3392
2423 2834
6585 2577
3191 8856
3854 6616
9403 9148
1348 2653
8537 1675
1871 4559
5103 8394
6588 7234
1854 7101
6251 3226
862 1239
4017 809
2563 9257
4202 4986
2091 787
7564 5283
9643 1418
1900 9047
566 3249
1701 9104
4925 3573
3664 28
1967 253
7263 3822
7354 3514
7048 8216
4753 1066
9026 7316
323 3228
2303 2415
4016 9867
7698 3660
1286 9599
2708 1853
2848 4410
958 7773
7983 4622
7802 9951
4875 5065
3773 2229
8579 822
446 3333
1889 9473
650 2212
2701 2953
4628 6718
2821 2327
378 4107
1926 3087
5961 4774
7497 6919
2547 5480
1541 349
5431 6417
5414 9205
8646 3994
28 9093
7327 1917
8566 7977
4130 1268
931 8758
7986 3752
1085 8365
7860 3011
1452 3821
7785 8950
741 333
4430 2282
683 9862
8699 6097
9068 7346
92 9096
6440 7419
1013 5006
5397 5143
6274 6328
3901 4261
81 4987
2626 7942
7998 4079
1763 5784
3029 2504
6117 7460
4787 6800
7322 3487
2898 6390
834 2990
5487 7274
410 6500
2280 5808
1643 8555
2137 5545
2816 2218
532 5443
160 8530
9523 1924
4314 2552
4429 432
12 9217
7233 7335
2704 131
3726 3538
3122 9213
812 3533
5714 3093
9341 7357
1649 1478
2903 4465
3697 3435
9909 3857
1966 9432
5782 6281
1985 211
6713 1998
9428 3946
9334 2133
4078 3060
5671 7200
2274 6484
733 7988
9578 75
5346 1227
1554 8249
5693 5251
1685 5603
9109 3651
5035 4891
9932 7021
5102 6646
9019 4531
593 8353
6664 4671
1414 2336
1872 3689
8821 2606
1678 8400
2682 7024
9627 4236
5274 5321
9487 6960
924 8596
611 5960
3488 544
2981 8591
7191 2001
3122 7784
355 9787
2456 1769
2123 4329
5458 945
6935 7137
9345 9617
4162 8973
3854 9436
4294 3341
6396 5219
1938 7008
1180 5426
7553 4161
4017 4744
6163 7140
2529 6518
6927 4985
8287 9051
9315 3746
9996 6250
884 9342
5868 5046
8315 9722
4482 2609
3064 879
7829 5002
7888 9009
429 5441
3171 4447
185 9334
1587 2715
5853 8515
7700 4141
7566 7016
7888 7563
3266 8772
6905 9135
3818 5220
8858 8300
7830 1922
9180 5660
6925 7068
4669 7355
2510 7840
1802 2695
7175 3390
5410 3028
1906 3111
7170 9473
127 5058
7036 3394
3830 3942
2530 7648
9162 1388
5949 6993
3310 5129
2653 236
2198 7323
7591 4708
5164 9394
7404 2340
2785 2815
5369 4691
5927 2539
4164 6055
7597 1200
9449 1427
5142 1980
9076 4305
3368 5025
1299 6679
155 3953
6915 2354
1276 4507
7063 6441
3901 4467
8781 6686
7283 4150
1378 3210
6689 5542
9265 4287
6743 8715
5714 1886
695 4791
6191 4064
9816 7491
743 9972
1444 7659
2326 2721
2166 9389
9162 6068
3857 7943
2755 1140
2093 4133
4351 8783
9675 3617
3070 6418
2333 8785
8304 3028
3576 4496
7093 3393
1988 7836
3365 3433
5496 5692
6154 7662
5081 5316
3731 8939
3260 6486
79 5354
620 4431
4137 295
8048 7208
6714 381
5993 5019
3410 9570
9516 503
2964 1504
8340 6329
4937 3836
2021 1092
1499 7103
6408 5230
6042 9669
1717 6122
5023 2337
554 9160
2632 8602
6369 9347
8983 2363
4367 2394
1933 3884
2897 4897
5388 1237
1227 326
5074 3249
1419 6573
353 7828
1803 6396
7497 3520
2518 2520
5857 3072
1681 8490
1675 8050
7838 659
413 2205
3053 2347
6090 5951
7245 1478
7189 8472
1805 2263
1722 3224
8836 2075
1052 640
8471 8550
4161 990
1071 18
4063 2752
8509 5738
803 6348
6398 1217
8554 9451
3565 4644
5403 810
6123 2592
9283 7929
4855 1005
1153 3692
3080 2206
4333 1552
757 8494
2542 1828
8512 6606
4580 7022
2344 5384
3371 8742
6602 1925
8194 167
6569 3597
978 2692
6190 261
621 1046
1267 1775
4738 4348
3982 9071
5900 4739
7565 8443
6568 6078
5049 1149
3101 7394
6533 6472
6136 3136
8398 4331
3303 4967
7929 4282
7660 4119
4543 8282
5165 5811
58 9904
159 4041
8976 6060
8781 6541
4504 5349
2620 9553
6498 5722
6947 3032
2194 3084
6168 592
7416 9471
5560 5345
3754 3221
9464 8298
1503 4629
4109 1562
4534 4269
5603 3510
329 4384
52 4833
9734 2672
4387 6232
8395 1335
9264 590
4419 5432
1182 1836
4904 6743
7181 8658
9964 6645
6957 1468
1275 1066
3031 5809
5335 8635
9320 5665
3020 9372
499 2754
2044 4887
8987 439
6222 8251
1029 642
3684 2212
2478 8589
8956 9659
7248 8921
6305 4205
390 7581
5271 3421
3391 607
2056 2711
6273 5077
2083 6773
7831 4128
1660 6818
4567 7882
5070 5597
8524 8754
7810 1003
7343 6767
662 4592
5688 6968
8797 6078
4549 4069
9499 7940
4677 1556
652 950
6633 2735
7723 4465
6863 9384
1284 1431
7266 6354
7029 5791
5109 4839
6794 2453
1606 7457
7045 7295
4425 5842
3373 8975
9911 2873
6916 4589
4430 7568
5539 1064
303 3263
5529 7167
2647 6813
8598 9914
3168 5627
5706 8277
467 2500
730 2073
9958 7776
9368 4384
3618 2742
3359 3530
5615 275
8119 46
7844 3659
1110 8147
6923 6639
5314 9570
3453 3913
9485 6622
9540 5191
4899 7
7692 5630
2081 7650
3407 1450
2034 7026
4193 5394
556 9808
5670 8676
9854 3514
2336 965
1662 9259
7605 6977
8830 1058
890 8315
7681 431
3507 2580
438 1199
8211 2520
8850 1618
3971 884
8644 8164
6279 9201
7973 1949
7878 7828
5463 214
8793 7125
9474 6398
4102 8305
7457 4993
6621 5138
5424 128
7719 5863
1328 5930
8383 178
7549 2354
1063 6194
519 7342
5395 8492
9291 3273
6320 4754
3488 5114
1880 2963
1512 5983
1268 8970
976 7889
4108 6400
8018 1827
2264 9346
7758 647
9524 5308
3002 587
1502 3522
7929 6897
2014 7221
171 8335
1975 3660
3449 3856
6624 4961
9839 7893
3932 816
5782 8040
7217 3801
9868 9481
3147 7626
129 2672
2935 3132
3259 4437
6654 1189
1334 8668
8410 1506
7004 386
5167 453
4243 1791
5415 4083
9684 9347
4899 5467
7387 2117
9268 7256
1599 2415
4883 1728
5088 7818
4861 8347
2255 1515
9537 3590
184 7948
5096 7188
8335 263
7642 2579
2054 3057
6662 1739
2405 1562
7206 9793
3679 6474
7049 5279
8890 1932
7007 3978
9750 1868
2326 2006
3384 1864
5596 3568
9813 693
757 8148
956 8399
727 3011
1457 7390
4750 3862
8952 1957
3655 2632
8431 704
7911 7322
2637 4919
1300 2388
6788 3627
4394 172
5491 9991
3741 5304
684 4498
3453 1641
2898 4181
4652 4355
1571 9403
8218 524
1360 1873
3156 9792
2578 1068
7114 5216
5987 8415
7604 2775
2042 1999
2948 7534
1990 6689
2839 2674
1188 6292
4316 4086
473 8968
8442 2045
8372 6660
2569 9733
8533 5726
9525 1112
6794 6640
6328 2782
5055 3933
5558 7098
5932 8506
4633 7923
5196 7472
597 6384
3765 4914
471 4238
3883 8913
6284 2255
5573 8854
1988 4107
4580 1514
5220 1375
8155 1548
4157 3211
5481 9715
309 1414
8222 4943
9337 3418
2415 9935
9802 6180
4849 273
419 8732
9187 6704
988 4760
5558 2977
8868 138
4491 4088
1514 2647
5637 5672
5858 1119
5388 6168
2533 3610
1111 1871
7029 3527
1806 6831
9707 6655
7105 127
5388 6293
6831 6376
1054 2389
9353 9922
2528 3845
4011 4043
6492 9649
9715 2350
768 5103
8519 3302
8714 9630
5173 5743
3157 6979
2575 2865
3635 9681
2993 9024
5974 9824
5400 7028
2214 4753
6951 4742
8598 962
8786 5091
612 8501
7441 1380
3605 5961
4683 2319
5591 9856
8063 8749
6836 638
1615 472
320 4608
9496 6294
4432 4896
3323 6646
9650 274
1389 8249
1237 175
3340 1849
8677 782
3230 2282
6743 7913
4602 2335
7770 2665
1084 4606
3304 2700
5079 3624
7308 4575
9919 1740
9472 3243
8387 9123
3517 9777
7372 4755
9953 713
6605 8630
1495 9836
912 8239
7749 5515
574 5520
8180 1659
127 1485
4359 5206
5109 1667
9781 5029
3408 9254
8272 1796
8377 1790
1573 5749
6546 1527
6463 3151
157 7958
2987 1070
6197 737
6585 6772
6257 4766
8431 6384
6251 2791
1591 1361
4459 1373
6390 7867
627 4663
9664 9005
6453 1238
4755 2999
2765 1218
6150 2923
9176 9138
3993 5374
9876 579
2147 6133
5345 579
2518 1597
3370 4109
2958 7829
5483 9349
5697 6110
4012 5361
5115 465
6599 9870
3465 9365
1088 9615
2288 265
8754 6281
5640 8630
6861 7787
4764 2207
8366 7283
3804 1737
1393 6763
9566 6876
6112 5263
2987 125
625 8102
590 7225
7973 4055
6590 9062
3671 8878
9328 2426
5159 4968
1057 2021
2756 5821
4228 1123
3105 8033
2860 4498
4796 2427
1375 909
7691 4362
1034 8316
2465 1625
5541 439
5680 2131
9502 9352
1009 8830
1778 6169
3798 2835
8190 6555
8657 2419
7678 1762
452 538
6261 5249
2965 7637
6159 656
2000 7193
8973 4466
8818 4514
4905 4499
6646 4407
3851 7656
3237 5630
3825 7036
8465 2016
