1000 2
4447 7381
6466 2792
4335 9169
1246 8627
5312 3170
5151 3426
6286 4976
7632 9855
3757 8468
6848 1836
4453 7162
6112 5564
6114 3885
94 1946
8118 4045
4808 2566
1426 1274
5358 5762
444 6605
4390 5757
9776 9542
9184 6062
4518 6816
5917 8275
5285 2766
112 9738
9929 6225
5303 6043
110 5397
7990 8229
9442 2798
796 869
4073 6154
6632 4518
2760 1022
275 2536
564 9460
8599 5083
6276 4517
3359 1562
7283 3471
1301 7212
9696 6604
3256 9807
2001 1246
8037 1444
4045 8833
2314 8119
4988 8946
2637 7748
9969 2913
285 533
2373 8884
5617 8650
3401 8976
212 685
2447 1513
7898 2144
8117 1154
1951 119
2401 9989
1564 6447
8822 3878
4566 3810
2825 7203
1559 2794
116 1844
3328 2489
728 8945
1139 4130
7922 1352
4815 369
2865 2713
2514 982
3868 4466
1102 6270
4455 2666
2717 3277
6545 7284
7088 9370
4487 8647
2165 4604
491 5494
7094 1220
4440 8234
5350 2362
9586 165
2732 2451
2879 5246
3434 6748
9712 4536
3018 4167
7202 5736
7445 3747
3020 4533
3118 7508
3180 5284
2112 3672
778 9207
4892 5218
7441 243
7581 7027
409 313
9478 3288
5559 2912
37 5272
7448 3056
9440 4651
8793 6885
8399 1813
1419 1517
9322 4600
6801 1435
8272 7580
642 3165
2798 8083
3409 379
5110 3818
693 4589
7107 6252
7502 7144
1525 4951
201 965
9602 8994
7851 8002
808 9270
9519 130
3870 6321
1566 2143
3902 2208
5309 6701
292 8718
7081 5403
2536 7774
9992 9644
4027 7495
6788 5552
2446 6989
6517 2049
5984 4368
51 6792
3639 9571
6922 7509
5893 8488
9652 9795
697 4961
6497 989
3680 3578
6392 6216
1352 6385
5860 5379
3881 2649
931 6327
9639 7449
8377 5623
1818 8429
2415 5457
8001 9338
2967 3894
7827 2619
3690 8524
7581 187
9514 1262
3765 5907
7478 5118
2293 3339
498 6174
5988 1430
2501 5628
8879 879
1252 698
9308 3667
6155 7309
3006 9122
1204 833
1742 4895
9358 9324
5083 8872
586 8849
4780 8065
3967 7073
1404 4465
3247 7393
5895 5748
3022 4775
6628 4274
5474 5936
7942 1629
3246 948
752 4450
1781 2495
9346 1140
1819 4429
13 2406
3278 4793
471 7246
1866 1876
1711 5113
9270 7607
862 2292
2383 7490
6566 7857
3427 4508
9487 6673
5457 240
1124 7238
2735 470
8379 4554
4900 8392
6961 8178
3185 7432
5424 5052
9309 7136
165 8579
4744 1028
872 7128
8519 7438
4986 1946
1947 4474
8620 7404
4714 9745
4643 7449
216 3022
2004 5116
1415 8965
3295 4601
6398 8720
9653 5708
5857 9819
4287 602
848 5159
7730 9367
2598 2717
1314 4546
7191 9935
1951 1905
9680 6594
9355 9896
9617 1359
5013 1033
325 8308
5634 6724
7028 5287
2432 2885
5107 6720
3487 5955
1880 1218
5322 4478
3936 6636
9025 1127
6572 976
3033 6252
7570 2388
6149 7188
3748 1162
8221 4074
9470 3855
798 6499
9143 3230
9385 4250
9951 2873
205 1831
4092 5528
6310 8028
2165 5335
9155 8737
6311 2189
4989 3882
4578 1139
1071 8326
2301 9292
2400 1772
3148 3198
8272 2292
6429 7657
6542 6380
531 6748
8212 4623
2276 4522
2651 4441
9857 1807
3178 6169
3996 8168
52 8575
9307 1123
6901 1609
416 9301
3381 3565
2500 1653
5857 8930
9311 2399
5311 9842
9147 3523
4465 1423
8045 7117
5865 7903
8924 9043
4072 2921
7211 4124
1496 6519
5248 8398
8128 5664
7700 1509
9229 201
3163 5087
9131 2475
7486 4442
2317 6634
7965 6783
8058 6011
3900 3923
3914 2825
2967 7987
5747 179
2112 7244
6698 7360
5642 4826
3025 3343
6336 2255
3544 9500
7342 2675
1975 4829
7118 4293
1463 5084
1076 9522
1095 4976
3445 5010
7802 6413
2997 3549
6592 5110
794 3291
2470 6437
8118 5496
9780 4455
7751 3324
3955 5093
6000 5931
9923 3118
224 1386
8202 1300
909 9298
6277 4355
4309 4080
768 7307
7629 7361
2417 8424
652 4888
4861 8770
384 4641
3225 8135
7965 7181
3229 3966
3113 3152
7084 3337
4539 5287
4638 5448
4586 916
9803 8895
4996 572
6203 2626
7933 8620
1050 8585
3508 5911
7356 3892
553 582
2028 8519
7763 5258
2485 876
8411 9570
4214 2950
4858 8853
8399 9444
9769 8203
8340 4766
8775 4543
7392 6708
3163 8443
5293 6672
4355 2650
564 4908
3232 2593
3427 995
7851 5913
1872 6263
5483 6087
9214 341
4940 7613
9786 4710
5816 8127
9476 4592
2670 6869
1300 5834
5312 6594
2506 9667
9244 3071
4575 2476
5665 8003
3472 3517
3916 5345
9780 9400
1432 8994
9742 6373
6607 9529
1083 2424
7656 560
7017 326
7429 8317
6161 2741
4912 8667
2408 4157
1739 6984
6633 7404
4987 106
921 8904
5452 702
8305 6884
9696 8047
3258 6304
7576 4342
8729 5233
4903 5746
5559 2332
4064 1721
5074 8976
389 7483
3133 2128
4467 9767
9533 9455
9874 455
8360 5326
1157 6665
2211 854
4713 5469
7158 2290
9812 5888
7523 4715
1634 3083
7048 5698
4804 2122
4675 5193
9605 7808
7322 4072
7575 6855
3528 7450
7311 1888
2776 8469
8553 4987
9323 3267
457 6482
5557 269
2370 3080
4984 4004
6164 2032
9703 968
4155 4378
6162 3760
2186 3484
7833 9762
340 1361
7212 7651
3250 9989
6120 1804
4976 5444
5071 5433
1926 629
5703 4296
3709 688
8301 9873
2721 8004
842 6876
2382 7004
637 4569
488 8470
4332 829
9832 1545
8480 3082
1534 4601
4887 6511
45 9958
1945 1972
587 7648
6268 4297
8336 4569
4171 1058
2574 5013
7934 4957
2018 8571
9527 2507
7042 3859
3336 6874
5405 1817
9957 6940
6418 4844
3451 6464
4803 5396
8436 5391
3045 4705
9689 1381
9275 3860
2439 1849
8874 374
6806 892
8946 6333
3399 5988
193 6736
2863 5598
8553 2821
2538 4972
7666 5990
1437 2470
1386 9874
7861 4431
4579 7550
5813 3854
1411 8253
5704 286
8628 2511
1179 7574
8845 4579
3563 9038
1315 6426
4637 9868
9248 7176
4841 6914
3167 6278
9385 4554
6152 7246
8986 732
4797 4799
4586 6209
3053 291
6495 1681
2802 7674
9256 1647
2253 2819
686 3568
9246 5324
3437 8494
2501 8279
5409 5668
4557 4794
222 710
2041 9208
1442 6839
4008 6029
3048 7061
6321 9544
8743 9123
7219 7999
771 9472
819 1458
3041 65
6782 6479
8560 9284
4758 3970
4952 9316
8765 5174
27 807
4383 1470
7646 8391
7500 695
5453 3821
240 4197
2945 7459
2197 3716
6931 3016
5175 9973
3082 1958
6453 1643
1242 1212
5614 6194
528 4379
1369 556
5187 5753
2027 2833
4145 9527
3529 9598
3348 3769
3796 6293
1228 5993
10 8160
9010 5185
8134 2093
7143 4587
3736 8385
5799 9351
4580 6328
3731 5950
6885 8918
1703 8912
1752 5848
8439 5281
5447 1788
9050 9243
8081 279
5236 8092
8440 4247
3277 6574
6340 421
1161 77
8807 6961
9428 3387
3289 3159
9337 174
2077 1041
9086 3829
6889 7526
9111 2336
9314 8162
1579 7396
8441 6816
5488 6882
1063 8766
3456 7404
9188 4618
7481 7995
1579 6910
1383 4869
69 721
5044 2147
1762 4131
5977 8651
1657 5089
988 972
3251 2567
8368 1693
9384 3857
8575 448
2623 2032
7852 1811
6650 5334
9807 8230
2244 1190
3100 2314
1911 8145
4462 3673
2276 440
2325 3934
5529 3313
4907 8781
5881 3275
474 5265
7132 9050
5714 9756
1082 3566
1568 7733
8901 1375
5964 1146
2565 9064
3461 4477
7209 7924
8151 9486
8364 476
3421 3894
3790 8328
2675 9671
1604 3149
4937 8737
2199 651
8493 3282
4218 61
1015 3119
1437 6979
4265 4003
6044 7727
8480 3254
5651 6632
2741 4015
7108 6162
7910 899
4490 585
570 6095
3734 5508
4832 5934
6159 3326
9216 377
3388 232
3497 4825
7212 7763
8828 3256
5490 7309
6511 1142
3941 9252
5158 1050
5414 3068
1949 9905
3653 2520
6001 7388
8028 833
3323 4188
4159 2539
4566 7547
2772 8063
2373 9984
5826 1201
3241 1317
8511 9753
2459 2452
9005 7617
3503 4420
685 5453
4326 4339
7973 327
1727 6002
1160 5050
190 5320
7590 4756
2867 363
2820 5240
348 8647
6442 3589
9964 4953
3342 2424
7406 2348
42 910
6768 728
6363 1094
5067 4337
1421 6795
339 2582
1845 530
7902 9436
5287 770
9799 8108
6011 147
6755 2453
3737 6720
7407 7080
9145 4814
9428 9187
5725 6196
9915 2088
7291 4983
6425 8713
1778 6765
1295 3624
7296 9198
3060 2583
9969 2860
691 5980
3008 7447
8434 6745
4167 5842
3826 3312
657 3254
2500 6382
9451 2415
8470 6742
7398 4896
5456 9177
1662 6751
2801 8958
5950 5861
1542 5919
8722 2234
1899 1730
9681 334
8476 3849
6176 2302
7161 6833
5557 9661
3215 5008
2077 1686
1751 9476
6582 7207
8653 8245
3959 1454
7203 9909
7316 8746
5829 6038
980 7728
7769 661
8063 6246
4510 4239
8549 1672
1073 4106
1334 4289
9115 3411
5975 867
2887 2558
8074 1540
803 2034
2995 8007
1943 311
6753 7772
6350 7734
5501 4120
8396 3564
366 2907
7804 8916
4579 8878
3023 5914
3167 2138
9325 9142
3006 2213
1701 1080
3754 2505
3114 6749
512 5058
7061 7266
2831 3412
5001 8333
7532 3397
1897 7899
6304 9702
6815 884
8580 9838
6798 1748
1977 6124
891 4983
8337 2592
6064 2092
5098 9179
8842 5611
4238 5903
2878 7069
9315 7879
5402 6848
1277 7300
4747 7581
7003 1562
8466 5584
1401 5265
7332 3379
1389 8224
8363 9727
817 4428
1819 5915
3607 661
1526 7846
6565 4404
4916 5881
2284 318
2729 3561
7619 7476
1143 4623
9039 9609
207 441
4874 7540
3821 6263
5764 2184
5991 6582
6612 7811
2497 220
8473 4024
8066 5038
8428 2983
920 713
3301 3649
4274 921
1125 5417
5544 165
5026 5752
607 9901
3293 4428
6165 9058
6612 2156
5640 3225
9967 8137
3446 8440
2161 1513
3479 590
4496 4399
1303 7798
8048 5577
8719 9174
995 4264
9340 6021
16 9947
5922 3310
4375 2087
2368 988
4244 8008
4213 4211
6145 7660
2652 8307
9173 6132
8898 3669
531 201
1468 8580
5779 187
7755 6774
4452 7096
2796 4469
7043 8719
7779 1419
807 147
2407 5051
8155 6621
9263 4301
4281 1916
2608 3455
8048 1506
7125 8580
1708 8593
7161 7488
8781 4916
4262 3233
2013 7058
7703 9056
5778 5482
476 6585
5629 2883
1636 3785
9505 899
8087 3786
2815 696
7242 864
2203 4367
9444 3911
2961 6605
1399 1742
1522 5662
4976 3535
2721 2679
2592 8499
8161 3068
5084 3791
5952 6720
7577 5457
7620 5664
9244 436
6360 6487
1300 8563
854 744
2475 3815
7350 3874
5558 8873
9537 534
2408 2258
3213 5001
757 1374
8070 5842
5166 4023
2563 2743
9481 183
8408 8725
619 4768
5213 1920
3332 6067
2665 5807
9883 15
9682 5441
8888 9219
5975 1297
1478 9188
6299 2236
563 4369
8078 5730
8393 641
8474 7874
825 6882
6599 1445
1651 1812
3365 4983
7880 6030
791 7763
6046 473
3205 4934
9693 9180
6232 1171
8369 2531
3408 8933
6901 1486
4663 5294
2128 3138
3168 2953
20 9768
4399 1672
1581 7764
6655 9462
3795 7447
7226 9841
7920 431
4776 7614
9612 1009
8786 7981
3540 2194
6915 442
3681 1579
5737 5809
4717 8905
8763 4737
8674 3162
6409 256
927 3065
9718 4722
512 6944
4563 8433
7376 9340
6048 6988
349 4834
4970 3890
7028 1885
4333 709
3464 70
6519 8181
8976 5282
2919 7651
8445 9329
