1000 2
6859 5807
8598 1857
6893 947
1841 170
471 4610
5325 1264
1775 6864
8594 4500
4611 1588
3909 457
8044 7314
6560 1433
9719 6375
9329 7454
296 201
6076 7155
6008 4674
9013 2902
5622 854
3073 6094
5465 8398
7358 7241
5263 5952
1741 9874
7541 5651
332 5586
2966 6892
7019 2686
3268 6348
140 3564
6550 6216
720 2559
891 9733
5462 6514
588 8535
2608 6053
6934 9967
3294 2198
5920 5036
2073 3462
688 2405
9048 3654
9298 6067
6340 2566
2416 6481
6131 8966
2697 6851
1525 3589
6584 6987
103 7172
5523 2712
3226 2458
2680 6521
4657 8600
1558 6730
2062 2246
9136 1111
5901 8435
7178 2242
1001 9594
8723 7133
8561 1421
3985 86
5010 569
7074 5114
7742 2597
7827 969
5056 507
7491 9713
9108 9049
6443 1171
1296 5579
2282 7198
4015 9461
9440 5017
9055 8164
2150 7616
9585 6135
7703 4596
6705 4777
9711 4448
7375 7538
5417 2431
8046 2909
2144 7155
1958 8588
8326 3255
4168 609
454 8183
70 9894
3200 9126
8059 5350
6742 7644
1486 4446
2241 8191
9224 1952
2639 6599
9491 8057
9030 7538
966 1175
4693 2925
9763 3020
6181 3931
3629 6635
2114 3699
6530 5314
2825 4589
665 9568
2234 2151
4014 4475
342 3239
6428 2982
9838 5920
1039 8868
3458 2006
44 8152
4932 9807
1172 1113
3738 4801
7748 5853
8501 4279
1167 1326
8868 1832
895 1103
3984 4910
5578 4326
8149 2007
7309 7987
7927 8349
6856 1386
355 6900
9538 5287
6707 710
6401 446
5512 4149
6299 4013
8429 7467
5340 7297
9300 6235
8400 3284
1145 3979
7611 9294
5987 4920
7281 3914
3269 4138
5300 3625
1038 4839
8913 7746
5549 5314
8193 1061
9464 4493
5075 7893
1961 415
5190 1262
6650 3591
4546 7795
7571 2158
7090 3558
7079 4372
7473 349
8510 2774
3974 9549
7613 2887
7296 3162
8201 5489
4224 7665
9983 9299
5559 1944
9714 750
3207 6365
4341 7754
4160 1913
9912 1251
5471 6992
5623 2945
7341 4133
5719 1315
3683 3332
4203 979
6494 2405
6469 719
71 6453
18 5630
8398 9733
6380 1605
6099 722
9359 260
2635 9271
1511 8107
6263 7134
1052 3604
1268 6772
4920 4951
104 9124
5930 6599
1530 2400
7318 1601
8853 7337
7232 7251
7071 3612
8856 3170
4335 8215
3430 6971
7487 4941
5078 3751
2075 6131
7355 3344
2904 2276
8295 3008
1401 4226
9607 2931
6626 6926
4532 5480
4264 1764
2731 1335
5377 1588
4505 9712
9804 7936
6684 7291
2877 1763
1042 4953
7895 8398
8297 799
675 6593
3807 2076
819 3415
5007 7446
341 9540
2927 4605
1305 5658
5941 6683
7247 447
6396 7051
8383 3080
4342 1261
4843 5385
6215 2738
3783 4513
3537 4458
1106 7345
6534 1926
760 1542
9373 1102
1083 2300
5708 2389
7959 1650
9072 5206
2097 5468
2257 480
8548 6600
1742 3392
1985 7957
6130 5768
2470 9668
227 3576
7013 6762
5503 7774
8305 4876
8876 9388
7176 4585
1777 5135
6235 850
342 8332
6318 2599
8813 4867
9200 555
8259 1186
8513 4389
6955 983
4058 7182
4560 1071
3944 63
8845 2250
4940 7722
1638 2116
2308 3416
7252 8543
4266 7594
6876 585
194 5690
5452 9395
6246 3711
581 4759
8101 7536
5743 2159
4718 304
3230 8663
368 2076
913 5308
9799 2552
7424 2108
5969 4677
652 236
2272 7528
821 2466
3219 6273
1861 9465
9984 2442
4225 8085
9979 9968
245 4697
273 3476
3361 641
5553 4274
5949 5352
6827 3374
7460 2796
8051 8112
3033 323
5641 3854
2790 8860
127 4651
8326 112
7094 2552
8198 7073
2521 8443
1771 2794
1919 5132
3435 7472
9407 9384
2825 6235
2758 286
9031 810
8399 2064
1134 4040
5919 3924
2901 6046
8576 1228
6159 5671
3780 4357
2745 6301
2800 4516
9095 4720
9649 2530
2192 9056
1915 5017
5292 4674
5304 4323
5485 3703
6388 6619
7744 2308
544 645
8354 9120
1874 4514
4792 5654
8871 7537
1956 1672
2054 1052
6392 1704
3583 8584
761 5498
3602 6053
172 8906
377 5657
2610 6765
2277 354
9074 2821
1000 7429
1942 2874
1943 6735
8529 814
4272 486
2486 6327
1538 8879
8031 5121
7464 8792
619 1066
4845 792
9973 5222
6450 2583
1988 8727
2938 1062
1549 3938
8491 3492
6812 435
227 5342
1249 4499
5828 3736
827 7366
2615 8859
2487 79
7651 3107
1146 2497
3900 1120
7720 350
3704 9708
9078 6642
771 628
580 9263
4120 7393
9698 4347
2735 948
8847 8564
4684 9675
5931 7300
8534 8418
7380 6185
1526 8526
8683 5426
9647 6403
5777 3351
6111 4856
9993 6883
5484 574
6147 9604
7967 5845
3952 703
6793 2799
9267 1478
2475 5198
8778 1009
3617 6159
7194 5144
4686 5877
570 4333
2280 6348
7684 8392
1204 7678
5276 6688
8252 1423
6293 6219
7269 245
6922 4063
3045 6190
5541 5520
1389 4320
6530 5006
479 3724
150 5165
9602 721
9499 1883
7069 7183
276 8274
4862 5553
4962 3114
6976 1256
9334 4246
1502 6257
8309 4548
2447 3850
69 3836
8171 6599
8843 8650
323 8993
3816 9926
9715 3315
1809 6785
499 2086
5059 5361
7639 21
8475 4616
1278 7810
8862 2780
4067 7171
7328 6514
1022 7397
351 9193
3996 9194
7844 4320
8188 1660
4247 7903
4976 6057
4688 5475
8143 9747
837 5783
9769 9313
399 1048
7123 9261
3828 1190
6433 1157
7705 7455
8555 8056
6648 2552
7250 4492
6872 5439
6153 1120
3342 1129
7177 8031
6605 5320
7779 7443
1103 7548
6756 1503
8596 3879
764 2425
5070 7197
3582 2776
4653 2137
832 1301
4689 8083
5794 1562
3522 1947
2682 6865
3077 9859
4896 9683
5180 2675
7126 6284
224 3882
7787 8821
7762 8552
1246 2833
5750 4829
5609 403
6967 6442
1705 1657
4525 7499
3219 8048
9447 5902
4913 2525
5762 9810
2208 943
2485 9335
7227 2710
3218 5015
1531 981
3568 2778
3814 9318
7608 9424
9722 4575
5866 1428
6232 391
8928 9452
8440 8375
5355 3353
901 1117
3164 3110
2061 5650
2445 9288
8360 5664
4304 9892
6645 7872
2670 460
7191 278
9884 6914
4854 5750
8342 1087
6142 7270
539 4582
5646 5894
7936 6548
7012 1100
9658 9073
6750 2104
8362 5110
7768 2667
5002 4414
540 7673
4874 7732
7952 4758
4646 2806
509 2989
3894 6651
260 4433
1233 5907
328 9169
2455 7341
270 2114
6415 7020
4218 4777
2131 1987
7445 7134
6402 7985
4807 1276
5717 2760
6035 364
5567 6544
3353 9461
3195 3614
3895 4429
9521 4224
3599 1977
1565 3869
4091 7981
890 8310
2759 3021
298 204
155 6700
8189 4963
7976 3906
7724 4012
4270 3291
556 7624
2752 3752
1238 6648
8181 760
872 1780
2737 2438
5650 6828
419 6540
5139 3178
9562 5437
3382 9718
2137 1572
4681 114
5479 2405
4126 9750
5697 4683
7374 8450
8435 8613
5098 6616
9373 5971
8397 2110
8409 4048
8939 8829
589 4078
2007 151
9515 5390
9869 1653
6962 4551
1767 2441
6957 5894
2191 2654
577 9566
1104 9012
8179 6203
5629 7552
2174 4027
9663 584
8075 8602
9413 8664
2681 1420
8816 2196
6811 8686
3850 3773
3237 5617
6215 195
1511 8407
2849 2089
7973 3954
1101 6153
158 6730
3706 2333
757 3369
2917 8833
1972 2330
7498 4653
3751 6314
6850 562
5000 700
4336 8238
6318 552
8433 7830
8959 1283
9919 6933
5238 1020
3086 5397
7751 6793
7730 8509
162 647
7342 2135
2977 4840
6789 6729
1155 3640
7292 6156
4341 1628
4394 660
2180 2828
8490 1140
4112 8410
8073 9351
9431 1160
4748 7182
7953 2478
5691 8116
3125 3034
252 6103
7874 7041
2832 9030
682 124
5186 5023
1753 9580
5683 3934
2409 4174
5074 6521
2584 3148
5872 2015
4309 620
9198 2263
3099 4890
380 6224
7924 632
2328 5799
7674 5160
4829 8356
5285 15
3380 7039
9596 9064
973 2005
3238 6048
8527 5823
9196 4400
7839 3506
5021 7037
5769 8120
1927 6149
4345 9851
6782 6673
5651 4456
1834 480
2813 7120
496 6193
4159 92
5258 5133
2098 8497
1181 626
4320 378
5027 2159
3884 49
9197 9654
8169 1124
5804 2515
976 2586
9189 6628
7042 1023
7109 9856
8144 7605
6050 2303
7698 1308
7437 9797
9805 8618
424 4126
8997 5451
6286 2882
5500 5483
2536 3670
6608 8340
6186 7585
926 5375
4213 7969
6398 1322
7825 4542
8928 3876
6846 6626
5184 4284
6424 4990
2902 6848
9117 1900
2299 5403
4782 7800
887 7318
1471 7496
5659 7657
5081 6586
3032 9295
4556 9431
617 2381
3974 9545
6257 821
6172 1442
5105 2596
6432 8008
9445 5550
9908 1745
953 4690
9545 1840
2009 1016
9337 7669
8674 4418
4255 1706
3713 8811
1137 4331
1193 5112
3876 7451
5933 49
8893 1038
2646 5326
9046 2091
876 8954
3836 1830
3645 3381
3671 5654
4398 3008
3323 3073
7427 7579
4779 1140
6390 5917
5471 7583
1030 9348
5035 6963
9397 3929
8001 2043
9256 7047
4135 133
6002 7971
1963 9647
1353 5635
5302 5752
8644 8625
8825 6071
6205 3605
7211 2595
9523 2683
179 553
2032 5214
7516 1429
9144 5517
3473 8400
2565 7608
8533 8568
5580 497
8216 6933
6133 3518
2685 4777
2144 1510
848 8349
5115 8060
945 4638
743 1124
5191 2775
6339 2708
4205 5483
8226 7679
3884 792
5288 2418
9360 868
2915 7576
7802 9049
1095 487
3826 3239
1998 4674
1589 7114
2735 2534
1752 3479
3658 6944
6254 9998
9653 460
5481 7879
8140 9366
8671 3429
1784 8032
4298 4699
5609 2100
3749 6704
2588 7575
9944 4586
2250 1534
1700 4985
4068 3453
8464 7727
398 4719
7725 51
5180 3207
7931 3321
2573 6603
6750 4357
4635 1048
9057 245
3149 2807
6950 5738
382 6895
324 2632
8429 2025
7618 2497
5479 6083
224 5877
803 7950
5929 5983
1158 3861
9304 3732
464 6055
8090 5100
7104 7148
5345 253
9955 2296
5991 337
9191 6316
2970 7620
8342 589
117 3821
6672 342
9699 7475
8293 5628
3459 9451
9489 2763
3183 9954
8819 1274
5054 5923
8422 400
6177 8377
2696 2169
8715 1887
8485 1685
9507 6827
2274 9625
648 8947
9968 348
6423 8261
5976 9882
7713 5466
2646 897
5420 1465
2171 474
7388 593
874 3565
8971 3571
5734 7686
5458 4220
9372 4966
1047 1647
4591 1696
594 4560
2045 7017
2822 8021
6899 535
3488 9545
1432 8908
1010 3604
9383 8399
4198 258
1965 3169
3830 7699
855 9288
1920 228
4254 2968
1875 8846
4665 2469
3407 6710
9487 6229
4732 6386
6764 8220
5932 8197
7129 6943
1802 6513
5343 6000
6772 7308
9170 602
5008 26
9890 6928
254 4145
9896 2129
2992 4562
4598 6399
1272 4085
2628 6004
472 9393
4224 6405
7591 1354
3348 9393
7867 8692
5394 4639
6000 4564
5242 1008
4590 5133
7937 4845
9278 7834
6974 2271
2396 1573
8671 3668
5659 1300
9672 6132
693 3897
2537 8285
5252 5886
7678 3119
4578 3072
7759 578
7637 3002
1587 2228
8135 9524
7073 7413
7358 4047
9685 9754
5620 8356
3423 1279
9657 3095
7411 351
6993 9949
8636 2245
5835 6314
5365 414
9387 3124
993 7025
6126 2580
9253 4262
2105 6326
1676 9464
373 1361
9218 5994
9718 2641
7274 9375
5737 4685
9726 2730
4635 8363
4976 471
4678 341
885 4065
3466 1878
1091 9593
4459 344
3855 6565
6670 5531
6029 7044
6893 5248
3038 6611
7890 312
5987 3627
4998 5714
6358 9633
4077 1335
105 8755
1676 990
