1000 2
5355 598
309 3420
6286 2666
582 7114
1992 394
469 4094
8220 9638
5463 8824
8279 5667
3043 6437
6767 8668
7222 824
9792 7816
5197 4483
623 520
8748 5979
1119 9057
9399 7405
1723 9981
4519 3716
375 4989
7810 8596
4627 3273
7421 2906
8941 464
9344 5708
9133 6567
6533 8925
4384 1730
3409 5008
2251 2157
987 3370
1215 386
776 2939
368 5295
6655 744
285 4465
9340 4912
7739 6761
7819 6680
7226 7164
2388 6359
3731 8921
5285 8116
652 8694
3124 2904
852 4112
6275 2067
4499 7051
5007 4867
2347 1662
5611 2632
6128 4952
7545 3867
1714 5365
548 8940
2529 2937
5300 6261
1859 585
4378 2512
9279 7502
5417 132
1614 1693
2199 6113
8745 7206
981 1092
8869 6593
3724 4997
1545 1270
8865 3260
6635 9414
2200 9165
2351 7500
5427 4211
8086 9805
6723 7365
7308 2140
7497 8922
3834 9697
5036 2579
6904 6018
3671 5774
2611 7396
771 4157
8666 9637
7417 5302
9051 9618
4468 1403
7119 9896
5614 5205
9701 2338
2571 7009
4479 69
5932 8313
9767 969
892 6671
6987 4563
2446 9599
1960 3217
3756 627
2855 1174
5930 1907
792 398
3310 7911
294 8925
3117 9996
1263 5688
7006 5742
5757 2939
4056 5525
3908 4948
2196 896
9512 4643
495 1472
7861 4251
2099 716
5425 8029
2623 6218
8428 5934
4130 8723
4859 7247
8719 6123
2936 5726
1866 8694
8665 5922
4219 2574
870 6416
3470 382
1059 3966
1854 8920
8218 3954
9636 3643
1984 2260
9862 412
8195 3992
9135 3054
1240 7855
9178 4176
3581 1044
2870 2247
6966 7089
4821 7836
3506 8292
8219 4565
2258 74
3485 476
4028 3122
4120 6013
5383 3982
6425 3578
7975 5561
6633 9215
3417 5811
3391 6998
6856 6262
9246 3822
3352 4067
1659 6858
2359 9878
1423 4617
9952 4909
5094 3981
8032 9214
9994 3415
3197 6420
6994 1172
1982 3627
388 5399
9439 3779
2398 6295
42 1644
117 3394
5711 1777
252 8071
1656 1676
2689 1609
6586 7783
5590 4618
6998 5585
8034 195
2005 5028
1368 3987
8656 1756
9387 8095
5536 1785
4390 5579
3429 4508
8973 9141
6285 9226
7212 7942
903 9901
9551 7489
7685 5141
2107 4683
727 141
4879 2733
5170 6248
6721 3826
8005 6108
1921 3541
7893 6312
9121 1323
821 8094
464 7107
7321 7677
5049 8224
7578 4600
5713 5264
9742 7821
9948 469
7963 4828
3202 3133
1076 9923
6959 9081
6032 8880
2623 3925
5193 1744
5248 6014
9839 5713
3121 7160
3390 8170
5385 969
2770 1098
6233 2512
8920 6182
2981 6883
1010 6184
16 2087
6108 6975
1168 2140
5856 3792
6066 1049
5537 1315
7064 5377
7028 185
2537 419
8355 7922
1388 1125
9021 7622
3638 7941
3805 6620
4825 4815
2804 4841
6902 8913
1817 8071
1053 7674
1864 7120
8723 7401
8435 5787
2779 5464
5973 5316
5883 4328
3239 7272
5454 2261
4894 9093
203 8699
5713 5028
3515 8518
9870 417
7431 1687
8489 8485
9361 353
5605 8085
7755 4040
3873 534
9505 9846
5851 5388
4174 9091
2660 9629
1352 7555
8722 1556
6255 4435
6584 9770
2954 6454
188 385
8141 8677
8871 7503
9031 4476
5588 6786
8517 9461
7320 8022
9307 3172
3411 3482
2263 6072
3112 3616
3627 1834
5172 9882
6270 1756
9653 9224
8211 9841
9610 6353
8519 8481
3856 7550
2958 9445
4337 1475
8906 1657
9498 8214
4830 2910
1697 7093
8982 4809
709 2609
6643 5881
2492 2913
7638 2145
2138 5850
1987 1748
2203 506
229 6060
8057 3187
5505 2394
4663 4412
4052 4162
2627 8882
7072 4324
5975 6055
9133 6685
8665 5777
2567 1157
8691 205
3303 829
6056 5290
2578 8259
5797 2807
4319 3854
5995 9825
6248 658
4237 300
4821 6864
9182 1894
1189 5158
7949 323
1843 6615
6100 4411
7772 4792
4617 1076
5622 673
6367 8200
8932 2164
1008 3252
6019 7003
3077 2267
7662 7315
2568 2483
4180 1751
4378 5369
6909 2327
5692 8753
8943 1793
3164 6715
6586 7781
7792 2208
8454 4159
408 7387
6324 1416
640 2343
8419 3718
4611 6082
1033 7179
8565 5214
8930 2943
584 5840
5271 6276
4594 4214
8070 7759
930 4656
5541 8723
6864 3996
2882 7273
1383 9207
8690 2023
1550 7110
5742 6161
3192 6775
3341 1758
1990 2272
4701 2574
8113 9973
8851 2707
4188 6921
466 5119
1578 6008
3842 8443
4 6725
5716 1388
5932 4407
3412 7482
1517 9154
3644 4709
5930 6986
6467 7920
9258 1169
494 7371
1143 9345
79 5331
6266 546
451 7845
6554 4293
6288 6559
1019 2005
7947 6951
6412 1359
4434 7929
513 8079
2639 6443
5065 9107
4363 4324
276 4857
1696 1419
4203 1775
6751 470
2322 7202
8315 8877
1496 4603
5436 2515
6609 3383
9466 3021
4743 3901
951 5256
1980 3590
1700 7046
2698 6064
1370 2974
922 3066
4394 5125
4842 1146
5595 7165
8348 3911
6042 9845
8515 1478
2360 5124
4862 1827
8145 9605
5728 9097
4862 7709
2688 6563
4755 5386
2627 6126
8361 3549
9193 2756
8675 4035
3902 4271
1201 2251
8182 7243
2096 6697
8722 4457
1821 3585
6285 9967
3190 2014
9065 8053
9723 1753
4616 4479
7140 7244
605 5501
794 9799
8257 9469
3834 2160
3741 5035
4411 1923
2279 6508
8621 1002
966 443
4587 7251
411 7778
9265 9476
5831 8989
1230 448
3468 8370
7693 4074
3872 8487
3873 2129
7957 7708
4290 1698
2744 8702
3622 5023
5211 2243
6025 6177
2686 613
3428 3097
8391 2694
2574 4223
1683 3804
4671 5151
2174 2365
9226 6046
852 3099
8176 8810
807 2467
508 3551
1169 4131
8575 6380
6375 4601
2558 9061
5214 5986
2159 3606
8681 4734
7829 364
8538 2501
5515 712
4866 4741
6759 5719
7841 4936
4529 8648
7403 5038
2200 8572
9169 776
4953 5544
5378 7511
4606 592
3498 6766
4198 2179
1500 2028
2543 38
4529 8059
751 9395
2801 7511
5114 643
2447 9644
9291 9850
4682 1492
8423 3851
2269 3376
9395 7647
888 4002
8240 4386
768 2439
6566 2268
4467 9109
2307 8996
7169 3059
8392 9971
570 3507
614 3018
3151 9906
2869 7833
1399 1292
1684 3668
4669 1080
1315 5557
5082 9555
9943 5851
1994 6509
8120 6462
5619 427
5458 2789
3487 3851
2760 4058
7358 3374
7076 509
3281 9945
8342 4680
1238 27
8348 5907
1108 9664
1464 6190
9219 1408
2042 1214
7918 162
7676 3538
590 3135
6327 4077
6986 9088
8135 4344
2462 5212
4854 5743
5158 3197
423 6396
3224 8772
2304 4333
8436 3768
523 7656
5177 2566
8871 3096
2728 6548
6634 3318
9683 2962
7396 6670
2050 5532
1015 4512
744 5870
256 5902
9067 680
2299 2292
9453 4603
6625 7889
8372 7149
5546 3549
9715 4417
6646 2443
965 3280
5762 649
6242 3158
7319 8292
8690 8335
2805 9435
4205 3062
5338 3272
3743 7637
5564 3196
2241 2189
1086 613
9339 6632
4163 9054
1049 809
1498 2015
4090 7260
2664 332
418 9984
8625 9109
8319 1431
8544 2524
4494 3882
5797 8237
1520 1362
1434 3761
3552 2520
4374 2891
9153 8538
1945 202
9347 3443
2217 3437
703 4882
3770 1122
4866 2396
232 3186
3827 8777
5710 8322
2659 1508
6559 4179
2870 7994
7941 6422
514 2315
9314 9667
854 1259
9870 201
4703 2088
3639 5407
6970 7410
6530 1837
9806 6762
5023 3634
5539 734
1956 8199
2242 8516
2379 5113
6510 320
1536 7025
2636 850
6693 3490
2110 6563
3692 6813
8652 7331
2221 5623
4741 8751
7460 4548
5514 2484
8182 1053
3218 139
9253 5461
8655 1632
574 5165
1953 2111
2190 4589
2961 8884
8079 5072
5447 1771
1885 4100
9103 4107
9723 3845
2858 7184
8393 8373
9668 6576
9427 2887
6715 8680
8348 5370
313 8923
536 2266
1034 2727
6855 3995
1611 4935
9067 7059
6707 953
1160 5811
5061 883
9656 7920
8068 8050
6293 7737
4626 5720
624 1341
4400 8972
6712 4714
7896 7249
6980 8930
9977 3836
2926 1588
8771 1994
8648 5479
2948 9808
1290 8009
692 947
5929 8760
8997 2222
6497 3623
7942 7122
4965 2343
6095 1678
7057 3991
8927 4038
2921 8905
7874 5847
493 6646
7842 9142
2126 790
8950 3416
8799 9643
4363 4728
8404 3360
6950 4901
6984 4893
2024 1949
7237 8119
3628 4295
2111 2556
8334 5032
1461 6208
880 1955
2855 8722
1097 4981
9513 48
8398 8312
9691 2761
3040 8095
6122 9991
2997 3107
4885 5021
5057 2123
3141 8685
6418 5252
1241 4752
285 2702
961 1166
4657 3817
9889 5755
8798 9402
5803 7196
7714 5494
9958 755
3589 6081
747 6586
9188 5632
1608 4245
7756 4749
2931 4175
2 4173
8928 287
6876 9889
1453 1534
3706 1342
7289 2505
744 3092
9702 8459
8586 9661
9214 2176
5742 9961
8763 4931
5594 371
9177 3351
5121 2108
7526 5123
6281 6454
5410 3158
6344 6864
4692 51
8206 1981
2556 8951
5073 2259
7410 3660
1920 6625
5836 7662
6587 4599
2594 2182
4971 1771
5533 92
3880 3059
5215 162
9513 625
3320 5858
7489 8012
5909 5696
9993 8466
4647 5067
725 2058
8727 2645
8683 4564
307 5271
9164 2902
7453 4135
4673 2986
4227 8553
6045 9443
8716 5559
69 2036
1417 7559
48 7327
3255 42
5793 7903
5109 6518
9962 3836
9163 8646
8401 9471
3917 7565
2373 1370
1700 7047
4357 5928
5600 403
5372 4317
5962 5441
6353 7380
3000 6402
4707 6256
6444 500
4160 1553
7019 4122
5390 6182
2768 3791
5653 6686
1356 8027
8057 3057
5074 2414
8986 675
2818 4358
4992 8780
9800 1345
6161 2800
7748 869
9057 4192
1370 3217
5746 8389
7340 1136
4572 108
4928 226
6795 6285
8253 4852
9342 3328
7267 8329
4003 85
2688 8996
8866 2488
342 5028
5289 8090
5897 4346
2282 7268
7563 8028
5657 4903
9165 230
5012 4093
456 1808
378 8709
6661 9721
2037 3928
8050 6041
4014 739
5037 2880
3227 5379
7909 8516
3469 3807
2862 5752
1075 426
3780 6733
5329 2945
6963 342
7039 7419
2150 7417
6129 8811
7138 8167
2740 5189
4208 6754
5928 9245
9635 9155
4625 7544
7672 8094
1351 534
3846 2427
960 7627
9160 6290
573 6123
6633 7612
3543 8783
5030 9672
7595 2168
7839 335
7358 2047
7090 3286
1293 6725
2442 5918
4270 114
4013 5621
649 7859
8049 1610
5487 7209
7900 6061
3332 4533
3674 6876
3317 8704
6548 913
873 4387
1248 8231
6435 8339
1518 7728
5064 3960
3647 9335
4075 7660
4957 4724
5520 3006
6334 1007
215 4235
7069 3548
8769 743
424 2086
9447 6972
3000 320
1360 4248
8552 7795
2587 70
5524 7652
4031 9171
6987 8106
6831 1944
2831 2351
4950 9166
3359 5166
3401 428
8714 2171
1171 9138
4258 618
6111 7258
939 7471
1507 9491
5267 4095
9562 791
1747 3593
9962 8735
1700 6794
680 4532
9145 5630
3698 2504
797 7100
2933 9511
9271 4104
8650 3529
4723 4762
788 5662
2233 2295
5154 7501
6390 4716
8292 8138
8310 8255
6873 10
5050 7553
4542 4195
3184 8241
6700 3981
5341 9634
3493 4612
3738 2143
8142 8461
6905 8931
4124 9139
1226 9279
6640 7616
3995 4933
5754 2305
3189 2628
2316 8239
181 6858
2435 3366
5099 9136
7347 441
8770 841
5054 2508
2984 3197
970 9890
2128 5095
9030 3354
4374 5671
971 8369
604 6725
675 3794
9353 2991
2034 9535
9850 4469
2901 4950
3605 249
5391 2376
1090 445
4885 4075
3642 5855
3965 5770
951 2995
9125 5325
8666 96
