1000 2
9392 4587
8314 6586
3040 3853
5996 9115
9592 6845
8837 7401
7233 8627
3145 6260
4060 7686
1708 4475
7030 4187
9957 7948
3705 6583
1380 9550
933 3065
5022 325
7653 3336
6912 693
7189 2909
9808 6782
9754 8646
4183 6987
7274 7329
3247 1334
5015 4956
5810 2045
9144 5767
9994 2850
2351 1375
2400 3284
4441 7422
3610 2094
759 522
2788 7949
3431 2597
4731 3186
1243 8915
174 8517
6244 3422
9852 1260
8378 5662
3306 7523
1430 3301
373 3781
4677 2773
7066 9118
196 677
1212 956
1200 4001
8905 4632
6598 3637
7818 7842
2553 7992
6359 8798
1414 6212
58 9793
1875 3365
7316 3306
6666 7689
7087 1343
463 4154
462 659
4831 1674
1616 6031
5676 521
663 2274
4159 8482
116 6712
6475 6476
5511 7890
2689 5570
7683 4564
8935 5000
7870 5602
2690 4958
6946 3153
9112 7408
3813 3944
9083 5429
9975 4759
5951 639
7033 110
9122 7150
6823 5597
3627 2335
3487 6316
7905 1171
880 6840
6171 8751
2442 8861
3709 9388
2015 2822
6797 5828
6766 5880
1257 6742
639 7209
7382 7673
7319 6504
4824 4143
2102 8451
6479 5590
4767 4384
6761 5648
1224 2933
4399 3667
1795 8109
3056 3810
932 9853
9638 7698
5734 896
4441 6373
8105 1823
4047 5425
8328 8871
9569 430
7322 6048
6020 2090
432 2782
7738 1657
5715 2138
5325 7510
248 8382
1321 1180
8236 960
8879 3970
1856 3320
343 9962
5144 4390
5388 3472
3262 4957
3903 584
1006 9924
2674 1439
2706 413
3097 8422
2552 8422
5933 2800
6805 7254
3981 5041
8214 2860
9011 71
6181 9355
34 1325
3746 5422
4798 7008
379 8701
7593 1386
8626 268
2825 1332
682 5922
9754 3234
4345 5688
6034 1151
2942 15
6192 1157
2876 5204
1229 9057
4559 1263
382 8306
6685 5181
5315 7065
3883 2908
8451 2509
3177 1277
3841 3859
7199 3596
7093 1545
9285 3128
2696 2227
3144 8889
3385 6020
4093 4615
5077 8653
5878 5460
6959 2564
641 2275
9630 4524
5184 8081
7033 8361
9359 875
2220 6559
4472 9313
8104 3757
2442 801
5985 5586
9690 9371
1606 3783
3986 6683
2437 9865
2144 9397
2429 2785
1672 2059
7310 6856
141 4343
5217 9500
5219 7438
6059 9692
6752 4163
3450 9194
4965 9435
4780 4655
8807 6386
8439 2793
3070 876
2658 5214
273 5088
8000 1945
7147 5310
8802 7289
9654 4020
6789 4874
1458 2848
4566 8210
7012 8016
7404 1977
7452 2185
6633 6259
8572 5072
9053 1643
5948 1712
6858 6221
6801 4858
8167 3948
168 6970
1237 9823
990 8027
4697 2448
876 9264
659 7889
7280 8064
9867 4733
249 6500
993 8821
1572 47
465 7521
1759 7323
3743 8560
2181 1910
2509 2350
8881 3747
2173 9871
1775 6871
2320 2651
6135 2979
540 3416
1043 408
8149 1293
6908 9143
115 8481
9190 580
6002 950
7903 9745
9511 85
1656 2021
2435 537
5768 4609
408 7544
1481 2729
195 7616
5708 736
1033 6752
1144 9183
8046 8053
8326 8161
6534 7516
8742 2536
8467 6646
2281 7978
6731 3938
9999 9166
4475 5768
3776 4883
3312 5257
7613 3508
2874 3321
4245 3907
74 5390
3090 8121
3444 1416
6282 9978
8933 5025
2515 7400
1671 4797
5379 8402
8735 5379
7569 3210
1147 1345
8094 4460
6603 5707
7969 9477
9029 2214
3384 9104
7605 6474
7225 1049
7891 3508
1028 6825
8533 3543
4226 204
8340 9605
8607 7076
4985 6176
286 6132
7522 8381
593 4125
4088 8562
3602 3118
777 6987
2222 8383
3462 9448
9432 1353
2956 460
8179 1490
4004 2405
1694 2345
2011 302
9421 6997
6478 9708
3130 4001
8089 3723
8126 2178
2286 1729
5296 3064
8716 7519
1447 2178
6967 880
3532 9924
1341 1712
1414 5345
4118 3109
7690 6129
3411 7111
3127 9890
6819 6257
3891 4909
9980 2018
7087 2267
3747 2384
5331 2463
9904 6779
4642 6872
7659 8175
6796 9000
9887 8211
4345 4005
1320 2036
135 4732
9148 3262
4623 5967
9519 8514
877 9500
533 7964
1767 4280
349 7098
6744 253
3878 1387
7125 1537
9562 3922
538 9449
2133 4884
3454 3454
6920 3589
8187 6068
6851 2810
2036 6370
1325 2913
5870 1858
878 7638
6139 1227
4737 2884
1481 8615
4271 8606
152 3833
2529 691
3283 4663
5575 6737
8117 2496
327 6304
8564 7178
9114 601
3549 440
3515 9420
2298 4393
7058 8437
5621 1795
1321 7102
410 5593
5708 563
9427 8238
1254 2710
2901 6829
9447 1019
9325 9774
7324 7890
6953 6439
8491 502
6879 2006
9922 9177
6400 6980
7615 2021
8775 8937
9123 9186
4530 4832
9749 3957
3070 1003
6667 5972
7833 6115
6992 7158
5890 4316
5049 2843
755 3541
3346 7634
5548 3269
6812 1948
250 4428
3970 9026
3365 3093
8212 7895
7926 7961
1853 997
8965 8521
6970 6798
4636 3962
3957 527
8278 9006
3370 9034
2548 6717
6669 8096
9987 3481
45 237
7910 4015
9263 1275
7109 7475
9171 5036
5437 1024
6033 4402
9545 3003
1201 4182
6966 5158
4709 5244
4165 8080
4278 6713
4797 948
4810 4784
4430 4855
5022 2340
8871 4285
3615 5981
1761 2786
1017 7199
3811 7050
1602 3356
54 2803
7538 7020
7962 2247
2265 2127
328 6544
8841 5125
7492 3652
9910 1922
8508 4932
4262 7379
9218 7878
3360 980
665 4378
8179 4476
1429 9781
7832 1483
2584 5371
8504 547
7619 770
2674 7947
7315 1516
3073 4807
5168 2983
6730 3677
7916 993
1056 7135
8872 4417
8116 9537
8795 6295
4013 224
6077 1846
1708 8662
7218 213
9209 4837
984 1884
2785 8299
3400 5858
3107 8569
8842 9837
2247 6759
831 3303
3894 9703
7721 2011
9240 6517
8306 3254
6742 4384
5101 8451
3046 2319
8664 2255
7156 9649
4140 9942
7948 7541
5800 1055
6111 4642
893 8358
1402 1724
1662 5297
1428 9383
7308 669
5900 5615
3924 2643
9999 9025
1094 3045
1344 9758
5301 8501
9408 9442
8443 7356
6983 4243
8412 3094
8886 9305
1452 288
1030 3114
5585 2459
2498 2893
3128 8399
8508 7052
1042 8508
6077 2136
1554 7422
1895 6855
5923 1303
6298 4367
8659 3281
8610 7072
6375 7497
6377 7828
7786 7408
943 3371
9867 3441
6265 2995
1840 4774
48 2882
3283 6126
5019 4837
3549 6914
1693 9472
8217 7991
3840 6877
1272 2450
3949 7648
9948 327
5477 7734
7735 6420
1106 7603
9862 7372
599 1703
2147 647
4586 5430
6774 9605
267 323
6519 1960
9796 4737
9951 3636
1615 1224
6087 5565
8873 6035
5893 4350
3770 3629
771 4877
1232 633
2249 1831
2336 4396
2479 6922
9826 9254
6528 94
9578 3048
2055 9374
7785 2007
3011 9401
3231 9098
4966 2104
5134 860
6455 8905
4489 7226
3782 5721
7859 6031
7553 196
428 33
7119 255
9288 3647
349 8866
6695 2404
8241 4481
4412 1252
3883 7643
351 8849
9748 5485
9710 6203
4391 4199
3430 8173
9921 1289
4205 7475
1486 4633
7508 8605
4888 6797
2253 5238
5663 8948
7643 3904
3430 2055
5156 7313
9699 5508
6163 9447
994 5873
5651 5385
72 9081
3558 9994
371 7763
7469 1858
2397 4978
463 7285
1775 2716
2523 7439
1665 167
1343 5095
2222 6500
2409 1921
2008 8572
1369 3002
4445 7020
8388 4518
6102 1946
4513 6474
9710 1982
8332 2108
6961 8796
9393 8736
1513 1917
6175 3178
2085 7519
8274 4307
4019 683
6228 6028
9256 7597
9031 3702
4618 7419
8220 720
9366 2734
7195 9077
4716 5527
1185 1678
4324 579
415 5837
2497 6590
9016 4582
4110 7290
8889 8130
7974 5118
4158 7231
2716 3190
933 7334
609 9154
8055 9976
1888 5250
9053 6605
778 239
8283 5102
818 8698
939 3316
5289 9956
7898 9399
7246 6788
7529 5221
1906 1688
2452 4623
4878 3385
1957 5488
2540 12
5464 4428
5263 4517
1033 6041
4756 9316
1144 5575
8015 2084
8891 3304
2040 6789
2704 9287
3577 233
4509 5484
1922 6961
107 6800
347 2065
2288 2887
2078 7752
7316 7342
2270 8349
3383 7026
7666 4528
2602 5681
6612 1493
8986 8652
8282 1690
7939 1860
1924 2448
7345 3846
9410 7453
647 9758
9519 2936
2646 1597
689 9962
8939 2959
8312 2323
9986 5979
6851 2588
1661 3464
4082 647
2116 2364
2338 56
4225 4262
2505 1571
8109 1916
9025 8757
1675 8544
1693 4321
142 2383
4284 9081
5343 2596
1405 5330
8575 8257
7919 236
1721 2001
884 3838
4366 3222
3895 8591
7485 6401
163 5595
8317 9188
4352 9992
7732 6046
4314 7874
8429 8598
6956 3773
1195 8362
9103 9771
6619 7022
8 8340
9023 892
2178 3389
4115 6074
1981 1601
2475 2145
7196 792
1333 1549
785 9066
7595 5100
6941 6025
3698 3898
9798 4893
2260 8901
4665 8879
5923 4673
7220 4947
5565 9399
8337 9681
5473 318
1282 7948
2463 8479
8740 3797
28 9526
2864 7624
4626 9805
3649 8325
3703 3448
3219 5964
2349 7884
4843 8273
2557 2064
3221 8123
1463 1558
7804 6936
1876 9087
4884 4340
7566 3625
8138 7594
3152 1002
5218 7779
807 8868
6104 4511
2316 9323
476 4666
7208 5320
2940 9766
7384 6161
7889 8847
7719 5694
5783 9596
4781 668
3937 2348
4294 2075
9943 7446
3077 5161
5225 3885
4030 1329
8397 6347
653 8873
1013 7862
4194 3954
7628 1578
115 5518
425 7835
1212 6209
7432 5993
6878 1369
8342 1172
3444 8285
8618 6522
3447 3844
408 7477
5174 8806
3824 5827
7680 4838
3690 1874
8793 1318
3452 8908
6836 3878
6744 8049
88 4176
4043 6966
5545 2385
8139 8990
670 6757
5513 4117
602 5921
1594 5776
4727 5419
1604 2407
258 5294
4281 9051
6613 7734
7960 3450
1612 4704
1499 1701
8881 5542
8667 4426
7927 6806
3417 8597
3564 8930
2714 4167
4851 4309
9943 9579
9728 1547
1987 9987
6842 6269
9038 3455
4003 6999
6906 5616
1704 8405
7317 585
3947 5985
5012 1875
2792 8429
472 6357
7359 3187
524 2211
7496 467
1790 7225
2015 3778
7213 8857
47 6252
2313 4050
3251 9219
9667 4955
7625 6985
5540 1573
2970 553
3448 5763
8982 3921
2120 6342
7109 2645
8553 4606
3113 344
1832 5128
4122 9045
3986 4170
5297 6300
8221 8548
5520 7888
3504 3145
4873 9045
4719 7844
9598 8168
3608 8580
2089 5729
4923 9199
8374 3476
3805 1487
3821 5637
6615 7944
4682 602
2114 9980
6902 335
8528 2423
8224 2032
5569 3098
1077 288
943 676
8456 4551
9256 546
280 4179
9745 8654
7656 3551
142 1478
9188 6758
9422 3871
7360 1537
3851 4263
1872 2380
6686 97
4413 2256
3195 5491
2544 4138
6167 1000
8690 5423
1547 8970
9603 1293
7625 7260
4844 7768
8738 4033
4526 8161
7905 1887
9698 1756
6151 1571
4137 2838
1668 8550
5094 4864
4041 7638
9003 208
8639 7693
5632 187
6664 5236
1480 4290
2496 6324
2058 1235
358 6584
9396 8263
8472 9095
20 4623
666 4157
7461 2335
2708 2556
7200 6749
194 6203
6958 8834
3896 2591
9021 560
7827 501
4851 324
6826 6909
1559 7184
3494 956
5448 1966
51 5468
6590 718
9626 4052
3054 2334
6608 254
9084 6802
6457 6042
5637 354
8633 4658
915 6460
5160 5766
6785 1986
2676 8345
9171 6170
9301 4619
8137 9353
88 4727
72 9714
8779 3126
2049 5387
3381 1133
2190 9839
7175 7828
193 5809
2486 1109
2270 7646
6875 9055
9633 9551
7400 8804
5722 6702
3424 3859
6055 3512
8586 6128
3227 7366
9254 5276
2754 2636
6410 4945
2475 3586
2773 2668
