1000 2
4508 781
4530 6801
5931 977
484 2158
7085 6060
1934 2428
8732 1017
1251 6494
4037 2903
1853 460
1296 3127
6388 8019
5721 9695
8806 7795
5851 734
7583 360
1515 2114
7161 7447
3091 7646
9605 177
3707 1539
2605 2439
2557 3857
8934 6594
6761 787
7055 8058
3915 3443
6077 9637
3139 4883
7433 8991
5617 5017
9351 7133
7131 6513
4580 223
4159 4186
400 7866
5726 3006
306 8283
6864 9241
4878 3625
29 1933
1683 3944
5377 7761
3582 8517
2644 1016
7508 8261
6033 6860
5395 3165
3373 9975
3388 7533
4162 3789
5400 9888
6795 5706
8172 3660
4948 3050
7286 4977
4984 8970
8922 362
6731 2504
8879 9375
3521 6387
7637 9554
3247 3032
2719 6621
3008 6108
4154 7170
9897 9554
7059 6693
5261 5231
353 209
8282 7640
5186 3266
6610 4108
3629 3341
6613 2508
2717 134
8896 355
9688 2144
3388 2408
8765 6396
8516 2919
3567 8414
2473 627
5107 7734
5858 5461
7944 4141
3101 3130
7408 9712
7238 1037
3053 3852
3545 5771
3986 2442
6126 3675
4586 9514
6084 3351
5911 4601
6271 9479
3015 8745
106 8122
6480 5965
3584 4424
106 6685
7554 7514
6397 4793
8552 9451
8645 2098
5222 2632
4540 1348
6307 9127
863 2391
2478 6774
6992 8749
6253 7
7495 6359
8130 3975
2325 1715
8399 2431
8400 5953
9946 4798
746 8499
4250 9392
597 9473
2024 5138
822 8331
4265 1685
723 6744
8459 7716
5494 4713
7724 2989
1073 5854
6964 3398
7569 5363
5830 5970
1317 5776
769 2063
4276 5020
1456 4873
4493 3480
12 5315
1811 4277
7001 2535
1022 5460
251 6516
174 7975
9505 1247
3830 6470
4645 1400
1833 475
7371 3151
6252 8141
5215 528
3161 6671
5402 7655
151 5414
2971 1963
9691 9972
4498 713
5433 4750
7230 5607
2726 6736
6854 6557
3206 1500
7957 5040
1975 5329
8191 8227
3471 3406
8756 6632
77 4158
4288 228
9572 7259
2192 9264
7232 6690
9978 2665
1441 7208
8272 4167
3944 5127
724 7150
6627 8682
2190 8603
4012 381
6831 7483
3788 5587
4116 3865
9745 8404
4094 9317
5664 6286
8581 2896
2977 8559
5561 4418
5767 3834
8585 9712
8962 9310
6862 5589
7992 9053
4193 2004
9435 1024
9487 3223
6611 3603
7089 6356
2008 1183
5673 7672
7470 4254
568 447
2814 6130
4865 8582
9964 3451
8294 8927
2761 5157
4517 753
4211 8710
2758 3646
9734 2246
6870 6346
5850 3959
2702 7858
5143 8375
5530 2613
2630 6099
3060 5445
2230 7926
4027 2194
1377 2321
1122 4138
7479 5639
4892 1690
4349 7651
5337 4084
9897 2207
430 5747
6167 3132
3606 1310
1508 9137
3924 4139
5237 6985
9584 7467
4911 3612
9662 6288
5934 784
427 3413
6423 5320
5104 773
2972 441
4858 2869
2648 5288
8617 8816
8421 2224
127 9930
1361 4051
4070 6598
1036 3655
4065 5948
7267 3727
2237 3201
4511 2665
6615 935
7985 1719
1708 957
2161 6567
3827 4810
1855 2445
3626 277
4669 3753
208 6030
7805 4278
2629 8842
7933 6694
4790 5201
422 7028
8403 4933
9693 5019
5869 7678
6739 7578
8636 8900
4145 2464
3710 6001
4909 7337
6278 9579
1091 6487
5610 8896
765 8239
7738 8699
4934 2529
3901 5356
9557 2304
290 9250
7324 6159
6929 4063
3738 5566
2963 7883
8031 6674
3884 2940
4011 163
2520 5103
6650 8130
3999 7416
6370 1738
6116 1304
4268 17
6661 3825
2322 6951
3076 9646
3111 6
3709 6849
5573 6673
4733 3604
3348 8618
6545 7360
8781 9065
2463 5432
7196 6462
2848 3566
8201 8964
4871 2469
8982 1532
6295 1304
8483 9372
950 1595
9379 4660
8445 4952
1333 3178
8557 4682
1796 5102
2042 578
4168 4505
6010 1364
967 8859
4931 9169
7824 9802
1638 6807
1334 7934
8111 9818
7306 9062
1413 6686
3722 9859
1638 5056
3037 195
9738 4834
5298 1780
5412 9467
6286 1423
831 7254
283 5763
6423 8108
5566 8062
4915 6900
5996 3026
6719 3303
2089 8132
9989 5812
7992 1628
868 1029
1824 607
5864 7123
2388 1277
6590 8674
2700 7422
5928 2984
3185 2352
1092 8751
414 6007
5652 6411
9034 2371
9715 1123
504 9705
6935 8496
1333 7804
9526 3158
8412 5390
281 800
6667 6871
9475 9368
4293 5404
2352 7479
7756 3445
6230 8171
9452 1883
4582 8487
4254 4297
9611 4759
4002 6546
3255 5336
4351 2782
8494 2763
8172 8776
3564 4839
5647 3039
4208 9940
8443 6560
7419 6200
5 3650
4371 9458
5533 8954
7946 9788
3251 7557
4547 7254
4104 7803
2591 8455
585 1086
1218 8757
9862 4783
3597 5509
7822 7805
5450 6266
4366 2870
2467 4372
6520 6838
3830 2054
5792 1776
1842 9044
9334 6390
6299 3438
4193 8890
1893 4778
9976 3112
3536 9838
7895 7134
5348 5718
4939 798
1985 9305
3668 4452
3677 189
1291 7508
2244 7083
9285 4086
6128 8619
476 2427
2057 4670
1317 3951
9449 1294
7063 2985
1133 4959
119 6481
677 5059
7279 2663
4364 948
7115 8042
1138 8406
5551 3382
5490 4836
7469 1618
3456 7946
4045 5513
2616 5363
9464 2065
6657 6528
5051 7790
1487 5171
4272 2165
230 1552
4828 4595
2501 1944
2638 3639
351 8189
7022 5841
3025 4491
7460 6481
2437 1506
1995 5054
6869 1460
7119 3527
7988 2171
1318 9476
7342 5591
1641 7572
7143 6470
2168 9644
8415 4806
3283 8766
2995 306
4608 6021
4797 2068
2503 7235
3574 4499
2289 444
5959 9408
3972 3948
1580 5290
3424 8922
881 5066
6495 8025
1536 8663
7669 9952
3469 953
8718 6465
1259 3326
2487 6056
5394 4990
3292 8969
9490 5581
9413 5449
4990 3385
9397 6570
8676 2822
5492 9558
7888 1988
7583 9425
651 5252
9377 4121
6206 8095
586 7465
1422 3074
3522 6817
8065 6814
5786 7555
2395 5200
3004 7385
8586 2402
3956 7262
5224 9449
6821 3112
1437 4404
2538 2088
9657 1915
6210 5863
10 6797
3328 1432
9871 6851
8250 7936
3665 4036
5491 6061
9237 8496
3447 7823
898 7403
5086 6123
6852 1907
9236 8289
6312 1774
378 5969
3689 6588
1832 3700
3385 5161
5133 3257
2012 3383
1193 5677
7420 6685
1739 6657
5181 5186
4481 6080
2589 9567
2203 9442
1474 1440
7732 7786
3214 8111
3756 6904
4699 5588
604 8085
750 5737
1342 2762
9121 2536
8440 6541
9221 179
3199 4403
5366 7680
483 7956
7247 2687
7398 8722
4127 5131
6509 7342
3242 265
4246 7941
5854 4851
6027 6604
589 7370
9367 9710
9906 7807
6252 9128
7987 9452
3531 3353
7132 4014
1309 4380
6702 8708
3103 829
3839 9612
8171 7081
9878 2418
5023 5733
7269 1051
2338 7859
8421 1705
7570 8328
9513 3822
7456 7501
3274 988
855 407
5003 2165
4787 1705
873 7891
2534 4713
7504 706
1794 7382
3125 6818
3116 395
7869 5455
8254 6290
7161 5824
4619 6674
9647 2075
4176 2922
3064 5031
3329 8067
7196 8117
9772 8070
6008 2307
2783 3512
3014 4577
895 6139
1396 4011
6534 9265
9466 4789
5556 6627
613 175
3302 261
2250 7479
3183 5315
2511 6512
3382 9707
4629 3154
7778 637
5461 561
4149 8476
5139 5044
4615 6535
9056 1150
5800 8523
5939 1356
5151 6553
1531 8454
6814 3782
5933 9997
9097 8445
6509 2480
8152 1139
5634 5930
1776 1096
6492 5926
9572 1631
971 4188
8166 28
5338 3967
8551 1277
5324 3703
7830 6855
2157 4644
638 8091
4641 9736
6536 1151
2216 4689
2290 7850
620 4066
8947 7113
9993 8520
8744 964
2708 6911
992 8046
878 9544
9323 6203
3247 7154
3058 5405
1798 3696
3497 6440
3433 34
7591 5649
4724 9882
3499 5345
3949 2447
2458 3942
967 1202
4907 3675
8114 5899
1722 8993
5444 1046
5196 8692
8200 8255
4098 9999
1952 7596
6439 5385
7631 4031
1034 2355
3913 4534
7700 7863
6981 159
1805 7949
1362 6712
1624 9476
2612 3347
8470 8057
4393 3666
6749 2593
1921 848
2592 3874
8444 9032
9259 6075
3063 293
8431 6977
4827 6131
4840 1809
6290 6646
9758 7652
3359 1383
7129 5972
4730 5599
4029 9123
9266 779
1716 1188
1627 4309
5062 72
3341 4322
6147 6405
4616 4579
3382 9443
710 8223
1253 7001
4869 1011
4654 8228
2395 1784
4200 7125
7384 8230
6249 6650
9009 7965
7839 637
2275 2901
709 5616
7223 6857
2021 1840
1436 5404
1284 2147
3628 2537
9149 8497
3549 3803
6726 5944
5588 927
3070 2972
9158 9319
9623 8167
7285 7462
8804 9560
364 9514
5177 7588
6371 7199
9428 7808
2604 712
9955 6232
3249 9104
4730 6799
2908 1457
2743 8497
2384 5814
1469 1543
5133 1092
9710 2418
8555 8515
1979 8919
8030 7156
6507 4402
4356 5935
2210 6960
6647 2166
3192 9897
1270 7923
6696 4179
9380 9440
2676 1765
5254 4146
3308 387
5239 3019
2806 3794
1535 4786
2713 9565
1942 9221
3967 6299
5156 6178
3259 1804
8344 6452
1702 9615
4375 8398
3794 3755
7839 6471
5520 3093
617 8828
3481 5856
1848 6288
9651 3383
1074 2364
2948 3017
1586 6915
9316 6743
3094 2576
8547 1438
9028 250
1053 3403
8649 4847
7158 6488
1319 2679
9582 1936
1508 3064
7793 3356
9352 7444
6739 427
9809 9687
3444 1395
6603 2761
8139 9698
5338 6687
1136 4366
6937 2189
7770 5586
7037 4929
2074 8356
7608 1657
293 9116
4721 8087
2473 4073
5531 9212
4501 5341
8900 7946
6737 5504
707 4876
5202 6046
1563 6338
412 8500
8528 8182
4087 5565
3111 6162
3922 720
7819 4215
9837 2540
2302 2310
6614 7834
1523 1115
3176 423
9062 9913
5928 9770
4790 1131
5816 6353
7470 6228
4854 5998
4411 8942
1564 7523
5104 5486
8243 2924
9702 8080
5465 2005
390 2079
9840 1913
3195 3016
2337 2257
2930 8266
2028 7720
9397 7844
4074 6867
4073 8929
2866 8484
7871 4431
6007 2976
9918 4250
5900 9621
2330 1365
1626 2721
3445 1466
4635 6641
4483 6972
8899 7413
5238 927
5133 4636
8771 9208
1504 2844
8137 4370
1329 6009
8802 7337
8985 8720
1587 4886
8341 3918
6252 9968
6640 9697
1434 1275
6338 5918
8247 5238
3331 3486
6165 8465
8122 4937
7673 9626
7782 5811
3997 9111
1821 2799
6448 807
1520 8036
5693 9861
1955 1946
9830 8595
1643 1265
9870 7982
7183 8118
3220 514
1605 9386
8980 9727
4323 6654
9354 2106
2466 3352
1218 4287
6152 7667
5095 7672
5703 789
7534 7659
2735 7364
6254 4378
8629 6125
2361 5813
4244 5582
6328 5849
4968 5308
5577 9292
1962 4931
1398 4428
8284 2617
8716 4436
284 3811
2109 5988
4600 9644
3647 7336
7009 9902
1714 5639
6027 4076
1452 272
9658 7780
6121 4627
3088 1698
3919 5051
6630 5318
9480 4914
7935 8197
9351 8220
2008 1461
4208 6609
1105 7855
3945 8114
7758 5660
3753 3786
9736 5205
4058 9395
2986 179
4022 6074
1878 7942
1126 8508
3261 606
3423 1197
8803 2775
9417 812
4236 3626
7422 5342
1482 1367
3456 9240
7028 7210
3026 6764
2416 7084
6160 5402
7264 182
1477 9143
8125 2603
7652 1386
3210 1075
2583 2013
3851 2001
2826 8088
5627 248
3430 7109
1616 6886
6349 8644
4096 9376
5409 6513
6461 1569
1915 3726
1752 3392
2869 9877
5996 521
1264 9206
1597 3848
1220 5449
5850 4046
3537 1477
4295 6967
8587 5911
3854 4937
4555 7951
4313 9965
4464 775
1534 6379
4501 3287
9772 7371
3165 5768
7893 4429
4974 9491
8278 6194
4940 4128
241 8477
5606 4536
5445 4194
448 9299
9131 5004
7250 3445
4969 1714
