1000 2
8027 3625
3091 8006
2443 3735
8930 8049
2535 3456
8153 1812
3308 4769
8653 4301
806 9194
8941 5270
225 7876
1998 4769
6462 9596
5145 7330
8409 7703
9856 6436
1329 2948
4442 3772
6683 3373
1821 9219
6829 9975
1031 137
4745 9684
4439 5552
8879 3381
822 9104
1257 2820
3874 7720
2417 9020
5050 826
6723 4907
7263 8052
7856 1706
1825 4539
5079 3647
3759 1909
3622 4791
2046 8367
4476 6486
3919 3355
9867 4741
2460 1125
7562 6334
8845 9980
5354 3896
806 2078
8803 8069
131 6659
9775 1956
1199 4855
5603 4958
6764 9226
9749 8811
7593 4226
5297 1513
7581 5165
6255 42
6290 3818
6376 5136
3798 1731
9032 4604
3810 7836
2674 3941
4495 2450
5898 5695
7305 1501
654 4069
727 404
2881 8321
4630 8178
9835 2211
3344 6090
2254 9634
9908 8631
4771 3706
362 3803
8311 4173
1639 986
8114 6135
3436 4013
1831 742
5514 2485
4811 6242
2889 7693
4564 7519
5872 4399
9731 9216
489 1985
8850 398
616 3621
4105 979
7425 2416
5152 9065
3403 3267
5201 6839
7280 7032
7581 2795
9517 2393
9038 2407
86 3602
9926 5959
8001 9658
5175 8491
1643 4026
8889 2260
7648 2994
3240 5073
5411 8393
4139 8814
1660 9340
5654 8941
6372 3236
1737 5890
5629 776
8297 5716
4378 8223
1675 2380
7881 6851
871 9525
877 9760
1786 8525
2755 5026
3598 8166
3419 7738
6981 5080
7078 2635
4022 3450
5871 5760
9340 1501
6536 7637
7218 914
5861 8894
3294 3743
5745 4166
3269 6622
3926 5055
5148 6681
82 8747
4848 3501
6485 1829
8582 3563
4465 2604
7014 337
8365 6354
1839 4901
3992 9058
5815 9854
7952 9110
3598 3698
3276 6867
320 7203
1923 5469
3885 2005
4216 8733
5507 701
563 4090
4264 5029
6694 1279
5367 5059
7634 7206
9961 1626
6264 5776
1481 4217
4887 5079
7915 8163
1947 8236
5367 3871
3705 9252
5876 7921
7985 1384
8623 8549
5474 2887
3579 2169
4167 8946
7229 1801
6152 7190
3428 2417
2967 4909
6634 7854
9989 4549
6018 1937
2785 1385
5808 6490
638 1685
4412 8624
3070 3035
7173 8544
5923 753
714 90
9699 7944
1891 5852
5134 5319
8269 8102
229 4904
5957 218
9453 1976
2156 2239
3362 7964
8730 4000
9649 3142
2624 2719
6178 9797
1264 2101
550 1979
2192 250
9923 4083
6102 5057
9403 4372
3160 9632
9276 9117
9851 8730
1093 2007
969 4455
9972 9699
8456 9622
2841 1080
2342 9019
878 3606
1121 1429
5585 3313
1679 5508
7396 7782
566 6800
2154 3727
6433 1431
2845 6285
161 3938
8293 1130
8394 8265
829 6851
7887 3671
7931 229
2690 8809
3836 3812
238 9422
7125 1918
4931 4522
9700 5498
1322 1855
9225 7755
3286 2070
4041 3447
6009 2334
4577 4404
599 5407
1255 8487
9078 9186
8717 1769
7996 2553
5581 8234
1976 2706
152 6907
7228 9853
2405 8551
1708 1631
6307 4994
3701 348
8442 9710
2682 3019
4115 3282
8427 5370
1769 7505
4557 486
9274 2553
3040 4856
788 5016
7562 941
1924 4791
794 4330
3343 2502
5961 9650
7497 9662
9999 5939
9373 2682
8959 3489
5964 7386
8860 7734
4891 3417
8221 4166
5971 1261
9022 6759
6278 6585
7700 8203
1377 8494
2533 4720
997 8494
4371 8494
8157 4371
4433 7531
7053 3392
1020 3018
779 9880
752 5670
3298 8973
9837 9269
235 8860
6028 6513
5446 3729
4717 6823
2223 7250
1544 3221
5744 5916
1715 3902
288 6149
1433 7341
9542 2454
360 321
2335 1112
5992 5633
86 5830
4902 321
4690 931
6835 136
4660 1552
6960 6884
8803 8505
105 4547
4421 1821
8450 4709
7971 9884
2051 7513
2338 2412
7835 4673
3525 3828
307 3611
9658 5209
3933 4349
6141 769
4486 801
2321 1447
7686 1124
9952 7791
5672 4374
9613 4123
9084 7584
4007 1136
5098 6346
3548 2933
1019 7073
6762 1326
684 6420
6536 4618
770 2677
5387 5256
3479 7709
6703 1166
8833 6656
8957 4506
1030 8571
8629 114
6155 2637
1251 1254
8983 4799
4187 3
1873 950
1330 2557
7370 7867
7176 8140
544 2563
3397 4024
272 100
5190 9106
6756 4148
3613 7787
2720 2243
7902 8875
4880 9153
130 3864
3953 4317
3867 5826
5267 5197
8384 2638
3064 5560
779 3609
8123 4176
7634 8396
4277 2825
7503 1034
6973 1116
8822 9693
3359 6724
8569 8240
5878 8699
2104 9831
3017 5971
5657 8285
1169 4041
924 4233
9601 1703
7843 7725
5880 5477
6122 158
8302 3625
1192 5276
4741 14
4970 8101
6739 3540
6341 2617
2239 8445
2448 5257
4416 8106
3543 5585
2147 4467
9819 1749
6171 7662
9474 2052
3140 5596
2210 1443
9221 3403
6719 3963
3418 1690
2064 157
5230 8405
2775 7470
6850 5223
2727 1267
3329 6270
6853 5477
738 6673
7226 6910
4336 6700
8962 7476
2297 1172
8920 1519
4575 5640
5482 7993
7330 7546
8151 2560
5952 926
30 2803
6150 2758
4070 9479
9029 924
4957 9768
7598 2183
6678 1934
8884 5640
9411 1181
6813 8331
2701 1388
3971 8183
9382 1302
5730 7533
3862 1683
8460 3893
4486 4610
6652 8557
4090 5681
9481 9047
5449 7079
1230 2128
9014 114
7768 8425
1296 4582
6757 3997
5971 729
2181 5353
2031 7911
2887 5894
9594 1347
9787 4081
5957 6440
2638 47
2122 2120
9095 7572
9200 325
9700 8214
440 7469
6639 1736
2051 3397
5733 8022
4126 7914
3376 6157
5826 6263
2051 5421
7611 1839
9502 3569
8279 2141
3617 401
4261 2712
7974 3461
3038 7674
1676 3478
5143 8316
5214 7195
1713 948
5218 5839
8863 8594
1997 4690
4858 4048
111 2469
5888 9614
6039 4168
1756 9656
4570 6017
2369 2544
9479 5407
218 1155
8885 5362
9472 4100
2558 1185
5048 7776
7025 3912
6370 9022
8602 1229
3071 8714
3698 8959
8328 9738
3127 85
9394 7698
6102 1764
242 5582
7171 461
6738 6056
5824 6210
156 8382
7396 5205
6158 4421
9117 2529
3443 7719
3758 6514
6433 7457
5474 4762
7195 8602
4848 6590
6300 950
8354 6543
6533 5525
7005 3272
1582 2829
9483 1739
1212 6879
6944 7370
1300 6061
9900 4744
3781 3658
1259 215
1116 6734
4978 8311
5336 9826
4902 1637
777 3257
8180 7311
8783 5186
583 365
8016 66
2104 9228
6945 9049
6599 8246
5111 6499
2991 8893
158 4251
9108 1274
985 4087
9586 6321
3913 4488
7959 4690
7745 6140
2002 6529
1326 2585
6894 9342
2651 8999
8570 9597
8049 5170
7844 3160
1669 836
2053 1828
5087 1162
3102 6072
5249 2689
2394 9162
7177 353
3853 4923
6493 5855
1452 7819
8440 8347
7162 1092
7347 5733
690 5396
903 8535
8556 2573
9371 610
4401 4458
1772 7503
531 7021
192 2925
6183 7370
3278 37
2294 9771
5893 3747
7591 4333
2095 4753
5426 9442
486 6117
4838 1389
4652 3395
3963 4023
4005 8364
8482 5777
5868 9013
2799 6061
1938 8983
3432 5217
9020 5726
4988 4913
9474 2580
9247 1569
7333 4674
1011 7820
791 5850
9210 5444
9245 3173
9468 3251
1537 7950
9029 7405
6963 1828
3467 8902
812 6899
4119 9832
2625 9108
4746 2099
1688 3994
3669 9021
8668 4681
6842 9460
531 6052
4905 9777
9225 4373
3028 763
2323 2058
8169 9287
3887 1636
8189 4699
8535 2309
4532 1161
1417 9278
3261 3105
3273 6930
2127 1942
1611 8969
1403 2143
5021 6308
1920 4247
681 4949
5011 3005
7008 3180
2293 895
4816 482
5594 3352
2792 126
4513 4209
9405 7774
7314 2679
4705 9441
4621 6316
8410 6024
8459 3432
2332 380
7680 3014
5330 2691
6019 2338
5871 8313
3233 688
8796 8828
4040 1588
8955 8554
5797 8361
6328 3111
1040 1033
2552 5661
7350 963
1685 5810
4396 4018
6190 2077
7032 1521
4768 3052
3859 640
1365 7093
1329 161
5921 5369
1749 4876
3923 7546
3237 252
658 4278
1286 3211
9939 8636
4175 1625
4446 8571
5643 637
648 2675
2158 5417
5728 6018
6058 7093
3111 7387
7255 9033
2757 9004
3910 6681
6551 7148
6933 7210
1426 8219
421 1365
6856 4596
2990 1303
3167 8633
1940 3816
1309 4099
9234 7037
117 5292
4131 3229
2679 1386
2262 5437
391 6172
2118 6943
3320 9052
4153 4746
7272 4574
6111 4128
9170 9102
5431 2338
7736 7372
6155 9045
1471 5389
6083 1589
682 214
4818 3362
1601 7080
8799 1993
3252 918
8936 6573
9970 3089
1319 7243
7664 7431
1371 6834
6533 6803
9173 4270
4176 5329
3316 5648
719 9399
7237 1401
9614 2056
4763 1216
9136 3562
3209 2389
4480 2145
8962 4451
5235 281
1694 2899
7713 3066
9734 4247
9870 8907
8517 4047
4237 1833
9695 4956
1233 6933
6357 847
8989 1121
2064 8126
4684 5273
515 9165
7418 9478
3616 2653
9760 5311
5552 7473
8378 5287
1720 8248
4195 238
2295 8432
2072 1991
3388 3305
8924 9746
4153 7914
867 6217
6040 5551
1490 6556
4717 8909
6034 8333
1563 5794
3645 7116
3268 2023
2403 4989
272 6598
5227 2568
5030 7300
4559 8419
606 3484
8165 4759
1398 9033
977 7438
4585 2468
3995 9302
1378 29
7636 2941
5823 1281
57 9091
3305 2460
4081 3577
9059 9308
6145 4089
6609 704
2508 7215
4189 674
1974 5587
9708 2952
3026 4293
5421 7021
3596 6799
7050 1233
9741 2874
2514 9798
1966 5819
2259 6047
9396 1318
5356 5542
5408 1965
6246 7917
9180 435
8591 1155
6023 8300
4108 9049
2594 9529
6071 6190
6329 3122
7423 6070
5996 9938
5869 7963
5758 8129
4011 5155
9447 9367
697 4856
1333 6944
2773 513
7380 1365
1669 3403
9665 5777
2453 2259
5307 8524
8450 1636
1646 5874
7707 7643
5812 3576
5607 1571
1705 9618
6726 1153
8986 7423
6009 319
4368 8782
833 1748
148 2503
5151 9813
8280 7604
2072 3588
6129 522
5224 7776
6397 2932
5420 2209
6508 1027
3780 8214
646 507
9367 9632
7931 5377
9952 2299
4160 785
4047 4308
3289 9199
4122 1569
6803 6194
5158 2933
6717 383
710 3114
3315 6130
5324 9824
7158 9105
8038 7804
9612 7406
7437 7544
2784 7389
9843 6944
8175 3890
1253 1464
3090 5375
3034 9893
1570 8193
2827 8288
8576 3537
1403 1891
9668 6727
1715 6827
5833 9754
4632 5446
7160 2069
2990 9944
9459 2834
6889 7635
6725 8143
9100 9815
3519 2135
9709 5089
328 2536
3378 8904
6074 4781
796 5743
1509 2512
2570 7342
2266 7202
2789 9427
9272 5779
9372 8731
8613 6261
6367 5338
4405 5467
5154 7924
7603 4863
3014 7931
7399 6392
6836 3474
1173 7633
9217 2683
145 1788
26 2411
8990 2815
1839 8262
8595 1211
6994 7209
7473 3361
2548 1878
8829 7702
9802 6433
2565 2816
4364 9965
9208 1201
3439 382
8834 2657
3065 8979
4445 3092
1391 3436
5907 3231
1698 4502
4442 8693
1711 1915
2055 4259
3793 885
1962 3596
7318 4527
6412 1683
4492 5621
2884 7931
6004 1719
589 9070
699 5034
2162 2090
8470 8069
5322 169
2572 9764
8862 4284
1680 918
8544 5473
1803 506
9069 9121
5033 5482
805 9525
1104 3689
7457 7109
5408 8046
6179 6107
3081 8342
8198 1551
6412 3520
1720 8984
3285 583
3268 4965
1501 1812
439 3305
2319 9509
2427 7352
4992 3232
6878 6096
6922 4335
3205 2331
2382 9385
8439 5463
7727 6637
7014 4139
158 8735
3124 3444
9319 6393
8409 820
8205 8849
4126 525
8358 6553
7877 3350
9786 4755
9447 6708
9091 2652
9039 1474
2038 7478
6937 9765
4116 3952
3905 4275
2688 7029
7719 2007
