1000 2
8758 3806
8406 9950
8840 9976
1746 6812
9525 4057
5044 6307
8222 3106
1657 3227
1166 2157
5211 734
5766 6535
420 6070
975 5156
3390 9446
1273 453
3028 31
4259 1435
9982 3100
1411 1728
9913 937
5785 4957
7244 4008
8064 8901
7235 9231
1059 2447
9965 6825
8983 385
2895 9959
5542 6286
9405 6815
6739 2434
6847 999
3869 6830
4100 5281
8559 4013
6218 4345
8971 3462
8353 7035
2364 5589
6266 3423
8036 6231
249 7020
6616 3144
6979 2159
9431 6384
8974 6170
8819 5822
7170 2688
2652 1270
7969 1212
5284 4188
5557 4255
7651 3910
1290 15
9500 7557
3439 7536
3788 3688
4557 405
6833 1537
2564 6264
7921 1539
2435 6741
7362 9606
9429 14
877 7399
1227 6161
1587 6784
416 9238
695 1707
9254 195
9264 2693
7732 3053
6382 2289
3459 3216
3826 6024
9481 1748
7563 1916
8489 4925
1523 7919
4940 2400
5318 6167
8561 6906
2952 8978
6144 3647
685 5399
3842 9949
8092 1575
3003 4475
3864 6462
7691 7691
2486 7172
9440 50
9089 7930
4976 612
5849 9917
3013 1167
6085 1574
8074 9037
552 4218
2685 1238
9617 6528
1187 7710
8103 4190
2185 1968
653 9877
9660 3140
7049 9100
3190 6139
7030 8167
6751 2879
8084 9764
4047 4170
1339 2121
3207 1892
6340 5893
3130 5958
2421 4318
3669 525
8508 5855
2494 9162
5732 2154
2302 2782
1254 5492
8921 8284
3660 5673
1164 1744
5437 5212
5914 6777
7334 9122
8669 3674
5016 1800
9633 7438
6118 3302
7963 4627
9158 457
3789 4891
2612 6091
7673 3866
1584 6594
2151 5244
2268 3316
6989 7705
8528 2904
4483 5862
2026 3153
9537 7043
4953 9171
4481 1071
2474 2445
5698 1632
2903 9487
6523 5515
5579 4197
9381 7164
792 1533
2409 3060
4849 9398
766 3378
2302 5249
9241 4329
8402 8778
1373 3355
7950 5854
4427 424
8299 125
2056 1202
9613 8580
6717 5193
2777 6099
2357 3570
7632 4766
6630 2481
4165 7396
5860 6468
2646 5101
798 1049
3879 2171
4404 1829
8025 8832
2254 6325
8957 4311
7528 8571
2891 4245
3764 5669
345 6122
9239 7977
889 5870
459 5054
3267 6319
1523 5913
1420 2321
6962 5300
4492 1367
7130 2517
199 9384
8843 9157
3695 6371
7728 6587
617 1493
2256 962
7616 1496
8940 8505
7367 9399
3560 634
5719 5083
6547 7140
7404 3510
2440 1896
4878 9570
4414 5078
8955 3257
4235 2650
9629 1964
9237 246
3458 1494
1209 1074
2991 149
9580 358
9549 3140
992 5268
8223 7540
2408 5628
1051 4849
7524 5929
4419 1939
1007 3375
5197 5243
6026 4826
7208 5263
5073 666
6758 6282
1741 9750
6431 1321
108 5980
4462 1101
1249 2685
8641 3657
8314 9693
8506 5838
5622 2926
7778 6630
6302 2975
1874 2328
7802 9082
7592 2876
9749 4350
9158 1490
4100 5590
2811 4209
1571 7273
5310 2820
9959 3952
6478 8273
3645 4985
4112 9268
7911 1891
5898 4214
4867 7772
6542 2669
6854 4134
5545 6603
8485 4704
8094 2586
294 906
6795 1866
8180 2106
4686 8140
6058 1164
6413 9703
6149 526
8972 4061
2417 4870
8275 7284
2643 4818
9954 9498
8952 5500
6102 7437
204 4196
23 499
5103 6819
2365 3283
8925 7052
1423 4983
8217 7837
4687 4366
8364 3659
8428 782
8530 6704
8067 1173
1522 8021
672 475
3522 6774
7912 3727
971 7936
4227 6074
4755 6592
9357 3680
3645 781
8664 1862
8619 3351
6229 6983
7011 4658
7765 5541
1362 5833
6715 2885
3854 7387
3360 7377
4161 1273
1104 5132
9209 5331
1206 3965
1924 564
7645 5570
1345 6309
7432 9965
9660 3661
6948 6672
8319 4714
2213 9682
547 8928
2568 4402
6316 5929
1779 477
7202 2884
5610 6412
8216 6817
377 141
7381 8022
5711 8727
4332 3144
8692 3993
6806 5641
665 5125
355 2879
4808 902
1808 7377
5305 8124
3306 7084
8601 509
9969 4212
6921 8185
1029 7299
8327 8411
5321 4038
7139 9654
7182 5832
3647 3988
1473 4312
9114 1829
7191 3923
2732 8999
1300 8037
7124 4606
5121 5725
5116 5091
9938 2037
3276 967
9336 1603
9379 4658
5642 6518
4312 2825
2350 7960
6814 3824
2273 5928
5654 9465
9852 8386
8465 1153
6423 5589
5760 1545
1315 876
6636 1253
2913 9913
2221 2250
1517 1600
6908 7159
8119 1221
9985 470
9181 6799
4294 1454
2728 9949
920 2580
8335 9385
3733 4758
4974 9493
6304 6289
369 2940
7542 3283
2854 9764
5533 4371
1364 2442
1531 9484
3664 1516
9954 2845
8316 4249
4300 1044
4198 5220
3624 2533
4606 7358
7292 9580
6851 3596
5869 7221
6537 3412
504 9392
3176 6038
3764 4541
8480 5295
4025 2144
6812 3979
4990 5128
8229 9291
6172 2427
4512 9797
4961 9118
7155 2253
8699 4007
5850 4568
1228 2387
7981 1733
1780 1158
7771 5544
5699 6251
839 9725
8396 7652
3705 3387
2780 1934
2678 8953
4362 7191
8751 9323
6309 5906
1577 5008
9913 7427
9577 1142
9815 7559
2875 1595
8717 646
7139 4417
6898 7979
4143 5294
5631 7848
8681 8412
9783 1360
7366 4145
8551 6117
3469 4861
2023 5046
9870 1937
2473 9448
3079 2288
7007 5955
3883 5725
6601 1023
143 3499
9002 4286
8794 4633
2135 7476
3046 1918
8836 412
6064 7388
6529 9533
2250 8553
4579 2120
491 7052
1569 3570
9340 8577
9526 3224
4302 6127
4247 4446
9627 3249
8732 8422
7883 867
5898 929
2786 4735
1342 8850
2124 7871
8383 4374
6424 2962
6495 6915
14 8064
486 9355
6641 12
2580 944
6140 6827
5390 5768
77 4122
4191 7961
4990 89
8891 7776
4825 233
6627 6949
8104 5010
1323 4529
7973 7818
1445 7988
5883 1932
7343 2524
1945 9923
3468 8085
6751 8858
3854 6829
2981 8045
4790 7971
8135 3681
5748 2960
3914 2375
9910 2019
7386 1234
6548 5359
9053 7994
3347 4936
9926 691
7460 1871
615 929
9957 7367
9788 3812
4196 2769
1857 8987
741 9993
2669 6490
2954 6583
8866 2864
8603 6252
4098 5152
1612 3152
3146 4960
8088 3072
5651 5549
4944 6267
6479 4902
3634 6267
8714 7830
9037 572
6818 9778
565 9487
6269 3519
6070 5135
6383 4674
1388 482
9826 3001
3634 2972
7961 1723
6045 3613
7273 990
9880 3752
5892 3515
19 4606
1346 9056
5179 8164
8835 5744
7651 5104
9263 3722
240 5647
8396 1628
6130 8222
4630 9765
1195 2591
1489 7241
6205 8762
8231 6086
2514 4124
9601 2534
8731 948
1591 3910
9112 426
9654 6763
5531 8918
485 5771
4566 8882
7400 697
7104 2030
462 8300
4622 1952
5542 828
714 3774
6914 3229
7898 6516
5763 6630
7464 7354
540 6576
7781 195
3340 3312
9114 3826
9084 3680
2708 6484
4378 9813
8515 4841
8113 3137
6793 3656
3965 7507
7430 880
736 5328
7397 6499
1958 4862
3854 2499
1438 1635
2694 4779
4947 1808
8605 4032
5489 1313
516 9867
1126 9031
4708 9240
2169 1501
2896 6135
9009 326
7016 9745
5655 4413
6245 7614
9275 100
113 714
1735 2808
5493 6683
4617 4098
715 106
5412 1232
9974 6538
264 4683
5779 2433
6185 8675
8569 5194
9002 5585
4940 4657
9999 1186
2272 9274
1286 2385
9989 3022
5194 5483
9706 9811
9582 421
9918 4994
1653 9892
1533 1918
4576 7312
4352 761
5988 2921
5956 4990
8507 896
9648 8506
2083 1920
7781 3370
4306 7770
6392 9500
3253 6098
9312 2836
6520 9230
7830 8174
9122 9364
92 3698
6676 4444
4460 2665
7366 416
7656 5873
1313 7304
4379 3397
9225 2160
6767 3532
9931 3160
3033 3185
9259 2345
6021 5779
1575 3852
3954 698
3216 4047
4397 9893
8492 8857
2558 5858
9273 214
1731 587
7519 6111
3984 6745
8272 751
277 8204
3912 3310
1389 3171
5656 7411
8951 7231
1263 2906
7930 4480
6953 2327
4373 5445
1184 6932
1304 458
7146 3035
1046 4666
9147 5030
1411 7419
5782 1689
5624 9694
4999 7013
2866 655
4425 1817
7887 5689
4723 5817
169 1677
8145 4542
7123 9330
1474 8427
9789 8621
1463 835
3288 610
5866 4699
8030 1648
6388 3654
1343 1388
668 4209
2044 5093
6027 9931
782 751
5749 952
2428 3894
5495 9552
3225 6970
7979 3014
5592 9442
3849 8880
53 9715
3579 8083
1364 9968
1738 2707
1356 2406
6917 3400
7500 2944
3332 8283
3696 9082
9235 6125
2977 4731
5677 6202
1701 3656
9216 7293
3099 3066
6173 3152
2782 9753
1236 4146
9721 2974
6853 1078
5381 3771
4478 2881
6715 7811
1165 411
6894 401
6537 9871
5132 2214
6074 6833
5871 5291
4127 8970
8357 301
2123 1139
54 3359
5286 9776
6334 2140
854 1716
5911 5333
4598 2627
3144 5763
3039 38
6164 9576
9910 1297
1790 5984
8131 7662
1275 2258
6632 9633
2560 8756
773 2615
2116 6059
2391 8450
8200 3246
167 4111
8579 4765
6738 1724
528 9778
1763 6693
9354 1674
7990 1145
7658 6122
8807 8934
8380 5440
8567 941
4196 9341
3556 6312
5401 5948
4763 3601
9194 4930
7712 7773
9695 4451
9498 224
4229 1262
6918 3584
2936 4908
4729 594
1031 3536
9529 9411
8976 8097
353 3173
7438 3909
9485 2839
9857 4249
6440 9052
9179 4153
6825 8875
8604 6324
9100 2834
7586 6018
6418 522
927 1147
1117 1958
4684 646
1370 3661
8743 1723
6834 6182
5633 6320
9021 5490
570 5461
4542 9750
9615 1368
8626 8220
7693 7726
1054 5280
3744 7473
5802 4672
8621 6920
6631 3305
7567 8001
6967 6311
9725 3802
2493 5358
122 1514
849 693
6976 5392
443 6591
6761 9069
4811 4454
6795 5866
9734 540
3339 5537
5213 1961
2457 1844
5267 25
9845 2234
6336 9570
6036 8829
4929 6159
344 5778
6852 7320
1171 7296
3912 7932
6365 8724
2387 3161
4590 2121
3702 7930
7659 8915
9892 117
759 5159
142 605
7393 6478
176 3430
5307 5106
9589 5651
884 6442
2972 2056
3738 6884
9988 103
5609 2375
3265 199
4497 6967
8130 2156
5883 8022
2273 6643
3181 2415
7249 575
8894 7425
4005 4201
2532 3594
9853 3417
36 2826
5473 3775
9711 5461
3878 5320
7837 7144
5519 2334
4112 3650
4490 9995
1673 6764
6638 4855
9180 3887
5430 8074
1313 9435
2276 3845
3030 2129
7262 3067
4956 2735
6842 4667
8197 721
9987 6034
7865 5507
8368 1977
9157 2859
1973 831
9623 8611
5686 8803
2499 1116
6877 3813
552 9154
7658 3582
1284 4921
6649 6240
7657 3492
907 5854
4213 895
1889 2079
6402 257
4057 5560
3117 6030
6391 2741
4641 2077
1544 7141
3194 8422
954 3746
7576 8613
7329 8861
3534 3978
5101 1192
7471 6009
7047 1684
6904 8936
3764 3306
9194 7821
8866 2311
3851 5258
5052 8493
7335 6597
5634 530
5020 6589
4276 2597
5202 1605
1458 8737
5584 6559
9929 3055
2568 6977
4740 9473
5913 8504
2779 5107
6325 1646
7419 176
6904 2472
8670 4240
9070 4304
4770 4090
894 9046
6687 6096
652 8146
4834 6236
4705 4764
9292 7274
1741 4032
6747 7655
2536 9527
2762 8862
1173 182
9039 8078
2655 7709
2318 1725
2014 7089
5815 2908
6135 2503
9005 6788
649 3839
3025 5355
8603 2317
2630 345
6349 9378
8000 8886
8905 763
7749 78
945 6788
8157 3601
4498 475
5326 6512
7564 1142
9420 3700
3645 8425
488 4295
2265 3514
9651 869
5831 2281
1214 2181
1659 9215
1068 564
9978 8817
643 924
5606 8800
4525 104
9276 9851
6616 6840
993 6037
541 4639
4463 1030
8935 6728
4544 8586
7597 376
867 8812
2557 2526
