1000 2
5677 9263
1456 4954
331 2849
7159 8658
5075 8694
370 1134
9477 8058
4500 2456
3273 7461
2582 2639
6560 8659
5495 3819
7151 1136
653 8684
6515 4432
7599 2193
3695 9055
7147 4026
1905 4306
2685 6980
3001 3056
8114 2479
1114 2614
4936 4388
75 7518
7027 6636
6177 2523
455 3329
3659 1108
2013 175
5540 9613
2369 9236
8669 9516
3263 574
3823 5948
7554 6825
9004 5669
9305 119
8283 4241
4507 8359
1760 1535
4995 7937
4058 5450
1266 7718
6559 3280
7894 2100
2894 263
1336 1563
9780 4599
2137 3604
548 9692
429 9552
5361 9735
9672 3645
3976 4179
2004 5737
5715 7000
3674 9773
2450 4941
7491 9009
8221 5385
1109 1115
5648 2446
2679 5429
7045 4817
9033 7594
4509 9463
7147 9871
9198 6819
3517 3175
999 5521
8912 6714
2521 2586
6487 4972
7528 3979
3982 5750
9365 5091
6866 5013
7538 9545
443 4584
4362 9476
2178 8872
8939 9325
8744 8137
6145 2261
1312 7144
7782 225
3859 304
2812 347
5277 340
4327 9259
6090 3692
4351 2957
8706 1889
2502 9149
6473 6865
8625 8651
5737 7565
7977 4481
5702 4122
6742 7015
1267 4525
7241 5127
4830 53
5474 107
394 9801
9366 6484
3493 3718
9441 2199
5607 1944
1348 2080
8809 9974
732 4547
7539 8709
9029 3242
2832 5771
258 4099
297 7500
9226 5127
7553 4701
5235 7947
4503 4602
4432 7996
8320 3874
196 3927
5818 1545
6008 4628
1519 6740
9175 9059
5450 8204
2302 8283
3976 2561
2382 4274
61 1609
9401 7615
6311 4637
5562 814
9239 9995
8811 7559
3869 9007
1486 9688
552 7495
4317 2072
4235 3493
1132 9686
1698 3435
7969 5674
5996 352
9948 6058
1962 9350
3673 8273
3988 9236
9088 3227
9231 7899
786 3101
6907 2273
2790 7459
9768 7107
9532 4004
600 665
3690 2298
4100 1660
7973 97
2012 7922
6155 3975
7273 9829
2249 1261
9065 1337
4488 8296
9236 5275
1398 6143
7548 4188
3603 7316
1296 3136
1321 1897
3802 5012
4195 7903
6672 2169
8000 8685
91 4156
2660 7364
3985 4910
8626 3051
6247 3114
1348 5484
8389 2746
1627 5938
6935 5231
3255 8231
8368 4576
128 2170
9588 4324
73 6261
6493 8074
4946 6585
2230 7607
3950 6216
2517 2576
9267 8765
5691 616
4249 4080
3362 5877
19 297
1108 3274
8529 9477
7850 8657
1647 7439
2981 1720
3701 9475
9795 8648
6060 2025
6255 11
8242 8773
2587 7510
7539 8279
8126 1788
2359 1488
7665 2379
1786 8774
5653 315
8251 3504
8973 9898
943 1955
1619 4644
1431 1415
3292 7492
3440 9548
7503 1683
8322 91
9193 5861
8370 7319
7650 730
8808 5315
3109 595
4090 8762
911 2341
2266 9884
2240 3210
1840 3860
7855 3271
5275 1148
763 8716
697 8267
400 9020
8358 9593
4882 6728
6913 2532
7459 5722
7848 568
6317 1938
9331 7228
4280 1598
7113 6521
4809 8954
382 2664
2225 5657
3813 2989
4374 4511
1256 4774
3531 9615
4368 8414
6344 1282
946 3803
7004 8795
4372 3321
734 3704
550 5014
5302 7664
1536 111
6618 1918
2776 8844
7576 6590
1834 1950
1101 3091
6725 4633
2707 1094
3047 9051
2376 3994
2855 9380
2789 7228
2702 3523
932 3253
8538 6234
918 74
6346 7537
1992 9122
6382 9568
5712 8216
1519 6814
1308 8245
1447 4015
9339 4495
3067 1716
8489 5922
1097 1278
3150 3800
4802 4082
7053 3340
317 7972
3414 6663
5509 5407
5786 1891
4975 1499
108 6495
8313 1416
4740 9761
5432 4079
4256 8499
5795 2746
4422 6893
4025 7572
693 8827
1655 7747
2168 1973
5719 5583
8637 1228
990 4423
3120 5966
5923 3228
2461 4236
4645 7201
3998 77
1280 8255
8577 7076
1001 2999
3970 5026
572 4663
3854 2228
2410 6022
4201 8129
1606 2838
9358 2596
7262 2478
8562 3185
5707 1023
7422 353
8224 1420
430 9505
9676 9008
6582 678
2007 552
5705 2580
5216 9559
4808 7626
5582 9010
5756 7188
1848 5114
9785 9111
7593 8347
2297 3301
9371 9719
3654 7595
1140 4085
7101 816
3093 3684
1494 5101
4236 7200
7681 9453
6759 2489
7079 2342
1499 2836
9530 3348
7950 9315
2460 5544
7663 4757
8845 7034
4476 2500
4630 5616
6585 1731
6433 9678
5415 7928
4779 9652
5128 2461
9105 1888
4950 6185
4230 6450
9021 3761
9798 6972
3077 2258
2517 740
7015 1362
7775 1492
3863 2405
7109 448
4136 3543
127 9552
1471 4907
9205 6600
7368 8311
8488 2318
4496 2719
8769 3518
6480 8567
491 9558
826 3008
299 7842
4371 8074
9335 8234
479 6444
8682 4616
9987 8809
4169 1459
3717 3375
8059 1085
1686 6548
3404 6183
9268 2173
9701 5749
741 192
5307 1567
3201 5606
9410 7572
3681 8745
5806 4160
5189 4488
8777 5177
3298 2946
6636 7015
6321 4696
8100 8008
1245 1505
4191 513
3678 3893
6262 4419
4086 1569
5987 7287
7176 5398
4859 857
4143 666
5018 9333
5154 3795
4511 8453
6742 1147
5468 3064
5844 3569
1072 7089
5074 5264
7603 8753
9158 3865
3173 3245
5435 9161
533 2611
4559 5393
3468 8703
6059 8486
8037 1213
2282 2548
9667 9024
3696 5135
2089 9540
8705 3161
6630 3780
8426 4233
2534 7585
8099 5707
830 3534
4869 1363
6145 9429
6756 9614
8132 2816
8101 6170
4030 383
8718 3697
9408 2414
8833 1497
1955 7538
4659 8586
1319 3085
2820 3853
671 919
9561 1501
4453 4430
2865 599
3860 9622
214 1993
2438 8315
8163 6468
8699 6881
165 8107
9296 8999
9605 1252
6537 4264
9838 7857
7350 2658
1710 8021
3577 1271
9523 8031
5702 2388
8631 9563
2011 8845
1556 4449
7160 9719
918 5860
6601 1084
3968 5897
83 3573
7149 6621
7838 6988
4478 5189
9646 6188
3211 3224
7460 2735
1256 3163
5123 9887
2726 7134
8732 4282
1584 5893
4002 2502
1754 603
3586 5722
6500 3670
9296 3650
291 7135
638 4769
2324 285
958 5536
3510 8419
8271 4766
1582 3395
4653 4309
529 3386
8592 2114
9280 2594
4616 1034
3197 8203
6756 9698
1873 6052
3349 2164
3187 3988
6934 5512
4273 7892
1048 7784
6311 9320
2550 7894
2715 7204
2203 3245
591 795
5359 9871
3389 9976
905 6587
8179 7662
6285 53
3715 9634
2217 6903
3623 9151
2415 7896
7044 3464
5680 3356
2784 8231
1250 5500
5435 3453
8745 6026
4249 4104
5898 7639
4080 6803
4226 2260
4466 512
2313 8181
147 4531
5084 3770
3683 7500
1667 727
964 7347
4083 3749
5579 5333
9249 1014
8787 7995
7041 3037
2099 2939
676 6180
9743 4903
8440 4209
5415 754
2391 5562
5285 7475
9332 8968
4976 999
9696 5941
8347 3779
9690 3926
9113 8940
4941 7901
6935 1983
938 9035
4923 1615
5216 4667
6518 3657
8877 1934
4411 1268
7496 9697
8744 6829
8665 3720
7829 8361
9661 6176
2141 9352
103 1255
8293 5045
9156 5228
7029 95
4264 1952
1711 9480
6619 8229
3138 5497
164 7549
6765 7660
7246 5510
4490 5912
9230 2319
4274 8892
8496 6416
8244 8600
7671 6537
3645 6827
1766 675
6923 6031
2627 8634
5512 9247
6864 8650
4744 7028
6200 1510
4689 3447
7020 9179
9359 6251
1499 3634
5143 9996
50 3388
8596 7721
9925 2242
4549 1692
2917 1472
7723 5545
107 3236
4793 6971
1886 9538
4000 8086
1048 8690
1533 8069
7869 893
4321 9369
4527 9465
9365 4578
2853 7962
2299 2779
204 6849
4471 3122
8322 2195
8667 8429
5431 3461
5401 7318
2999 9402
5405 4048
8092 6939
2118 5962
7832 6439
5331 2360
5904 4697
6938 8757
2659 9238
1536 2864
6088 6008
5987 4410
8204 4655
2840 3636
8116 8242
954 1115
7645 6359
5163 5737
3298 7282
1700 1131
3721 7032
3491 9626
1729 430
8383 4389
9669 9920
7254 5758
5929 3241
169 4134
7897 3010
7770 6013
1252 8724
7129 8898
5084 2293
4636 8383
9575 6336
9514 3296
3368 3006
2922 5098
3437 1306
9488 3107
1227 6743
8865 7157
9985 9034
1291 7882
2044 9061
3895 3297
7786 1024
2195 2871
3318 6832
1254 2893
3168 769
6189 6537
3776 9112
1635 7214
419 1124
321 1646
7867 9187
8804 7852
8222 95
5735 267
9156 9631
3565 6943
656 5761
9814 3974
2593 1069
6867 5761
1839 3057
2299 5615
2169 3934
2830 2588
5059 3152
4235 2927
2339 3039
779 562
3135 6515
830 2292
6146 4395
9235 6802
156 9050
776 2750
119 7644
8512 1959
701 811
7574 2871
4746 405
5460 9805
3557 9695
2732 5897
2735 3512
6459 5870
27 7290
8163 6174
1685 7398
2976 1842
6448 3753
4593 6568
1397 3105
8527 2099
3916 6102
4970 8663
6507 430
8468 64
126 1201
5961 2862
4713 2421
8733 4741
9711 6896
915 1397
4294 3892
3240 743
7646 7833
7312 9044
939 5839
1143 4855
1942 6114
3519 8449
6545 1987
8514 6671
3189 4476
9534 7902
6898 8267
2644 6610
5163 3560
8008 9458
7453 1248
202 5100
9082 7514
4144 21
3354 5288
4877 5297
1403 8396
3747 7948
384 2261
4619 3573
6738 4154
1476 3636
2421 4120
247 7585
7681 8255
7043 5134
9504 7246
234 8586
4760 4379
8608 8115
9668 3485
3412 1071
1882 7159
9019 2266
9421 3639
5839 6159
7793 7315
9796 214
1436 44
7799 9118
8300 4843
4252 7804
2089 4487
6391 6850
8867 5000
4966 8535
8486 8378
9606 368
5538 8625
2635 4959
2264 8474
1119 58
5790 916
272 7227
960 8072
6345 9260
2916 598
7065 5006
5086 3456
1857 3953
8456 6823
2488 6943
5202 2094
7311 740
720 9946
5700 2985
8421 6820
3043 4212
7736 3316
1440 8697
1389 7786
7958 4305
8384 5023
9312 3470
8480 1169
7424 6937
7992 9912
3880 3194
2007 1192
3935 2727
1139 9636
5712 9560
6456 8756
3773 4193
2072 5213
2891 3461
2999 849
7767 1384
5873 7079
4855 4354
8248 2279
1292 6241
2192 5173
9436 4199
6365 3372
6927 7504
3008 2640
7065 9465
1396 838
3658 3469
6051 6550
6931 9051
7399 4698
435 3273
1777 5290
7628 26
7570 8920
6267 9762
4093 5703
3962 459
9075 890
7964 2084
3531 5029
1549 4928
5867 5208
8397 1919
1758 5328
971 9158
26 1406
2431 1804
6697 59
1830 4268
8980 8098
4031 3074
3801 7994
3533 2877
8884 1497
4961 2416
6527 6510
7344 2395
1718 5741
4315 3477
1070 5286
2635 1097
6693 5067
2902 3391
5126 4732
7659 4107
2830 1691
7181 6632
9685 715
9509 8570
2213 4471
986 8740
981 8330
1135 2700
4072 5450
6177 5143
737 8813
6240 7430
3880 9142
821 9007
3875 8481
3114 6705
172 296
3338 9857
1011 2847
8427 3224
7318 9413
1965 8300
7744 3101
1001 1816
8551 7178
6959 9289
5991 3200
6719 9872
2343 7541
8879 6218
6022 1993
2924 6195
2289 6262
6052 3300
9110 4480
6525 6429
3894 8490
4729 1638
1592 5731
3455 143
2910 415
9433 8902
3616 6152
8774 5959
3694 7653
2177 9716
9646 5101
5911 1936
1364 1964
5237 474
6445 1763
6903 339
254 1633
1978 1846
7364 5434
1990 275
5849 1423
9177 9465
7575 7951
5425 1270
5604 7602
987 5251
2704 6899
7187 4068
8863 2425
4543 5309
4188 1447
5648 4442
3081 7627
6288 446
3061 8278
721 8911
9701 9898
8377 7277
7849 3802
8547 3454
1405 9534
8706 4109
6433 5894
8178 5297
8319 2721
606 2507
4169 6255
6950 7250
3882 3238
7696 6943
1517 8417
5855 1218
8315 4232
8496 6165
8034 7044
9620 9440
6579 8326
3549 3012
4221 1728
8310 2540
4449 8917
5048 8619
5172 1998
