1000 2
2766 7444
6517 633
6391 168
6468 3421
7416 2289
3269 3908
252 8884
3698 4821
9101 5042
323 4903
8318 147
3574 4522
899 2567
4497 6117
5373 5894
8197 8140
3339 4715
8773 9731
4883 5241
3152 2299
7531 6421
6208 7783
5306 9906
2604 4407
4949 2928
9311 3268
3076 2885
7791 3975
5452 2288
92 826
8182 8290
8966 1522
3005 7739
1253 7888
2981 4405
188 512
827 6396
8295 6134
6303 900
541 1253
3829 9853
4521 6905
2738 2312
880 8191
4601 973
9017 2784
9263 7984
4306 2269
5723 5559
157 8705
9965 345
9217 792
6742 7512
6927 3046
8413 7468
4299 2242
7322 8821
9147 60
1133 28
8252 5734
1001 7270
8518 265
5254 2825
2534 978
8384 2692
9683 8349
3038 8900
9142 9780
6413 6069
2826 4826
3538 7126
7069 860
5947 6216
921 7080
6245 9173
2815 7247
6443 1334
7512 1697
4159 47
2676 2543
2739 2359
893 5777
1259 35
5558 7673
6105 8384
2499 9643
5511 9568
503 1458
5785 1425
8539 2030
599 1355
9277 7042
2689 6790
8740 6849
6837 1416
9393 9577
3776 286
5354 5035
322 912
2708 6427
9297 5208
6070 4808
4777 6574
6267 562
8000 4806
2593 8599
6161 1871
5642 8851
8661 4382
5700 5499
5799 5093
5076 9575
5380 430
4611 5702
1343 7320
2129 641
2529 8200
5450 7306
4774 1717
7868 2774
6524 462
1374 2685
2333 7016
1537 994
1398 7237
6493 7198
2331 1570
6774 7711
2000 1385
3413 3344
8706 5543
3985 1235
3743 9435
8542 8518
1153 6410
1293 7677
6873 2667
363 9206
9683 1900
201 1082
9138 6694
8281 1470
8264 5055
9181 265
6441 2595
3610 5148
8139 7595
6383 1882
7031 4925
401 8184
1336 1694
5862 8209
4362 6225
7416 4046
8125 7617
5128 7264
4312 3409
8734 2577
8465 7916
2843 4906
512 6453
54 8651
4049 6438
534 1081
1364 936
9265 2700
2631 5127
910 6993
1353 8327
1040 9479
5944 6168
6743 257
9578 5478
2834 8043
3395 5677
2950 3907
2131 3005
2559 6180
9443 3094
7261 807
4031 6527
3508 6662
1655 4419
3656 3008
2746 4696
2487 8691
865 9231
8948 444
4709 1783
8488 8104
7460 1438
2012 9592
4443 4572
5773 3887
7667 3034
4694 1698
9562 8203
8360 1218
2623 2017
4227 5369
6713 6714
4061 7579
5946 3010
8023 655
4793 6511
8760 2254
7950 773
1846 2393
5346 7619
6281 3013
654 975
4711 217
9179 3072
1435 1802
5089 5662
7172 1803
2377 1233
9383 8323
4244 7406
8979 9037
3918 7740
1291 1868
8513 3138
4262 3859
757 543
6873 1412
1519 1584
1629 698
4657 3064
2501 9747
8727 9673
1551 1104
907 934
9428 5151
8341 8407
4188 2259
6147 5480
4127 4661
8618 8389
8521 9375
8932 5394
787 451
6978 2417
1150 1636
5482 3651
1383 4209
3324 2935
5314 4232
3869 4743
9383 2210
3150 3572
4469 9298
9052 8597
3959 7670
6987 2480
7046 5919
7874 7834
6371 4853
251 7522
6490 5733
1173 7873
9943 4498
808 5258
8730 4678
1 8114
6889 3152
1686 1358
2450 738
9956 6410
8409 6943
8890 5455
2863 6765
3289 9234
1619 3541
6757 8109
9275 7930
5983 9218
2429 6792
4477 1159
1470 4478
9274 8359
7630 960
9718 81
1699 9674
6491 108
6618 5381
5564 9481
2147 8854
8716 3767
2395 5473
1876 1671
3404 7860
889 5833
4652 5367
6993 6123
9845 6267
4482 7476
7227 4201
7557 8926
3876 4048
9035 494
9430 4599
9975 1578
3453 8692
5345 5849
4165 7222
7520 7569
5082 8410
3403 9734
3777 396
5857 3623
6664 340
1099 3892
4542 8657
2819 8418
2706 1854
8912 2136
6454 8888
3714 9907
7580 9060
5757 1746
6282 3277
9316 1364
1687 2720
1099 5465
3117 6957
9088 9781
7298 188
3673 1840
8845 6492
259 1551
8347 9172
3688 4801
8060 7403
4709 5641
6463 466
7388 2746
3743 6704
4111 5431
9424 5210
896 2541
2168 9985
2323 9466
174 5997
1307 9020
2489 1566
571 837
738 4260
5638 8799
1663 347
4441 8127
814 1830
873 4557
8534 4984
9989 7959
195 886
501 2363
871 2824
1830 1046
8822 3138
66 1312
4704 637
2149 5443
4898 7788
4243 6562
8136 8685
4689 8950
515 5563
3508 9050
548 3497
7010 744
4384 7512
3108 5255
337 4938
6301 9159
8076 6368
471 2781
7005 2620
8225 1904
408 2469
8466 8544
1155 3156
7495 1670
8719 1003
721 9268
4501 7731
12 8885
5244 3120
4141 5581
8059 443
4740 6135
6811 5211
8917 3817
7832 7143
5721 8240
9612 4188
6785 767
7344 4281
2438 6064
5284 3159
5332 9786
891 5344
8671 6135
8465 2812
1717 6524
3256 6457
2660 67
1669 1577
3884 9501
8721 9606
7742 8333
3794 4528
9101 1138
8809 1539
7202 4093
4699 2535
3879 5591
7879 2551
1727 6344
5363 3444
2869 8620
9902 5529
8687 1571
7106 2572
1072 5828
2178 8814
4161 5972
3342 3262
7111 2152
4802 4313
6246 9502
6849 125
5093 4728
2677 6820
1073 8041
265 3942
6661 167
9471 5348
1739 6578
7920 2811
2406 98
1626 6568
6071 4969
9831 3182
7121 4633
7496 3367
4136 4345
3493 9229
9074 6171
6050 148
4212 6316
4090 873
6483 3562
6222 8223
141 4142
1034 2548
4241 2661
9116 313
7631 8947
3496 4753
3581 993
8120 7717
5338 1614
6947 4413
7785 2997
4561 1998
9313 8652
2871 5797
2214 9093
4020 2356
3236 5055
4904 7478
7717 4020
7791 5348
2968 1287
101 6550
2280 8222
4267 7619
9837 1215
2032 7622
4213 6594
9620 3526
5246 2492
9324 7461
1586 3345
9817 4822
8401 4721
2300 6118
8742 91
1466 1711
1379 1568
8261 3660
9790 2529
1279 9628
3744 3312
7251 7957
9907 6872
1484 5153
9364 809
2615 950
4154 2433
5773 2556
7155 8073
8674 5897
8165 141
7608 9545
1709 5869
3205 1500
8399 4485
1128 2143
7797 8379
101 7705
5251 1586
2858 4616
2395 5474
5567 6550
7907 1340
9106 5062
9413 7781
960 7579
7922 8568
7124 9632
4438 330
1132 2837
4815 2261
4981 2613
641 5083
318 5892
6669 3177
509 9065
8651 6076
5615 6559
7416 4722
1621 6830
2503 2581
4409 426
1150 1534
58 5589
1864 1190
8426 6679
3452 3408
9293 4093
8491 9611
9985 5161
2788 495
4226 1440
6571 9841
7999 3987
4564 9621
818 7068
2203 5227
7494 3353
6762 7552
8942 8626
8743 7369
5306 2195
778 4599
6288 9269
4210 6274
4430 6999
6769 8657
8440 3341
8498 6440
7329 3063
6061 8147
131 8264
3375 7625
1618 137
5177 561
8763 3921
7931 4069
6116 8709
8669 2405
7979 2879
8679 2410
9879 5449
1067 8319
8790 9566
4759 6119
2629 821
4267 2760
9086 7642
386 705
7780 5564
1266 6543
9485 9198
613 5602
7907 9282
8007 5886
2162 6686
8297 2042
2136 9364
362 926
8930 5122
7046 1560
5943 1314
4320 5029
8957 4707
5734 6737
271 7001
3281 9756
6199 3894
5359 4107
3177 3366
9994 5340
53 8291
7383 2189
7655 7745
3116 6586
2867 163
8146 8811
1477 2467
3841 434
7174 9576
7172 7445
6577 453
7202 2777
4348 2561
6884 7525
5928 6878
2866 5981
5170 250
8170 2825
7995 1287
9412 863
1450 7558
9675 2928
25 3516
3363 7199
3092 535
4645 9670
988 1848
2448 5336
4409 9333
2862 337
6211 5729
6318 1381
5979 4489
4207 3975
5776 3619
4838 7227
1178 4514
155 1203
8030 3518
8403 1123
4054 3048
794 5043
4897 3243
380 9306
2576 3243
9644 8787
8972 5963
169 4952
453 4377
8927 6229
7997 3766
3457 9175
8280 3612
379 6311
7131 8783
7435 1186
1832 8230
6229 6729
1473 6609
6035 4049
9853 5680
2837 8825
1643 3006
3777 2096
7384 2705
8326 5381
6472 1784
4557 4752
5397 4936
1064 2528
3719 8499
3715 5551
6730 9944
2281 8203
6554 8316
2252 6407
3997 5089
5233 5641
8096 9011
7738 5480
1717 6064
862 8189
7849 5419
2942 3246
356 4006
5775 4076
2506 9490
9628 9236
9435 1909
7439 5990
226 9692
2397 4223
4781 7631
9864 2877
6643 7602
8358 8360
3667 9220
6549 1517
4639 9491
4763 4996
3498 538
9073 6004
28 8701
5241 9463
611 2681
5453 837
2373 7851
5061 7154
5483 4926
32 2126
2529 8390
486 6197
7610 7035
7714 2250
6527 2477
7247 25
3015 6320
6030 3043
5021 1271
2507 5632
3952 7961
6470 6326
5813 1531
3481 1296
6458 3513
3422 8987
1904 3909
5184 9515
944 2898
1766 7472
5375 9013
7497 8391
5333 3527
1435 355
4799 3942
5988 8752
1904 2459
5078 7717
3991 8560
9013 449
2073 2436
9436 3978
6345 4620
3493 7290
7519 5259
4763 2895
4272 2260
1286 9606
5788 2722
9962 588
6665 5950
9340 8569
8410 4419
6287 2401
2979 5301
2850 5053
7737 2287
9031 4083
6908 2525
1374 4427
7784 6137
7322 2057
8398 8609
1664 4186
1331 1626
4774 7996
7577 4115
6566 5987
8534 2853
8389 1514
8154 1239
6568 5892
3526 5599
9975 434
8125 1349
4862 5910
7487 2185
7967 5885
794 9632
71 2126
1258 4846
123 8836
8962 6689
4824 7496
9542 3213
9011 7697
4452 5579
3589 7979
1179 3564
8414 9305
4914 3276
5215 2401
5461 3183
8287 6256
2815 8358
8383 4074
3205 8506
2910 2167
5195 7735
9664 4738
948 8675
2435 5401
4255 6025
3381 5435
9590 1795
4740 4504
5072 9955
6906 533
3138 5193
6790 5953
3552 5173
28 6757
3679 2938
8925 8875
674 8589
3614 1622
7265 6050
7024 1521
2075 405
6956 1665
2201 1697
6170 7273
1652 3076
7807 4791
8270 4597
744 1822
9771 772
8580 3451
3711 7505
2326 4386
6095 5941
6008 3361
1991 3033
4882 4067
3439 1839
5732 5640
3536 1902
2914 5188
4979 722
9979 3249
5319 724
5072 5091
1497 3653
8542 5209
1159 869
9595 7254
6810 5604
615 8801
8637 5498
2869 2077
7337 8601
7718 873
504 632
6062 5484
1355 6041
8734 6675
6766 3806
1766 8263
7460 308
3473 8619
1178 3068
5874 7988
8672 6490
6790 7310
1988 9659
9388 9325
8261 7106
199 8765
7739 6261
4249 9094
2303 2983
5769 9069
6790 7536
7333 4250
7844 806
2870 9023
3874 8744
7011 2547
5234 3802
9858 7222
3461 9246
6548 1722
6353 6747
488 4092
3009 4738
3187 5312
7721 8957
4381 4512
6493 1715
8763 4338
2521 1633
3361 6396
377 372
8944 5611
4174 8802
2834 7636
8049 9383
9358 4402
6130 9847
8495 9139
4585 1683
4452 2307
640 8833
6819 7133
548 5582
1471 3070
7216 4832
9466 7594
5205 8410
3206 9380
7213 6040
7016 5262
5423 6375
9665 1554
6222 8160
694 808
9843 5146
3115 484
3980 9934
7617 4529
5517 9089
7599 2734
3921 7066
328 9127
5476 3534
8507 2690
9575 5523
7952 4999
1899 7617
6553 8122
5778 7248
8930 5622
2394 2045
6106 6375
1980 3724
904 7498
2813 8504
232 6735
5570 561
5862 1047
4096 4370
3737 3671
9894 1690
8670 1793
9307 5224
9915 5086
2473 8845
709 4868
891 6815
1243 2871
540 2148
369 3353
652 602
89 6223
1163 5952
7270 5259
322 1008
8931 217
2698 7602
2010 2005
2827 1926
7092 5300
772 7801
168 1663
4617 1412
4534 5157
3560 4904
8511 4213
5506 8600
436 6670
4552 7706
1930 4875
8714 861
5092 1412
8464 7103
3418 1291
9029 511
6591 9801
8312 6759
1464 2929
8171 5999
8087 1732
903 6598
5945 6410
5198 6381
3081 9751
4088 5012
4627 2803
5874 9719
4216 4338
6823 7635
5629 5852
8146 2220
5654 6458
8980 7118
