1000 2
8072 1224
1146 6672
1516 8012
1582 2296
5819 6016
8696 3047
3098 2535
7306 5907
6706 5816
6346 8767
1934 9005
9029 3056
6134 7911
963 8347
8811 979
5814 6884
2204 6961
3556 3720
4973 5138
6016 793
1155 4713
3840 4253
7248 1146
161 3955
6962 6507
2722 8897
5513 1752
1953 1647
9663 2917
9995 8475
3897 5809
5359 6101
2770 8915
9821 7744
4054 5838
8537 5210
552 2377
9463 7801
3524 9624
1756 487
6132 4478
9384 1645
6230 1337
3293 5894
4255 3288
4369 8152
9098 9728
4253 1869
8644 4075
9614 2699
9914 8151
7909 466
529 7373
8267 4054
6998 24
4541 3130
4502 3925
4776 733
5263 8069
6628 9518
1358 998
7671 457
726 1925
2326 9371
6001 1940
2071 5915
92 9980
6382 622
7354 4650
4676 4353
4674 9218
7483 9177
3143 2260
9911 8406
330 6539
7925 1688
7537 5596
2146 8264
7522 4472
7636 3523
6413 9707
9438 6506
9687 5821
7129 7042
472 1805
1395 5146
1023 8879
4324 4167
1139 4235
2574 1470
775 499
3159 8313
6096 5305
6577 3618
9778 4213
7141 6191
3920 6580
2698 3608
2402 9827
651 2874
1633 2047
8020 2657
926 2344
6824 2066
6580 9398
3536 7355
9898 6696
5668 5995
2001 2246
9614 1779
6459 6755
7971 380
3336 669
3989 5738
497 4640
8613 2130
6687 6633
4788 7614
8978 1612
9681 5558
1011 3218
2914 910
9914 8582
6906 1915
829 6520
3695 7288
3276 1666
7669 6612
2336 1659
2351 2834
6300 964
4965 2988
7598 9753
602 6577
1366 283
2136 2378
3502 5050
3288 3416
3633 194
5331 4462
6715 9026
1751 9991
693 9421
6604 3030
1080 8955
5864 7380
9920 829
369 7519
582 971
4096 1949
1255 6232
4327 4757
1283 7616
8173 4917
7810 3505
9380 4526
2532 1131
4517 3225
553 1121
6256 1633
77 2120
9014 9998
2949 9383
7517 3532
355 1613
5481 1611
7846 9809
6369 9130
7425 4543
4047 5236
8048 3427
9762 581
4559 4279
3807 5112
5401 63
6746 5478
2183 5760
5476 5133
5144 2994
8666 5500
4608 4147
7111 2454
3956 3481
1585 1381
8024 5633
6618 6073
9060 6380
6654 3620
660 462
8732 6061
525 5479
1539 2709
1240 7016
7842 6384
10 6508
1885 4618
656 8996
7073 4613
2478 8658
5995 502
4291 2613
6576 3352
8993 3230
6972 9653
3693 5705
5715 4218
1184 7255
6927 2424
4271 4770
8809 4282
1279 694
8900 1935
9691 5974
6548 2169
4633 2543
2672 8924
5157 9248
2277 4151
2479 9250
3804 6172
4956 9520
391 6141
6775 7319
8565 1046
2089 7375
5329 3368
8070 4229
5304 7761
204 1853
9931 4837
4397 2604
3762 9554
1852 6039
3705 4332
5290 7510
504 246
7030 895
6387 3805
8214 4953
4852 304
2329 181
3673 399
4411 8977
8161 4615
830 8093
9452 5227
697 3214
4782 2549
9254 8487
6882 4544
5997 7386
4791 3027
8282 1179
6833 6497
6133 1685
6801 8462
1867 474
8862 6278
9452 7024
893 283
5117 346
5510 5814
3560 292
8364 2815
8780 5246
7360 4777
2633 2152
7805 915
3331 4638
7413 9465
6324 4214
7928 8191
4689 6790
4469 4141
3815 5363
4424 8932
5709 9935
4747 9270
228 3112
2085 9008
8359 9445
3786 993
1597 1591
1909 4929
6230 9322
4394 2554
3537 2322
745 8226
9113 5215
2368 2929
578 6793
1861 6287
6728 6609
5557 6957
9722 7643
5965 8081
7088 9752
9075 8686
1343 984
3616 7573
306 8010
128 3843
333 874
2070 9447
6089 4439
2376 6668
1232 4238
2955 7961
848 8513
4918 570
6157 884
8652 3245
636 7727
1932 1980
8711 5548
9553 9018
3559 9681
2862 3893
556 4932
3340 6645
9371 5717
3313 604
9955 6269
8565 803
4783 3484
1374 940
4368 26
4186 5005
7753 6119
6985 6464
1667 6539
5483 5227
6221 8345
9120 6777
3277 2460
3423 2649
8178 6737
3253 8134
3006 1818
8938 7790
5302 312
8731 9671
338 2917
4677 8092
9036 1663
4557 704
8203 40
5931 4424
8385 5051
1202 1662
7512 4625
4312 5690
1362 7565
3825 4369
9384 2763
2160 4687
3076 891
4359 3414
3808 9036
1507 2845
699 6064
3549 8903
6104 9480
3327 4490
4532 4530
6153 2044
9156 465
7735 519
8030 1560
4889 7415
4324 7049
2102 7400
7940 6461
815 1749
5497 2322
4594 6197
8387 8144
5100 4492
7625 8428
8982 2157
2959 5135
4202 2115
5600 1938
2634 3631
3498 7523
1046 7823
4573 3149
5223 2513
9610 6039
4263 5108
8361 8858
1306 6748
7002 6407
1240 4628
4836 223
6785 7795
5358 988
9911 959
2926 2546
4590 6425
69 5637
4248 4642
8787 9472
7156 8398
5511 1419
3507 3872
278 4813
621 7280
1221 1862
1908 6058
2085 8694
3854 7444
9682 3765
8403 2608
6311 2994
9034 6381
8632 3282
1024 7419
2754 8181
5817 8266
9601 9324
2138 9879
4138 2760
7159 5360
4623 9068
1418 6708
7762 5272
4152 7445
9038 2555
54 5349
5549 9088
1730 4182
2371 2755
1601 5126
936 7419
3392 537
6743 5531
416 882
8291 7576
6242 2914
6644 7661
9623 4407
2933 3775
1853 1972
6331 1907
7321 1881
996 9052
6063 3368
1807 7665
8494 2744
5084 1886
3281 1828
7417 3698
2710 5709
1274 8953
8623 7919
6615 8247
2327 9549
2023 4180
1521 8354
6088 8842
236 7085
7895 6300
453 9703
3965 8947
2447 9049
833 5729
878 8251
9427 3589
3960 702
2543 2584
8621 9158
831 948
8707 2854
5129 228
1209 1217
9071 1445
8302 6966
7746 8755
6670 1711
7702 9118
761 8536
4848 1639
6788 4275
5229 748
4978 7772
3333 3600
6930 4165
4548 5638
7019 9678
5866 8229
895 4938
9675 9198
1905 7421
7953 8575
9132 5656
7693 9894
4193 2542
1534 981
6817 6763
1730 1796
4535 5064
5396 1466
9229 9945
7104 6249
9623 2971
4478 518
7909 4154
9716 9814
1575 7670
8389 708
3327 6083
602 7521
8625 2136
8502 5443
8899 233
7240 3435
5297 2636
4901 4527
2581 2006
776 2204
4977 5255
2723 2886
9409 2440
2700 984
111 1090
1692 3438
7174 2295
959 5800
4431 9462
1243 3331
9696 8484
6767 4993
1120 1669
9521 3702
3675 297
5906 8652
5552 8630
1538 4962
1070 4239
5946 1182
5329 7639
4621 2503
9935 5580
8304 4367
5043 9548
7698 4739
8032 4466
9733 9152
6135 9254
2854 9810
9552 8761
8462 5105
7392 1
67 8463
4240 6014
9645 9570
3653 4266
2074 3589
9847 378
7956 4890
9926 5655
9630 7958
121 9364
7111 6256
8618 9965
6066 8170
8727 4529
3275 6120
4531 3343
4583 8772
9357 4228
8342 3011
8495 416
6600 8342
794 4556
3233 721
211 2863
8679 332
2228 5790
6589 846
5756 2656
9017 4484
7186 2293
604 1717
5636 5187
489 4994
9416 8831
8005 7911
9248 4606
6253 43
9162 9487
764 9374
2351 9443
9707 4579
5233 6296
5426 990
8952 4443
5474 6138
6737 6078
7855 2374
1265 8345
7368 681
7177 5374
8593 6425
9980 4846
6468 9143
4334 7232
8517 6685
6676 8224
1264 1909
4520 6690
2900 3473
1134 8374
9612 7872
4452 7468
246 5718
5813 7615
6400 2990
2990 4993
9415 2970
9840 5884
2114 4174
3117 631
859 9793
8856 2124
1703 3377
8815 4603
6850 9949
2977 6462
7822 7430
3930 8069
3148 9744
5685 9549
2734 8675
4542 2150
1646 4383
8035 3760
8557 1152
4392 9417
945 3248
1542 2648
6625 357
7251 3475
307 229
9938 8129
7659 3869
6198 808
3613 1883
357 6348
559 4899
8498 2205
9283 6533
5966 7840
7686 358
7258 8631
3606 8800
1280 231
9158 8531
3707 9465
8760 3646
7594 6420
7515 3793
7228 1128
5677 7585
7476 6237
2485 5975
8443 1768
2509 4409
9609 195
4767 6868
8827 8374
5668 107
8606 4826
8638 2313
4291 7399
5959 1886
3819 3474
5680 1048
4603 1358
8633 2080
7595 1119
8055 6039
2888 564
448 2497
760 5216
9365 9587
3590 5034
9694 2196
9861 8333
4510 4153
5733 469
6040 9553
3944 1720
601 8548
3079 9235
628 675
355 8683
6714 3243
9248 7163
5741 9
2379 5107
9596 5970
141 9291
8166 2
7625 2676
4156 3358
3146 196
2912 7091
1917 3514
5639 4996
2750 6267
5672 3105
4951 2386
6348 4199
9550 2090
4208 1929
7197 3805
7899 7339
3097 6066
7342 722
8743 1498
4081 1890
1694 6993
8981 3611
507 4620
8607 3257
888 4280
6363 5839
6667 2712
38 6217
4802 4247
8147 2000
8053 6047
9339 1150
2113 6681
1872 857
8179 5953
2747 9873
2947 1729
3484 3455
6349 2092
6713 7237
6372 3076
3077 3039
5788 3115
9257 591
7363 7404
2591 5416
3451 1930
6566 5565
8612 8438
6422 6791
4392 9170
6665 7339
899 150
795 7249
2242 7508
4487 8615
585 7564
1655 6374
680 912
6965 8043
8317 9557
3459 1768
1487 26
7333 99
8465 3756
6891 2857
2926 3556
197 3826
3706 993
1075 5949
8501 5562
4565 9087
3127 6220
5461 3807
7133 2427
1850 5450
1984 5310
7219 3472
5336 4552
3572 3802
8309 463
6659 1235
4020 6857
5061 7727
7850 6137
3676 6352
1700 8242
5439 4827
4463 901
8634 1596
3328 484
7047 5312
5795 4266
8784 1132
8819 2356
4934 7128
2820 1594
8364 6840
8451 3426
4567 6302
9563 8244
2655 1263
6486 8095
6090 950
8996 4725
2547 2324
5209 9594
7637 1005
3861 6421
2137 2681
8778 7071
9810 1598
8666 8175
8439 7118
1601 3007
3420 1165
1251 6076
2429 7738
4171 8520
8688 3168
3245 1235
5493 8455
830 3130
9460 4692
9552 1598
7373 8330
8670 7184
9929 7336
5359 8369
4454 6961
1376 7875
8126 2628
3951 556
366 8123
9076 9055
1291 2321
291 6784
777 1121
9914 238
5814 9467
1836 3188
7797 506
372 7727
7842 5732
6096 2296
2693 7473
171 820
101 4123
1376 468
2246 452
9524 3537
2774 9815
322 3552
937 237
3790 6751
9704 5626
9940 7502
6133 312
5229 3975
6044 1326
6272 8737
8800 6443
9558 8901
567 934
9370 2813
1386 8894
6351 4161
8710 6673
7713 9647
6910 1503
6399 6615
7130 6339
4117 3263
6652 9347
7239 2696
674 3511
1434 9474
9955 992
8376 522
1927 7746
3335 3314
6641 9687
7475 5351
6360 5189
4999 3271
6692 1398
9887 3823
7738 4004
7086 4390
3352 4326
7087 4026
7837 8522
3501 7792
9515 1877
8315 1442
9624 1651
4756 6265
1338 2231
1616 7699
7420 6615
970 4113
8014 857
7937 5752
4862 5023
143 8215
9349 7230
2241 7187
5752 5743
4980 5268
7620 3295
6710 7244
4946 1466
3509 6284
3698 5126
3984 1119
1741 4954
5233 9756
5812 3170
5508 675
8194 5651
8890 7544
2882 1132
4731 8635
6875 9711
3903 4496
3007 613
1740 7954
2080 5250
4239 5779
376 8223
6899 2118
3178 2132
1874 8990
5303 7383
9666 3497
3035 8557
1042 5917
9689 5773
4553 6565
5485 8456
1061 8493
9070 2802
6447 1151
8052 686
6931 8429
8909 3830
548 2087
5963 2423
1078 1266
9807 745
4764 2842
9302 5806
8760 8991
1580 3313
5557 7066
1770 6618
5559 841
9420 2006
1992 7473
2693 8923
5903 1602
2754 6452
3690 8717
8875 4769
9983 8682
5514 4748
1525 4816
554 286
3808 2135
3599 9365
9201 5370
5983 4760
6211 5404
6767 8204
2878 9460
7128 8782
1063 9882
5234 4754
8600 4110
9523 8584
2793 5038
3332 4319
9854 3887
4605 3663
6022 8205
3028 5223
3575 9012
9984 9787
4417 6751
7992 7296
6212 5120
6078 7276
5003 1313
2031 3603
5424 1555
2187 8217
6593 5520
