1000 2
5595 2975
5547 4558
3083 6683
7794 8750
3018 6231
9668 5664
7221 7991
6411 2775
3820 2160
2884 8643
5656 3870
4383 8376
5032 7618
8333 3727
9453 4637
2509 5049
7613 8056
9607 696
4740 7402
9447 7758
3633 9115
3422 855
7107 9833
3631 927
1994 6515
9570 7650
385 3954
6026 5418
1572 4360
9146 1026
8998 1655
6075 6611
9711 5683
7308 4452
3085 6756
2210 6719
5871 5633
7574 2978
5467 1206
3905 7461
7722 3476
5111 8107
7431 1138
3526 9003
5498 2672
30 4496
4327 6106
1108 4039
1790 8417
8491 4875
5173 701
1595 1044
6335 9170
4023 1802
376 7929
9263 8098
1406 4375
6206 8837
5514 9732
7841 1013
2404 7871
5509 6732
3978 6618
771 5768
5035 9262
644 209
9964 2239
1254 6299
1409 5277
8102 1786
3207 7366
9884 4613
1741 6090
3450 7255
5823 1291
8269 8228
9163 3778
4960 3142
397 5732
8910 5433
4995 9554
5642 4960
1794 6896
1260 3204
2173 9362
4990 5380
6728 4874
9994 8470
965 3445
5726 6789
4737 3995
5017 3900
7773 9978
7043 8171
5710 5953
3604 706
5508 9246
5666 7302
6142 6926
506 8316
6289 5496
3697 3017
371 3691
1487 1337
7136 7213
8126 1873
1208 3143
5774 8982
3122 2817
7153 8833
8771 758
9539 4279
4 5206
1582 6147
2132 2088
4463 8422
7585 8161
1439 7957
1853 2927
9294 8989
140 7420
863 1349
564 6638
332 3686
9456 7486
2519 8228
8244 2059
2507 8249
7265 4090
4396 9398
6179 8860
7820 3764
7021 9259
1721 8874
2187 1016
7864 2328
8436 8728
3677 9001
5367 4010
2687 4823
1496 5207
3052 9740
7266 5560
7989 4531
9650 2385
3929 5829
1246 1750
9593 8267
1009 1315
7142 3196
2332 5006
5525 768
3734 9202
9770 9102
3212 2457
3926 4708
7665 6978
4449 4931
2538 2439
9463 2188
4825 3392
8017 6071
5142 7611
4338 6152
8927 1481
9349 1259
6487 4874
2028 222
4077 1798
9324 7290
4256 3250
1999 1921
229 6449
6853 2767
8888 6316
4955 3713
9709 2973
9784 4852
585 4123
1004 9512
5604 354
771 2092
5229 2800
2315 9307
4598 1640
6597 8855
4891 8597
776 5120
5046 7629
7887 3934
3945 2843
7647 3654
5816 7432
8506 6401
1555 9511
5914 7160
9866 6685
9252 5095
9486 1568
4403 4084
3208 1001
2939 8099
9598 3716
3220 4645
1345 1107
8579 5291
3951 6227
8946 9768
3660 7452
6169 5215
6964 2084
2376 6830
8770 1629
1926 8256
3197 6329
2340 6406
7330 5280
4506 6929
8996 7726
1574 342
8834 154
5633 2785
6382 4579
2553 42
2032 8723
5258 8997
807 7634
5827 9577
9263 7754
7833 2461
4084 174
8867 1415
5454 3373
8344 4451
1099 9919
4794 9934
73 428
2719 6455
5007 5273
6497 7040
3996 1755
6038 4804
9390 1866
4381 8653
9620 2215
1115 3705
2389 9982
5120 7844
3355 3464
2296 4455
3384 7090
4389 3457
7518 7109
9913 2526
2382 6411
9567 6378
8167 5605
1182 7557
7471 5564
6211 7091
7779 7326
796 169
7309 5917
8013 665
9382 309
5121 2766
7399 9510
6224 4918
6619 6137
7444 9002
2549 7011
5381 716
2616 6564
8274 88
2128 4486
7179 9908
1813 7976
77 9122
3893 8091
9788 3275
8400 4909
6042 5800
4420 2266
718 1040
8404 8163
42 953
5175 5423
1670 7792
1987 9945
7880 4116
4431 5060
4025 6245
3037 4102
5367 6930
2193 5156
206 594
65 6249
6395 4485
8515 7114
5525 6919
5277 5567
7872 453
991 9543
8245 2979
9488 6125
7096 3919
1185 1121
164 4222
5224 5532
1153 7418
689 1360
8012 754
7609 4407
5240 6125
1522 765
3044 6800
6333 917
7253 7325
460 5498
304 9948
1624 7401
3868 2810
8522 4033
7032 3746
9566 8186
1164 255
9547 9177
1009 7157
3585 6249
3282 5107
7015 6327
1907 3349
7244 9161
674 7705
4659 979
7654 6284
8380 1523
9094 6903
5556 6126
649 5122
4313 1814
5378 3861
992 6388
1018 4577
2638 4301
9685 9653
628 1593
3002 7873
754 3677
5578 5414
4656 3233
1698 3037
4756 792
9940 313
6919 590
5436 1233
2405 814
5094 3397
7202 6113
7975 9840
414 7661
9494 1042
9254 2497
8915 9
6174 4494
5424 831
7728 7122
3868 2484
7915 3809
2798 4835
4399 8234
6068 6804
9048 1163
202 6251
7276 8177
6092 7690
5839 5587
8732 5094
8084 7648
5104 4259
2143 528
5091 9871
7651 8960
2356 5567
2769 5154
402 7168
3388 6471
3973 2437
7634 4175
8689 4910
2353 4781
2601 8192
369 1334
3287 8453
8983 8391
2713 1126
8919 7805
998 6571
6765 3354
2138 9534
8508 2540
6703 1897
9011 676
4334 6646
4852 3024
1557 7206
7806 4158
5399 8175
5492 8686
6629 4475
7077 9342
5602 5997
7148 6600
2568 3913
9954 4706
3447 8463
7247 151
360 6259
828 4695
2905 5680
7719 4462
2886 5525
8621 8286
3700 4113
6972 329
8589 4050
9672 4191
47 6820
792 2616
734 746
7322 4181
9209 4570
4333 9570
829 5161
4265 3735
841 1984
8197 3728
7510 6818
2014 1210
932 8987
1540 9522
3037 1213
3713 3084
8034 4505
5700 8768
5252 3023
2950 4462
7593 7283
4032 8423
2444 8298
2158 3286
282 356
7015 7792
7175 9030
9003 8108
8017 543
7630 1054
1757 1344
4138 9791
5850 9839
8559 1102
2863 1509
5565 457
8793 9598
8880 1238
7896 1039
4524 8179
1395 1539
5972 8571
569 4975
6679 8587
5519 4309
9641 7276
5654 3780
7068 1504
3620 5627
2606 6483
7137 8172
6940 5931
7770 5820
7169 5666
6860 1693
3845 8256
3233 9818
6827 3803
4793 3507
2390 313
7817 2032
7590 3471
5812 4658
4975 9432
286 7582
5916 7424
5754 2856
3355 3525
8677 524
9192 5537
2218 3038
3793 5452
2856 621
9255 7649
4128 1646
7963 1946
3678 5553
5417 9491
211 393
8924 498
7975 4840
7922 3730
7696 1278
7255 6374
1802 6447
1911 4021
9485 5705
9473 2341
6327 8729
9991 456
375 7954
2402 4054
3508 7819
3546 3720
8213 2470
4218 6188
7310 2141
9918 5007
3419 7174
1381 5222
3622 3293
9243 3107
8999 8717
5449 5326
7446 5441
5782 7822
3395 8185
1876 6904
6005 5423
624 4218
7893 4842
406 5204
6983 325
211 403
7500 1593
5625 1122
4887 4868
4230 3886
3585 9679
9213 1032
5121 4996
8854 8517
3181 731
5421 9186
6154 6045
3404 4048
887 3811
9252 7871
4137 9464
8274 1638
1058 3899
2760 5945
8768 6991
9832 2354
6671 9046
3387 1792
4042 2241
309 7224
2973 5730
6410 9128
1775 9815
3176 2663
3627 2429
535 7765
1893 8810
9403 2952
2710 2164
8898 1479
9155 8731
3833 5826
7777 7221
7618 1819
9462 7927
9044 2436
3658 5454
1564 5434
5270 4741
8098 8898
7170 8633
6663 9064
7444 6067
2016 154
8231 914
1633 7386
9645 5467
3212 7423
2688 831
9243 2151
8759 8287
4588 2417
3741 6152
7851 9012
894 5950
7910 8064
4583 4574
7129 2027
641 9145
2182 8872
60 3815
6259 9706
9283 9472
7129 1971
303 6372
4123 9062
4659 8711
1480 8401
4864 9332
7413 5758
5282 5324
3823 9866
9898 952
1894 539
98 4076
9412 158
7892 5671
9865 7175
5144 6994
9147 5447
3367 3270
4510 8026
1981 5990
6427 6845
5322 3841
2603 604
9165 6427
470 9064
7379 2364
9604 7478
6441 9017
7637 4333
4688 7502
1509 9833
4497 656
5280 7864
3926 9790
5890 5908
5781 2318
2753 1104
6159 5357
1709 5325
1784 2180
4390 9164
4544 3994
6642 986
3011 4279
5319 7700
1781 6828
7533 6278
7485 2814
4142 1411
2605 33
7320 8386
2352 73
9490 8511
5431 1200
3837 7215
3380 8227
6380 7924
2222 3022
8911 5233
7301 4231
2933 9083
1059 467
5362 8545
3281 9505
9957 5886
9539 7277
4273 1891
7350 3763
402 2781
4964 4240
9997 8344
2468 6377
6269 4690
9400 5180
9923 6702
9411 2857
5786 471
3325 1148
9016 6606
654 8973
2493 193
6250 6766
2084 3601
530 2487
6383 5494
6727 6381
3838 9196
2758 107
3886 2159
5287 3810
8861 4698
6668 4647
5170 9993
5796 4186
6600 6450
3159 9093
6643 9410
5859 8727
3012 6389
1214 9395
1883 7942
5776 5721
7138 8535
5828 1024
694 1116
4835 9556
5815 1503
4203 985
1497 9999
5171 8097
6450 8331
7190 3093
7742 3049
1820 754
9439 3034
149 1322
977 5926
7044 8115
4462 2873
9140 5156
3989 3975
4713 9805
5478 8917
790 6975
8916 5962
5073 5367
4294 2263
8460 2036
5313 280
2791 4752
3315 2941
6075 4293
8867 3120
2408 3330
5993 1548
8486 9983
5523 3200
9788 1002
2117 578
7978 1034
6541 3052
6401 835
5315 4861
2872 629
5142 5664
5382 8458
8605 1457
2751 7473
4577 5159
803 571
6708 9290
554 2232
2490 342
3234 4607
921 1213
5641 7463
4265 2042
8298 9581
6904 1171
210 2046
6835 5592
505 5441
7050 3256
2914 1628
8416 3718
2199 5124
3008 2754
7356 5499
3096 591
106 4018
1805 5748
1481 6070
7791 9780
5652 4696
951 5862
6742 7787
1455 7248
3228 8506
504 6142
134 8920
9860 2334
4045 2869
5088 1401
8368 8185
1993 8475
2204 3798
4223 3685
9868 2015
3465 5520
6711 4417
1383 3454
2204 2839
702 5432
1345 1206
1575 1480
127 1436
3815 4173
4305 8904
5574 2674
7089 7567
1149 9294
1365 5372
2979 1234
7388 6445
6755 4099
863 8139
7553 3067
978 8255
8500 2324
9462 76
3805 9590
1513 7620
3763 5819
6525 9337
8493 3615
6905 9642
2909 8271
5015 5889
9506 2403
2334 6262
6502 3197
4401 4056
6265 5380
2311 4766
7705 1773
4843 1510
1364 6356
9131 5127
2176 5657
4465 669
9272 1371
312 2181
9642 5328
8070 9149
7731 405
5411 4234
3603 9813
8290 9869
5194 602
4636 2899
2376 9479
4410 3740
5836 3542
8867 8012
9200 3333
8682 8472
4704 8994
654 4347
4322 8725
3496 2054
9130 8908
6289 2733
8722 4579
2603 3917
5182 7239
6817 7558
6718 1227
1299 2555
4770 166
568 3970
3499 9250
2443 8204
8244 3097
2551 2567
1822 6047
4621 953
4956 910
3687 3679
5490 6290
7596 673
3529 4413
8231 248
5641 9531
2803 411
9697 3372
4382 3197
2622 6826
1401 867
9924 3952
3434 1747
0 8056
2700 4957
8967 6387
8636 4457
2677 6232
5131 6207
645 3362
6455 6286
2894 9259
6698 2591
2631 1081
5789 5254
7907 7191
6121 7832
1144 9556
9579 1145
7612 2279
6102 6580
8667 4738
1037 1345
971 6169
7552 1616
9531 4007
7903 2425
3267 4601
5017 5899
5683 807
1153 3591
7999 7275
1423 9143
6831 1002
288 4444
3282 6391
1024 1949
1129 2062
3294 2101
8231 847
3717 7763
4855 1621
189 8122
6223 5207
4021 1906
6015 5175
5497 4014
2450 6920
3157 9282
7923 3446
3727 1206
9837 4752
3155 967
6815 6450
3068 5047
7298 6786
2810 2153
8407 3000
275 4630
8208 4297
6537 4223
9473 2035
8237 1923
8955 1395
1206 6879
4842 4934
8085 4679
9686 1241
5647 6502
7692 8716
1549 4990
5502 4360
7143 3910
7360 7419
8541 5569
1717 5078
9792 1190
7113 8030
3114 6069
9426 4320
2949 4268
9255 1034
8948 8942
2276 4595
5444 9968
3312 6993
4958 8814
1353 2102
2725 8714
9522 1266
4283 1239
6345 4075
2430 3459
2106 5544
9529 1532
9865 2478
5801 9120
3513 4750
8062 5789
9346 3507
5757 2658
500 716
1472 1853
2819 4198
568 2341
5464 4851
3581 1810
8927 6011
5269 1033
1556 4798
2566 1421
7277 8368
542 790
3118 8605
6579 2464
