1000 2
3853 8463
9530 2695
8851 9325
9515 6724
1193 8217
8316 5990
524 603
814 6597
7458 7874
38 4665
4172 8893
6123 4499
9658 7554
2994 9374
778 9553
8596 4631
8016 8126
7326 6867
7452 6842
3592 8646
5059 1908
4636 5584
2512 5451
2182 9971
3325 2220
4636 7498
1113 759
1997 771
8314 4991
146 9092
4544 8742
3724 2560
6869 1051
9428 4322
7893 3020
2968 2953
4929 7605
8537 7442
3056 719
7413 6382
2940 2050
3880 4054
2810 5877
4826 1124
869 4972
216 5414
3714 3940
7975 584
4991 7403
4906 2884
424 7874
5838 5353
5479 4375
2796 8536
5095 209
4918 8036
2260 8798
2090 5070
4676 6916
6194 5545
1888 6410
960 5603
351 8935
6188 5342
6338 1094
8227 6762
8969 4066
2116 4449
8441 4912
2985 3537
5122 7903
1573 7382
6702 3664
2453 1379
581 8647
6925 2470
5058 7885
8074 5410
6820 4262
753 3159
5356 8980
9922 4326
3047 2038
8775 1489
6951 1760
5026 2074
9664 6600
9456 6367
265 1910
7746 846
557 4672
3316 5616
2557 1390
1026 9378
5653 1779
2537 1009
760 2459
5335 3807
4498 4111
5296 1449
5872 323
3523 5537
6923 2980
1904 7189
4890 9651
8035 5448
4323 1352
1065 6881
2743 2091
6259 8396
3871 8796
9406 4631
1256 4742
8438 5754
8853 3735
7204 4725
4058 728
262 982
3709 2167
8171 8600
1819 6207
4048 6143
7560 5113
3024 303
7205 9284
8700 1076
8081 8106
5708 9337
2848 4147
5092 1702
7882 2296
6427 1941
3025 6690
2923 6734
8858 1095
5335 677
7303 9383
6821 4863
4497 9846
5167 1703
9130 3867
2779 7211
1974 8488
6549 4822
2635 1641
6524 517
3938 2952
2458 6963
9642 5382
3698 8501
6478 9033
9178 3781
8417 6000
8645 2915
5846 3812
4618 4976
7679 7398
2188 9653
5886 8737
4476 8521
379 1001
9039 4317
3954 1498
1281 3597
6881 4980
2098 3359
4013 1277
7140 2431
7277 5786
5346 3123
9598 9965
8100 7278
7364 289
6932 3250
9027 1408
1772 9406
2410 812
3724 6364
2310 5005
9961 9191
9985 2059
2551 3999
3336 9692
6430 614
5478 1777
3738 5076
1742 1838
2354 9106
2127 9286
2357 1155
695 4130
561 3106
4943 4285
9470 7253
9291 9432
6445 9277
1492 8997
3277 4829
8689 9708
5443 4167
1485 9181
9244 3228
1020 1598
2335 3147
885 4693
4303 1581
8823 4864
4688 3767
9150 4158
1021 8442
3591 7466
7720 5083
6463 997
9912 5153
706 5355
9320 2192
4537 8564
5420 5557
163 7755
8705 1049
2449 3008
2631 1273
7872 7319
5040 7023
1478 6061
5466 5069
3528 3186
152 9991
4184 65
5144 4890
5421 4465
7082 9958
3030 2503
5515 3193
259 4221
4243 2708
7229 6875
3981 5102
4194 9021
2125 5673
5083 7592
742 8611
778 895
8602 4963
961 3747
9853 6382
8213 6936
6340 1243
9439 1856
4437 9699
6077 8681
2407 3307
5556 6389
8409 9751
5411 535
5424 494
8127 6167
9105 8906
7063 7708
3869 8024
1456 3722
4407 9669
659 748
913 99
2604 5350
9798 8682
4031 2206
1989 9588
8596 399
9339 4007
934 4763
4502 9062
931 3607
7968 7994
1315 1837
6019 2772
5560 426
2441 6220
1175 3354
6319 3780
8705 6118
2462 2737
8325 4452
2325 6921
4852 1664
929 5786
6428 5431
4849 7360
9039 2818
5354 355
4656 1374
3127 217
1801 5569
6437 2976
8924 2757
6756 7629
8876 9219
366 7201
3672 2692
4123 8524
4357 5053
4311 786
484 9160
8146 9524
1978 3501
9879 6634
4875 3007
6851 6677
8576 3289
9653 7500
6046 6410
5130 4922
5629 5497
2124 9301
8189 6248
7825 2547
1301 2136
3333 1786
1297 1479
1310 3275
4981 1190
9910 9856
4197 6762
6534 2774
51 6187
275 6098
2597 5405
1021 8227
903 3145
7528 9092
9393 5354
1640 695
7490 4973
2481 8787
6453 3791
2063 1434
4982 1974
1291 9180
8736 7825
1954 8788
4013 2230
4887 6610
7635 5908
4838 8539
9054 2366
7631 8448
7720 9272
9143 5211
4245 1624
3999 699
5416 6063
2133 398
8037 3425
9578 6774
1250 1533
5562 5263
3763 450
1874 1399
6358 6712
9938 5413
9079 7570
3861 6800
6842 3005
2012 1088
4630 6011
1787 46
2074 3921
445 112
7346 24
6886 8597
1557 2449
3860 5321
2899 5735
6720 9258
2448 6659
4672 1528
4230 8533
8328 1072
1539 340
2160 6169
6351 3948
6215 8426
7869 6661
8538 5215
6685 5425
3812 8243
7874 7673
3564 774
3409 285
33 5857
6945 4705
7386 1175
3239 5714
2248 4778
6054 4408
947 2406
8357 7163
833 6226
3825 9372
1442 510
4797 5255
8754 2672
2928 2319
3447 6338
2605 3480
2196 9550
8185 9582
725 1424
5296 2973
6203 1351
7382 7150
3758 5740
4314 4592
1967 8139
3964 3409
8650 8762
8664 7404
1435 1593
9723 4882
7931 2329
8362 128
1879 6548
9710 2605
7973 5007
5579 4176
6358 2962
1327 117
8702 5641
4709 669
3781 8674
4079 2431
7437 2743
9836 8872
4337 9560
3754 2269
1889 2117
2397 3769
8666 2107
6374 6639
7115 1954
815 3473
4916 2143
3591 3619
7785 8301
4289 1566
6975 8368
3998 4412
1112 3835
3285 5449
3395 7039
7719 5285
9157 116
9054 7824
2224 5429
4463 9339
7383 5279
2813 2300
7422 6404
5919 5207
4706 208
6774 1681
8577 772
6094 9689
4608 9379
5138 8004
6419 2858
3289 5577
2974 2344
3401 5199
7774 7864
4539 5158
3144 7352
7458 567
3757 3378
5775 8463
3587 2549
145 2164
3322 6239
1853 7931
5619 6992
5935 2038
9850 9224
7615 2825
1569 1016
8024 9344
8881 2563
4502 2025
9916 1960
2593 3674
5339 8368
2137 8926
918 2283
1090 4241
8523 2944
2172 4142
9936 8107
6180 9786
7332 3795
2612 8902
4812 636
8246 3693
3200 2748
5719 3116
4709 8312
6790 48
6681 8928
8975 7600
1212 65
1841 9735
3009 4014
3877 2946
2122 57
2732 9454
3853 5344
8357 8665
5981 6603
2359 9181
9352 8078
2298 4061
6391 9089
4110 3073
8018 3085
674 9230
3151 2516
8965 6160
6530 2842
9106 8652
2900 1839
8107 6753
7184 6464
5419 3166
3067 7779
2347 2420
5858 4646
6481 2249
3735 592
5323 1753
3677 5997
983 6828
8513 9949
2989 5044
2791 2096
3697 5692
3936 1804
2446 1120
8268 7866
4287 1336
5645 6634
3757 1503
1281 239
3753 5016
831 9076
6770 4509
5074 7754
1338 3588
7703 4327
8633 495
6424 2330
6187 360
4134 8634
1481 2403
6500 5768
3740 2145
2403 7497
3649 3684
7736 7402
8701 8568
6479 5471
3077 1554
3226 4415
5142 929
8743 3775
1425 5167
6106 7612
5527 241
6247 7008
2644 2747
2776 6385
4893 5179
3883 8542
8863 1619
5945 7565
187 2424
3037 3265
3978 6263
7680 9121
7192 6423
2897 8617
1590 9003
6230 7117
9244 2478
4126 1889
5225 6902
8275 119
2082 2158
8661 946
3778 4607
8511 3966
7031 1548
7231 1010
7812 4911
131 5005
1335 3028
3623 2926
2032 9854
43 1277
2332 4170
3166 7557
1073 1441
7677 3155
3599 6339
4101 7377
946 2613
1344 7977
4162 8575
8987 1974
3487 9118
6979 4822
2147 602
7748 4180
457 7792
5457 2789
1962 8623
346 3035
65 8024
6191 3665
4363 292
1043 5309
2906 2387
3286 7068
962 2274
9042 4449
1393 6022
9272 3540
6625 7020
7721 7082
4813 3178
9871 6776
1802 218
9811 1867
8242 6002
5533 2606
6295 6577
7915 9201
8964 1201
6270 9927
3476 5313
4377 4869
1336 3650
8410 7961
670 6131
5044 5484
9309 4916
2260 1112
5135 2072
2980 3378
8074 8513
5984 4370
5090 3899
3572 4055
5101 9842
3983 8577
5156 8360
3447 6492
2010 1857
4454 2681
7989 9498
8165 7299
4414 426
8411 9550
2498 1391
2928 573
9904 8913
4943 4995
2812 8516
9051 7914
8358 3034
6492 3515
1395 9939
7 3405
1797 4461
6087 9786
3959 4253
7085 8374
4679 5496
7925 7177
6887 853
7751 6792
9766 2694
1788 2579
1210 839
493 9569
3874 6986
3085 5269
6925 3092
8674 8722
7553 4762
8508 1513
9015 5594
9888 3695
1090 7813
873 7978
8667 8624
4771 8434
1318 6559
1013 2529
7399 1507
2099 1273
8493 5184
6542 5419
8277 5217
4142 5830
9979 2650
7344 8995
8245 7232
2690 9335
5046 3563
7314 3713
2187 2085
2148 3506
8645 3162
6036 6044
4669 8136
7317 3163
3321 3860
8583 1598
9077 2725
7429 9057
5376 4773
8052 3621
2006 742
2957 7052
4306 271
766 6494
2357 2915
0 1002
6077 6037
7047 746
4174 4365
3910 7495
8225 2493
9093 7303
5218 6523
6360 595
1296 4412
4216 3303
5154 7173
356 9461
7445 1123
5955 9802
4038 5956
804 115
1993 7851
861 6167
2216 4772
3662 442
7266 2756
7745 2485
9279 4105
3080 576
8517 7296
3879 3672
4470 4235
3133 1915
5358 9088
1718 9396
5044 2523
9511 7038
375 373
3206 2592
5146 6869
3034 2412
9625 780
4897 8905
4885 7978
9482 3403
5274 3361
7075 9745
7597 209
1660 2956
9298 3379
2353 4343
5902 1865
1381 6277
2239 4587
8869 7385
1457 1904
9798 1082
2684 4696
9988 7570
2674 9470
973 7949
2832 8049
7694 429
8258 9354
3386 7557
2734 5739
1900 8636
7605 3282
4914 9844
7870 3783
7230 9327
5688 7028
410 8372
1725 398
5942 4399
9869 6916
2348 2701
4965 42
3131 3224
9397 6517
781 2131
2257 2682
768 9862
5965 5682
9707 3836
9466 6937
3163 5154
3966 3574
3527 5691
3973 9470
90 3842
6386 2439
6544 1351
2481 9676
4576 1879
6193 5358
4011 8451
8040 4779
8314 4006
461 8021
7842 9928
4958 1006
5082 8925
4580 8610
4616 8554
8080 4707
2397 4466
7146 8941
5818 9628
8617 394
1507 4811
5752 5518
3263 3793
298 1577
7799 759
9598 5641
687 4557
6648 5770
3482 1229
4380 8099
9783 2461
2806 2180
6927 9952
1122 2745
9580 9739
3140 1088
4551 8892
6606 7814
2685 6904
9392 485
7664 8991
6127 8352
3549 2775
4123 7032
4005 8504
5131 3788
965 7937
5969 7892
7890 7091
638 7470
6831 3778
8559 1383
2671 5165
9198 5356
2070 8590
5842 9735
7581 1969
8087 1130
4744 2211
8162 8749
715 3293
2538 1680
1231 8508
9572 9122
5600 211
6593 2432
3989 5152
3815 6661
317 3013
2017 2388
1604 7860
2123 9185
9829 211
316 4574
2422 8478
3324 3137
1772 5862
4817 3004
4371 4390
2126 9971
4601 8719
2403 8591
3871 6219
5252 4189
9233 7270
6577 837
5130 8701
23 4960
8912 339
9534 1335
8818 2858
4472 590
8721 9290
3595 3092
3680 5722
3064 8282
4441 5467
6874 8313
1687 2127
2502 920
9398 9080
1757 4529
7782 1781
9489 6695
2120 9024
8030 938
1882 2503
1529 604
1793 5125
3697 5474
847 6761
3757 5288
2229 631
3602 3916
2759 6105
4837 2157
5186 6595
6686 2968
8376 6176
9663 496
5200 7694
1435 7083
197 2964
7687 1990
8089 1385
7465 8936
8147 1222
4225 376
1853 7827
4293 4613
3932 9131
6770 9118
5726 3457
2087 4102
9633 1751
4599 4833
9445 6034
1917 9642
8999 9605
1633 7089
990 9098
6026 9137
320 251
9514 2174
8079 3808
6787 2012
2940 3558
1131 8666
7015 3219
2769 6648
4970 7369
1482 4415
3404 3399
4058 2403
3005 5691
9492 3995
4789 5518
3133 5110
5770 2648
7285 3850
6457 4072
5863 9397
7630 6994
8064 4646
213 833
1294 5183
8203 2777
9599 1607
6177 3657
4010 9182
9348 3503
3178 4138
9022 6312
9249 4793
8961 6534
8643 5418
607 4506
4816 8237
1501 2880
