1000 2
7162 5728
7010 2839
9673 9527
9241 4298
9898 9315
8539 8610
7277 2678
5073 675
5558 1371
7971 1796
5747 470
4496 5503
1816 160
5854 2290
3878 5246
4715 1041
974 1725
3881 648
1253 3122
4946 1152
2438 3486
9762 9716
6165 4835
392 1723
6207 8363
3519 1954
8834 8016
7458 650
8177 3312
2941 2056
8559 7656
3097 9533
9382 6979
181 635
102 5128
1787 2541
8614 1550
2257 4780
6386 2650
6503 2593
1013 23
4548 9847
8039 2006
498 6217
5319 3439
8273 3878
1096 1371
3412 478
8350 3594
1114 8452
8722 2902
993 7337
4452 3251
2117 838
5901 8621
3432 6915
8644 7981
6763 6684
9987 7261
2901 5307
701 1174
9186 1798
2545 2598
2277 896
6192 3391
9348 4915
6294 342
2253 746
3594 4370
1585 9496
2992 5017
6411 1636
2998 3175
8321 2986
437 1222
8294 1139
2397 7480
2937 4943
78 5214
5839 6271
8606 5188
1187 4901
5531 3440
5647 9125
7811 7233
8621 803
2251 5033
2440 5250
8209 761
8237 8646
1984 6531
9785 4382
4011 2722
9325 4090
7937 5165
362 6544
353 1549
1445 5884
4990 7093
5010 2801
4327 3631
3605 6578
8665 6045
1828 6874
6807 66
5520 8791
6597 5306
3174 608
8029 2499
4699 5966
7664 5061
2511 8018
6611 3957
3902 1601
1051 8913
4402 5378
2545 8007
1957 1210
4053 3786
8085 860
3852 3606
9652 449
8912 2826
1058 6941
5326 5758
2908 2991
819 5420
1009 7430
9378 4912
9032 429
3825 3434
5808 6370
1442 7766
7581 5496
1552 5667
6357 5405
9274 6009
5855 8186
8836 6913
5128 4162
2672 8037
7153 3491
3458 8163
922 2836
3076 9954
3265 6902
3389 9074
3273 4832
6840 854
328 8393
6522 6685
3798 5796
2695 9653
3983 1531
6567 9112
5694 9239
7149 2848
2731 607
1011 3654
3444 4087
3608 6710
990 6998
5784 4263
1830 2625
5117 2159
1018 1640
8844 4816
7436 1540
4469 1419
3071 1037
531 8765
276 7681
1613 3008
8289 2625
6662 1733
6713 270
8443 7703
7269 4228
1966 9099
6853 7084
1258 7871
8724 103
2687 6161
1643 7157
7581 4715
8194 8112
3481 8471
5794 5094
1479 4083
7720 8141
5817 4433
8412 4260
2137 5682
8489 4103
4781 5342
1187 6040
3213 9912
6144 5901
6073 7788
3059 3654
2503 1254
1767 5985
9725 7561
1079 1205
1645 8800
9347 7462
3233 7759
1723 5370
3442 212
9474 8223
5555 662
4264 8769
574 409
4670 6648
8197 7730
303 701
8984 2071
6686 8710
9633 7766
9915 1278
6566 9262
8741 9800
7022 465
5171 464
678 4646
8688 6233
5308 2953
5003 5883
3362 9674
2532 1560
7404 2835
2261 6388
4907 8948
5098 4540
6714 5014
5819 3281
4276 4560
3082 1299
5026 8254
1763 5704
2900 452
1938 8208
3405 6941
4091 6767
6615 6623
8328 4020
9459 589
408 4366
9538 5507
8906 6253
521 4725
9535 4798
9286 2617
6097 4313
871 7860
18 3771
8312 1956
1979 1717
8898 6071
8485 5513
2695 6813
9534 2154
7403 9942
6520 6941
5450 5427
3195 5971
153 2730
769 9440
5347 6866
3753 6218
4727 3771
9990 3039
5728 1970
4757 4626
8041 3243
140 736
57 9674
2891 7460
9617 9412
4402 5067
4839 7597
1039 4993
327 1808
4434 5675
8675 8187
1894 3403
1959 1884
6442 7687
3855 1200
2314 1896
4444 2454
2633 4501
2129 5525
1962 1746
4937 6364
6813 9777
3962 7852
4771 4290
9661 9205
9965 8337
7392 1859
1740 9352
3744 8183
7040 7599
9384 9354
9496 3828
1808 2130
8330 3937
7655 292
5684 2593
6657 2497
2370 619
350 7141
4909 12
6346 4875
8350 3739
6734 90
3092 479
8274 132
8078 7658
9486 7575
1487 1295
9705 9817
5233 7360
109 917
9954 6767
3415 2324
7386 3766
9466 2296
3779 5813
7171 2129
9553 3905
2220 2645
4385 495
2778 2463
8153 2264
39 9641
3560 9744
9459 8794
7105 9569
9712 7059
6336 3127
9384 3722
6894 8851
6018 674
4664 3189
2803 4218
7095 5024
6863 1480
5519 9642
3944 3673
1907 3983
3314 5467
3728 2773
4261 833
2342 3974
7893 8679
7101 7278
2401 3996
6129 8420
4670 793
1609 7474
5012 8705
2499 1876
185 8018
1518 4130
1692 3425
8113 5007
8893 1842
7780 3154
2676 123
7128 569
8803 4230
7848 1204
8227 3977
9624 2898
4771 1234
372 9783
9940 2872
1659 125
890 3177
4256 2582
6603 2370
7590 5496
4212 5371
8651 6888
5495 5780
7458 4298
10 5306
5502 8238
9284 5127
1136 4055
6362 1509
3839 6302
4381 5498
6428 5272
8676 684
7855 5279
3055 5445
775 7267
816 9426
4156 6311
5207 1615
609 5217
6922 6112
3456 6206
1240 4593
262 7602
6102 4101
3905 484
9599 333
5756 8276
1018 3612
3555 4073
9057 4331
1341 9873
3758 5497
6185 8965
7112 6794
4183 4034
2907 7640
241 4147
2233 503
1749 8335
4604 5655
8820 4204
5988 4576
2480 7007
8188 6036
1081 7246
368 2422
7120 4127
7919 3305
3093 5032
100 7276
9067 3007
4916 9309
7154 7150
9812 8904
5486 4417
4559 4306
8621 548
8883 1102
7555 7072
7139 8637
4318 7507
1059 1438
1635 8979
4744 4728
4012 4844
2004 3079
7852 6921
2389 5007
4072 2201
3912 9558
6619 8471
3864 5240
9020 2747
6343 6576
9820 3482
5213 4138
990 6272
5577 2625
5251 321
7353 9264
5166 9358
2344 3019
6280 4733
8026 352
6935 1938
9910 3554
410 3775
8795 9430
6523 5138
6006 6343
8621 1220
482 9612
7492 6059
2237 2744
6381 9591
2009 1548
8950 4353
4567 5230
9086 2593
5583 6021
4532 5493
9575 4942
9269 8371
4373 5792
3509 380
2135 2131
1600 2617
1743 9093
8677 3981
1838 5058
3573 3847
6607 2523
8200 1174
7754 7287
3768 3337
3308 8300
8831 2884
3243 8100
1255 7616
3892 4765
7996 6028
6896 9597
8646 8640
8691 7323
2622 529
2382 6196
4377 8989
8719 2578
164 6474
9865 3932
9811 3173
2232 8642
6058 5475
6743 7313
3092 635
2079 1088
6664 8976
686 5310
7617 9377
2634 239
9907 5017
6435 4284
4006 5155
6862 4170
1629 6727
8102 1441
9901 335
84 5960
5811 6827
3274 8903
7463 5353
9991 4127
4329 678
9437 1946
55 2071
2186 9962
7089 8622
4246 1095
3778 1109
5266 5408
7837 3369
6850 7739
3705 6934
3699 9516
3761 6973
8419 1224
2326 8411
5352 6656
9089 4789
8603 9144
6861 790
9107 3950
9413 3354
5046 3191
4463 313
8600 2301
3683 5450
40 7388
2384 3739
6904 6146
712 5324
7371 3039
3735 2723
9696 2824
7513 8299
1969 4375
9090 1076
8325 8503
4431 3372
1694 8895
3685 294
1196 7368
5745 1236
4757 8129
4975 1662
4276 5688
6986 1648
8728 721
4371 8424
3545 1885
6724 5515
6260 5814
6592 4586
4317 1023
7958 6012
9918 1644
6306 1114
9013 2051
2351 3770
181 7327
5432 4458
3016 2418
6106 1744
3140 478
169 6685
2363 6893
2201 8623
2707 8793
3210 7025
9816 1168
3037 9734
2812 9344
849 1825
1396 3201
5596 1577
528 1029
6036 3544
3447 2142
5288 6587
2621 5457
3273 4984
2351 5475
3608 5058
4268 6818
2083 4084
7987 5121
3819 800
4465 4669
2626 5861
7870 8222
7439 8398
9251 3475
1943 2699
5618 7231
9287 8239
2689 2561
3224 5040
8036 6833
99 2305
3652 2183
6389 1640
7304 209
2440 1770
4879 5066
7631 2749
3289 5071
1148 2541
8546 3091
5240 4165
323 4528
2405 3013
7090 5630
8054 5127
2463 8154
7432 6116
338 3821
7756 7643
4031 196
9413 8910
5263 7045
1660 8552
2116 2808
1093 663
5900 6334
4828 6224
863 7233
9238 7953
2863 7292
3080 5327
5447 512
1443 5785
4334 9200
3428 8366
9396 2841
7276 4659
9886 8937
3212 2002
1746 4305
2666 7647
640 7494
3871 1503
4728 3109
9456 7592
402 2537
2920 5849
3050 4363
1635 7384
3564 5063
5751 2960
7904 3027
7620 7791
1965 832
9794 3711
5138 2460
1358 5779
9954 5230
7282 4683
8340 6739
2275 8742
9276 5195
4592 2327
9559 6227
9711 3123
1290 5462
6084 9195
8490 3704
6986 455
4537 6780
4167 9676
9240 5525
5455 9195
755 2738
3878 9095
9477 6154
7838 8754
1349 2431
1081 909
8658 793
4032 9949
6256 117
9145 4747
3821 6131
5203 8359
2912 9370
8036 2153
4895 3492
1348 5651
6231 5227
4746 5709
1381 2585
4464 2731
5016 5546
3640 3675
6339 7673
3624 2596
7790 2769
7344 1612
8901 2547
9972 1813
1918 8008
3966 6814
1501 5315
2465 7732
542 7212
3441 1924
9797 7905
4655 4814
3451 8296
8489 9791
5969 2114
2388 3759
4883 9732
5372 3785
2280 5344
5598 4198
3353 9565
1012 4854
4881 3478
2587 5424
690 6028
7348 488
3934 2004
5303 7386
300 3792
7178 6270
5906 9566
30 790
9299 5402
4575 1579
746 174
5777 4099
9740 6790
8953 4621
268 1541
46 959
7569 7394
1448 1504
9399 6751
8890 9700
544 6068
5970 6450
5635 6000
7241 4934
1402 1816
6513 2148
1991 2291
6248 1731
9081 5202
6353 9350
6743 6399
310 4313
3794 1758
5817 3193
8510 4708
2893 9054
777 8863
5505 6412
4864 2747
1347 6266
4564 7861
8415 6555
152 4663
8286 9234
9865 4640
8585 6609
1039 8895
922 4833
654 6739
8027 9165
1448 920
8219 2225
9784 3725
8638 4649
6472 9985
915 1036
7846 9331
7592 7999
3995 5879
7234 3861
519 5819
470 1558
4715 1392
6392 5369
8132 4419
4534 9580
5340 2754
1805 5125
6480 444
9774 2953
429 690
3990 8276
22 1582
6276 4017
7462 3510
7878 7981
9330 8349
9540 4045
9741 5932
9415 7873
352 3950
7453 5693
6705 9259
819 3186
9703 594
6139 133
1285 130
8410 1307
1713 4687
5325 9175
8197 3204
7156 7528
1553 6696
1574 1295
2629 989
9168 2982
4940 6622
8676 1646
5882 9495
4832 5586
90 972
5720 1375
1102 4131
2682 2815
8818 8008
1990 7016
1212 9147
4544 2765
5844 6119
4060 8473
7109 3229
1456 2049
9852 133
3695 5734
9628 8528
1321 9719
9500 7041
1094 602
1173 3777
3418 9991
1785 5409
7008 2997
4556 1553
5763 400
7672 9824
8874 4781
3054 330
6830 2906
463 526
8641 92
9054 9963
9811 8555
7005 905
9158 8178
4683 2576
8170 6468
7985 5178
9466 2541
6731 5229
2942 4403
5054 1816
9184 8108
2147 6015
1015 2611
6542 9657
2703 5597
9620 2515
4152 6625
3421 3310
4804 8104
5887 2974
4573 3872
8152 4039
6414 4884
9269 9356
9287 4323
1173 8472
2431 3320
4488 3447
5931 1030
3104 8635
6628 2725
1150 780
9351 4572
4090 4155
2677 9977
7129 7250
3850 5282
1289 265
166 558
9622 9454
4881 795
7927 7313
4115 2415
760 47
3446 3865
8683 74
6590 9834
854 5942
4406 4945
97 7083
4923 7227
4333 8774
2509 5623
9039 2676
6181 8661
2130 1063
9456 57
8376 3572
2473 9137
3620 5919
3003 2303
5994 9594
2138 6849
5536 6544
1795 5633
3628 6719
2861 7962
5493 5370
3585 4532
8046 9766
3194 177
829 2651
235 9206
6223 2708
8343 9844
8628 1346
2148 4622
941 4286
1472 6477
831 3267
2111 4459
9986 4972
2421 5479
343 6006
12 8389
5772 3206
8567 6602
5858 8802
5808 2082
1510 4152
1926 139
5499 4074
4761 6440
8361 6233
2918 9192
9501 5029
3651 9487
1 6073
4967 345
2079 4980
8735 7852
8187 7302
4455 4045
6104 263
6127 7615
4416 8053
7754 9915
2128 2516
6355 490
8750 9273
9682 8251
4303 3334
7739 4305
9407 2707
4650 1487
