1000 2
9913 5286
1077 4897
310 9635
9757 9496
6673 5025
246 9645
5694 4596
8223 3451
1314 78
2589 3495
3580 1715
286 9706
9554 7855
1784 8212
6282 843
8998 6195
6129 75
1093 6440
9711 850
5936 6385
5876 6182
6030 1571
779 4254
5023 2093
4332 7612
5589 7913
9328 5875
7619 8882
3730 9404
7095 13
247 6093
6208 6377
6169 7302
2817 5881
8153 8753
2266 4029
4936 8296
5601 5716
2551 624
7810 6883
8237 3399
4796 7565
9274 2416
6448 3005
1820 3543
3018 2068
9637 9227
8445 5806
6529 1262
1687 4682
16 3953
8712 4953
2250 4313
669 4801
4938 8479
1685 3175
1879 6481
740 1153
8898 7188
4159 718
732 7177
2787 369
6405 1232
6175 2934
2495 7863
7617 2512
1817 6330
7466 4067
643 8136
8869 5582
6616 554
8757 8495
7036 9498
9648 5934
6687 3808
6653 7419
985 9440
7789 7391
673 3965
325 3168
1828 7943
5681 3646
4273 3147
7713 4917
1283 6583
499 7899
7137 9257
6394 4174
8755 6043
109 5443
9851 6762
2863 837
6202 652
8228 6876
4617 8554
44 6446
6498 5726
92 771
8873 7806
5689 157
4390 6189
8056 1528
5446 4451
5702 4202
494 5811
9645 346
2574 2509
1184 8777
3161 9413
5653 7779
7967 5698
4226 4465
1424 4319
5237 297
2126 927
455 6516
7116 8511
8044 2563
2962 3747
6765 3457
9559 6411
3804 2133
8920 4988
911 2082
4401 6564
9862 2369
2262 4088
6835 3687
8408 2072
3985 534
2999 4440
7051 116
2951 5096
2679 5914
8844 9445
9372 8403
5857 3176
537 4778
8165 1448
6860 2567
8013 6723
4936 275
812 1772
3963 9220
3844 7948
9755 6844
2388 6806
6961 5340
1902 9640
1255 746
9086 627
9150 4943
3804 9687
9722 1970
1136 6583
4537 9149
3306 9474
9425 4118
1246 3388
3338 5091
1337 3093
1936 3725
9900 8897
9066 1802
8538 321
2549 7625
948 1699
2569 4753
1387 2291
6723 2523
8874 1260
1673 2180
735 1098
6299 1982
4487 9638
7073 5824
2732 9010
9549 2632
7908 8616
4435 6447
8937 6984
4072 9886
8684 6641
4639 72
8933 1362
2596 7807
2623 4269
9988 3359
5367 6288
5341 9855
5926 2414
5679 8658
1425 5229
1290 9333
3845 5726
5780 2782
2710 9853
2668 1395
6495 7308
1468 5428
8670 4064
3236 1294
8333 3225
4653 3701
9513 9994
3556 5439
2409 9236
4098 3834
4465 5389
3168 8311
1115 8948
1094 3826
8802 3763
5222 5297
1071 6690
726 9742
754 3962
1037 9088
7187 5690
2790 6701
5685 6347
2140 8094
5583 6239
1929 49
1628 5097
8360 2743
4046 9454
6570 2848
3217 1792
8146 4289
8482 8872
4031 9237
2834 5068
8325 22
759 1116
6723 6444
7463 8864
4539 3046
5103 6468
3095 6732
1566 1456
9476 5613
910 6046
8462 4128
7839 6608
8417 6321
5480 2449
5559 8315
7517 3885
8337 8276
5001 5061
4721 2464
3925 9260
5511 9029
5729 8607
5762 7296
63 5238
2909 974
1285 1371
5103 9124
7980 3521
5446 3461
5970 1006
1776 3487
4891 114
1764 9892
5176 6485
2357 9102
5746 7869
8131 1475
6476 3894
8772 6540
9132 1681
7515 418
3053 2618
9543 1033
6139 4989
4494 2110
5996 6271
5597 887
6386 7362
780 1562
3848 3138
664 9594
1007 8796
1070 7483
2690 9842
4024 1823
1524 1539
2241 4577
4158 1785
5611 298
6774 105
2408 2771
6377 8006
3658 2763
5369 4439
4326 9217
7577 4990
8811 8584
3787 9882
6068 6477
9724 92
8301 1248
1632 542
5826 5790
2327 1437
6089 9102
1543 8497
1873 7920
6504 5532
684 1873
9971 5011
1090 7548
1 9902
6133 3788
9784 2201
266 9509
2293 8567
758 3926
9110 6584
9716 1438
8021 5805
541 9565
4303 2415
7486 807
7947 8171
2680 7919
3182 3770
5468 3183
3672 1601
6972 3457
3802 7239
2966 6096
5807 3724
22 4917
309 9739
6356 8330
5544 6897
7896 9848
9313 5382
655 7261
3553 3335
5180 6735
7106 648
9919 779
2250 6892
4236 6052
4131 7203
2149 9939
928 2171
4856 1237
1910 1213
9568 7455
8111 7464
7303 7424
2846 7959
4685 6400
1295 9866
3135 8401
514 3055
9181 2765
9947 3418
8817 4079
621 967
4018 1549
3138 8875
2787 5049
88 2355
2504 8199
9820 9808
5623 2666
7767 309
9067 9062
175 2202
7464 690
5257 6645
3455 5205
63 2273
9284 685
3240 3302
2234 6379
2177 5022
1428 2266
7378 3932
466 7198
3741 6090
9864 1508
6399 8931
571 6574
1134 8035
7265 6392
4680 720
1597 4744
2993 881
5429 6234
4184 7664
2613 6361
2686 4041
8628 64
7974 9094
7262 1715
5184 7127
3224 1583
6059 3796
8158 7194
1831 5423
3586 6512
6143 5183
1256 9137
6065 6686
5371 249
4350 7985
6611 7037
2027 5239
7101 1
4334 4364
1717 9518
1492 4942
1102 7552
8738 9260
4746 569
4684 8333
7082 827
3516 8339
9965 9582
5025 5337
9832 9375
3322 6443
6412 5350
1683 3514
5351 6017
7878 7069
5536 9370
2011 6638
6922 749
5899 1669
1319 583
2 8402
1411 3519
6741 1376
3101 1766
6714 2934
1141 37
9377 7554
5387 1061
1068 738
7078 8947
7808 2615
8318 9819
9253 5241
569 5152
6910 1889
5735 6912
291 7147
432 7032
8523 3534
8799 5237
6468 9940
5275 5845
7495 662
6907 8563
1401 3986
7510 9209
6601 5828
9029 5855
1069 9598
1007 7980
1488 6743
4893 1779
3890 5325
8812 2414
8859 7611
7652 5327
7552 2927
1173 5047
3590 8080
3610 4991
2066 1121
4200 8668
6950 3230
4523 8020
2829 5531
6000 4317
2274 893
6097 6165
6218 4909
8580 5078
2521 6232
405 73
9160 1579
5121 2750
9659 8732
7741 1726
9853 1942
394 6803
5172 4917
4824 8001
448 824
2319 2723
1718 8416
8889 7937
3326 7469
3015 5847
3702 3421
5921 2862
5000 1042
5612 4660
9774 3354
6386 9628
5297 6781
6432 469
1699 1256
8471 2148
2080 790
4872 3799
9206 3762
1736 2532
1231 4751
8380 4934
8172 4301
7797 3173
5344 3410
7833 5118
6764 4220
4747 2061
1002 1179
2531 2702
2435 1003
4850 4516
1793 9723
8315 1000
3485 51
3533 4717
4803 1914
9651 2976
6216 7448
6149 1560
858 3983
6679 7623
8204 1426
9684 9207
2605 2216
1909 5041
3219 6759
9557 5013
6482 7873
6014 9968
7924 9548
4685 2728
1463 4336
5704 7679
1784 1853
9239 2643
5837 5918
266 4041
7344 9950
3248 9950
2167 5157
4991 5387
1917 4548
401 8400
2422 6416
8368 346
5964 3053
3074 7427
7389 8778
5107 9174
632 4346
1817 6470
264 2083
511 7609
2034 3760
7559 4202
8918 2550
9589 836
7099 9991
9236 9521
6407 7605
9868 2372
658 2943
9800 8048
1722 4907
7223 2354
9253 9041
8824 9518
1125 9336
7127 3160
3097 4687
7362 2015
7238 6952
2851 4337
6943 2088
3859 3351
9693 3727
5723 352
6671 5523
8401 8393
430 5625
748 9683
4666 9573
9202 5792
8909 6330
8952 2007
1017 6315
4022 8255
3267 6874
2593 211
8963 6452
3563 8657
180 9286
9010 6851
4809 7411
5245 5240
3037 5993
4924 7703
5566 4126
3495 4476
456 2447
6483 1474
8763 506
9729 2031
7381 2323
2242 6345
8776 5805
5002 8956
5092 4012
5808 9902
1424 1053
5142 4461
7047 67
2165 2613
4193 5661
7090 4650
8109 3573
6124 6872
4080 5854
8903 1461
8177 1146
7806 6953
6952 2809
5910 2044
6821 1719
1946 8246
2773 7089
2708 9820
7156 4873
2434 1350
534 9524
6000 8643
3098 2125
5516 7178
7979 4419
8639 6156
5565 6446
3110 2517
9255 9021
4562 6077
740 6509
4323 3513
3598 7032
3334 755
1906 5768
2105 2440
5293 8106
1084 8391
231 6600
5569 8210
1020 4209
4367 6585
655 7478
9103 9910
6499 3665
5987 7239
174 311
753 3773
7343 4087
4528 9250
9856 6634
1690 5149
4740 2775
3540 4972
9376 9110
3183 396
3319 7550
6982 3974
5028 6085
3885 1527
9750 9872
8767 9924
184 9520
3697 7528
3608 8226
6778 3464
4861 8469
8614 9602
1245 2155
4574 621
1265 7757
1018 4585
5308 8000
8559 337
4085 2444
1865 3835
2317 632
3760 2501
153 7458
30 3761
5685 6808
7225 546
5277 5839
148 6522
7994 4723
7144 9260
2481 8162
3845 7789
6162 2405
8127 248
4849 9992
4084 7167
624 7844
9669 778
5303 9699
4539 988
6507 1765
1534 1785
7604 1683
8307 5599
6406 5451
4860 8887
3614 8705
6677 9776
1110 4804
24 5960
4796 4108
3128 5421
1953 2797
6199 7256
2496 738
8245 9004
2503 9779
789 108
1463 9097
5708 7869
4549 568
6757 8163
9274 3434
7939 385
8238 7964
6346 3035
2073 9474
8457 4027
2272 4656
1284 4769
5395 9529
3773 7899
9308 4563
8008 772
3660 3716
8641 8209
4285 5398
6372 3560
8833 4312
3946 7072
2277 292
108 4351
9767 8565
8378 2040
3222 9662
6809 8617
9191 583
6517 8500
5147 4525
9272 8807
8242 7914
7017 2528
3313 3390
6089 2146
7703 35
9219 9980
328 9327
4331 96
7892 2710
2136 1114
2373 8946
9732 1565
9530 6249
65 4677
775 9338
3485 9018
7252 503
1546 566
3893 7635
2713 1596
7671 1932
1576 7999
1260 5908
8096 9152
8619 233
267 992
9180 0
2557 8710
6250 2623
3388 7025
1961 6873
6043 9214
7376 7590
9781 1270
5226 2494
2866 2897
4426 4443
897 5686
352 8993
4839 8971
9227 5107
9963 8407
5107 2521
7117 1358
5144 506
8383 7106
7379 4427
6321 4756
2017 6102
6026 7244
8596 8893
141 3023
3336 1039
8710 3688
33 3550
2660 9260
8657 2624
7667 3765
5145 4785
5123 290
5291 3507
7396 2671
7935 3717
7428 9953
9819 3455
7197 8416
2348 7338
1439 5685
8377 150
9374 8410
3700 2034
7671 2358
4658 5338
6124 9803
124 1247
93 5415
4755 7490
8087 2690
1207 5515
2643 1027
8970 9840
9444 1319
7179 884
7004 5557
1034 6378
3968 4734
8412 1639
7093 3071
6977 3217
2875 7101
4465 2969
2517 9220
459 605
1910 1667
6120 4554
2695 5091
4394 2139
6410 1574
3023 3415
7131 4058
9793 1099
8793 8206
2738 5886
1278 9716
9103 4153
6818 3568
7122 9335
2789 7582
9940 4700
9249 6061
9254 1944
1153 3649
4084 7563
5223 7107
979 2354
1165 773
3453 9959
8980 6191
5845 258
5908 4949
4412 2726
8518 1534
2062 1307
9116 2003
6007 8366
8064 5261
311 9218
8911 4395
6781 4134
1503 7761
6488 2669
8534 9942
2628 7514
6134 8473
7773 2042
3423 2185
4768 1941
3720 6830
3248 2837
8834 9256
1203 6899
4518 1514
6117 3429
5909 2899
7563 7413
660 4052
82 9194
3994 2710
6709 128
1184 4482
2170 4607
6668 6939
6549 388
3770 9798
3225 2604
9054 4429
9503 3573
5943 5620
7002 1853
8519 4566
9267 9180
8618 9349
8375 2613
2059 5084
2741 3244
9567 4911
7851 6235
1851 4400
6624 5621
4198 9849
8225 3253
4279 7729
6826 222
3349 3829
2076 1869
8395 1343
1049 7014
693 9424
9627 2752
4509 2368
5996 4077
7280 3848
312 9131
8249 6937
4753 2448
6786 2978
5701 1065
707 2528
1288 4057
6357 3365
5927 4752
4709 6977
1766 5402
6402 1394
8155 911
3762 4152
4988 1043
8001 5301
175 6250
2238 4928
8698 9025
7907 4400
91 8614
6928 1380
2672 3285
4746 8600
8038 9455
5577 9805
4858 1979
1199 3013
2891 4962
7166 7880
6005 5167
3181 6180
1418 5420
1108 116
4446 9015
4517 4537
7630 1445
5918 303
4731 664
8903 2769
119 4480
2574 4978
6460 3773
7992 9351
