1000 2
6314 2397
1590 6281
9899 3548
199 238
959 168
8677 4794
5157 2093
1370 266
4196 7440
7922 5868
9054 9104
3120 2568
3962 9766
8071 819
6006 6609
4506 2320
9007 6097
8601 8906
9645 8800
9145 605
8969 7822
5400 4126
9916 6770
4393 4113
4210 2316
9982 3265
1421 3103
5833 5383
2870 3904
6203 8876
513 710
1196 9520
6807 9798
8427 6453
8599 7572
7058 7568
5395 2459
1695 5312
9229 6088
9426 3439
8405 9408
6704 9826
2511 2537
5210 5381
6442 1413
4257 6956
2124 5454
6477 8932
5252 4904
5385 3851
2477 2444
1420 7873
4903 3115
3185 4132
9204 2611
7572 7609
2020 4276
7436 4532
6814 2647
9914 3256
4061 4172
212 6185
9626 6689
5117 4879
1594 503
8730 4071
2948 150
1945 7851
3266 5130
1984 2470
7742 9556
80 9763
3833 7517
4295 648
164 4209
3904 4226
8381 4117
411 8008
807 5529
2887 2402
6033 1618
6474 8981
1769 8419
6833 5035
3550 8817
7506 1293
8374 7587
1056 2208
5104 5351
2856 5269
9561 6761
9495 7943
879 9907
5951 1686
5437 8839
4089 1470
457 563
452 2227
8983 7285
7262 2533
6103 4769
3826 4478
2356 4883
6686 7460
234 9542
2730 9796
6304 2226
7739 7183
2134 3691
8870 7571
2531 2959
9042 2989
3523 9495
5216 2506
6781 2479
5040 2884
7248 8867
7363 9604
3750 4050
7065 3985
3592 9795
3781 9897
2022 1521
7080 4156
5213 5950
1728 7745
8910 771
734 2434
266 5950
4940 7047
8430 9981
9932 5678
8848 7296
5282 2599
1346 2347
6584 4939
2143 366
4836 4166
1888 1916
8322 7102
7867 50
4847 6778
822 5581
9212 1088
1532 4153
8136 9962
4135 8068
5641 2983
5365 923
5583 6711
3271 2167
1650 5415
2534 6486
9581 4422
8403 7904
1524 6271
7955 6371
3049 8777
1953 2262
9865 3486
6415 8001
3449 550
6070 9090
3534 1435
14 9117
8147 3285
1285 9797
8701 3819
6283 8282
8242 4687
6186 9767
958 4141
6139 4008
2918 8092
6270 2784
1579 2685
786 5028
3236 6857
4118 6771
8293 4132
5888 6440
7418 7174
6237 6119
994 2521
4402 9237
7209 589
9004 8167
4731 5143
2175 7650
3235 8445
434 4814
1131 1220
9843 4368
8078 3961
1139 6371
8094 7028
2812 5513
4203 9049
1633 5197
1571 6035
4434 8781
6625 3439
6948 1356
8582 9124
9006 1818
7570 9440
6633 8702
661 6476
3070 8740
438 4210
5111 8533
1238 7923
4046 5442
6973 5679
639 8545
1715 5074
7326 8340
8513 4275
9696 7096
3400 8702
8914 970
8143 5548
9672 8805
2025 2743
7545 2463
6953 2657
996 8192
581 5043
3634 7555
722 4274
6100 2438
9349 3427
778 7863
7702 475
4959 1102
9177 3874
2073 7321
9422 1746
6127 1447
4489 3673
3911 1443
6331 4907
9636 6912
9951 3271
4467 674
7545 568
3112 6895
3996 3890
4758 1698
4365 9717
2801 3543
3591 4874
865 3014
6621 6993
4461 1110
666 8372
2554 6997
3280 2191
3910 3231
5462 8378
3905 3008
8947 7017
9903 2943
908 4661
4642 5274
4379 7443
8817 7970
2318 9683
984 8939
6676 5446
50 7343
3818 2605
4340 7099
4796 8251
330 258
6630 4236
3267 5577
1253 3170
8520 2162
7832 3162
7436 2211
606 6254
182 2924
5937 1167
1864 2614
6614 1914
9957 433
4519 4298
7532 9315
2549 7862
9574 9179
2098 2841
4756 3352
6012 3277
5515 3845
6440 2951
6057 7046
9205 6240
9971 5143
7408 1835
7757 4022
3750 7714
4455 8270
2012 1987
7586 4562
9850 7160
3741 1949
2 8498
5302 6015
1776 817
9860 8216
3768 5917
5262 2974
2157 5234
8118 9565
7070 5875
3588 820
3590 8043
9090 5603
31 6676
166 9882
3837 3908
1831 3839
2406 7133
9854 4182
7950 9715
2399 1719
5632 7662
4693 7790
2896 2812
7356 9966
8688 944
787 2278
8988 9877
7882 9020
6554 8048
8902 391
1956 733
4231 4363
7866 4086
8546 5817
3801 945
7536 9434
8607 2230
7224 1504
5042 4581
1470 3730
5525 2258
6009 4514
2135 3892
3534 8690
1941 2436
9081 3898
3169 3313
8261 1036
7400 6808
6854 1201
7754 4391
636 6362
6621 7861
7866 1664
2442 9337
5395 7968
1595 1405
2482 3731
5297 6017
2421 7239
8453 1503
1137 1623
4816 9399
2660 2217
6207 9514
3418 3961
3905 4055
323 527
1916 8190
2191 4358
7527 7587
2327 9123
8993 4809
2854 4291
826 5275
1530 9280
6778 2667
903 1595
2066 3563
3812 8274
3077 7231
2235 6983
1286 2559
7510 3203
749 9701
7561 8277
7289 9889
7400 6282
4698 254
573 5525
5529 2103
4805 2308
4771 5709
3904 6838
9272 7717
5112 2350
4948 7347
9333 6235
9907 6843
9439 656
6545 7001
8933 3835
6890 6334
117 1588
6588 691
7114 2118
2794 1919
4426 7566
7629 8331
4404 6901
6048 9516
9252 997
6864 8586
7233 6771
5430 6672
7428 1975
3673 6362
5810 563
2696 5928
2152 9284
6619 9266
1402 9414
1186 5829
6980 8815
4161 1384
5717 209
900 4969
1207 7765
3556 8440
4536 8986
5113 1965
961 8786
8327 6772
9350 1024
2701 1502
309 9321
768 1712
8735 1955
7542 5715
770 1703
7100 6487
1913 8001
1457 3120
5766 5013
1561 302
3999 6674
2268 4961
5461 596
1734 4811
1620 4435
6314 1929
3756 7083
3641 2492
9038 1183
8208 9808
2886 5308
6295 4800
3309 7752
7920 9075
2766 9481
9378 6765
6156 1646
1726 1617
2242 3460
6429 3863
7896 2743
5792 1653
9826 9434
4145 8865
618 2353
8673 3505
7662 4969
8305 971
2722 6225
47 5488
5707 9425
2253 1864
1072 3979
3481 3315
7440 9911
7178 5337
2655 2971
6990 2482
2406 1136
1347 3024
3489 20
6530 1152
4989 4835
2123 7711
1061 2171
3199 6768
1596 5453
8633 2669
9433 2115
5984 6873
2026 3163
2211 4682
6135 9201
7164 8541
337 8511
1566 3827
8532 8096
4979 3522
2931 7103
1234 3993
9274 4434
762 871
9887 9395
3541 9320
1510 9525
6194 3536
2689 8405
8218 8824
7607 5383
7366 7945
3895 8932
1772 2428
7029 6752
5950 9961
3856 7185
3954 3131
1619 4716
4002 1507
4111 7543
828 5621
7069 7022
9158 9759
5428 7377
8583 3036
2761 5950
981 6656
4882 2754
9084 1911
9506 5035
1873 3363
2220 5827
6494 3839
543 497
5347 4655
8041 6175
276 5111
3198 9435
4870 8626
6813 3454
1662 9574
9404 2644
6230 4287
5398 5315
6199 4905
350 8072
8268 2570
3899 4763
6410 4443
5261 1757
9098 3302
7933 9375
8414 1131
8810 3285
9758 5624
6739 1420
5198 6144
4065 1428
432 9463
6744 6632
4368 7094
4704 2636
9665 8604
7400 6076
3048 2661
7833 2147
5964 5766
1522 4378
6898 333
7663 6656
5957 4403
8077 1156
548 2142
2584 980
1605 9328
7612 5973
6423 2317
8610 6088
922 6010
2164 3971
8672 9998
6118 4636
5765 7641
9014 2663
7975 6678
9320 3932
1081 7397
5088 1630
9539 7673
2610 1144
7002 223
7118 3426
2541 5729
9515 3464
1740 1680
7435 412
1678 3554
5048 7444
1195 4062
108 9170
741 9428
3103 1823
6825 8192
3453 6364
5866 6063
7509 2868
6287 4628
6295 8829
357 5810
2293 2097
7490 9729
2509 9169
3283 7557
6614 4479
1620 6722
3650 2361
6151 6754
4184 2977
4946 7638
9341 812
3702 6851
3681 9989
1479 9977
8818 1837
5787 1112
3934 3277
842 6443
2447 4125
4001 9061
8605 5622
5783 2255
7983 1934
9009 2168
4911 3956
9807 4253
4769 3509
1105 8451
3498 2585
8428 2317
4422 4215
3430 8356
7493 4272
4800 9940
8398 8802
9001 7003
4424 4785
9259 2408
6719 8269
4577 1631
2226 4384
5885 6995
7893 6991
5446 1392
9576 3874
3710 3999
8090 7140
2356 5583
1413 7156
5524 9811
5958 4525
6815 383
9310 6075
2791 6030
4345 7368
7662 6571
1752 3547
3566 9645
539 9013
1038 115
2888 4748
4115 978
1888 6471
6562 3302
3627 2086
3113 9586
6612 9929
9969 5922
6004 2760
1952 350
128 9615
6921 1881
3163 488
1527 3702
9501 2565
3818 2390
7313 7933
3368 9202
4404 9931
2504 8032
2018 5618
7618 8630
5547 7588
4552 1552
349 6505
1902 478
6120 8824
2359 9284
9312 3886
2986 8814
6451 6804
1204 3765
4738 4573
2967 9143
4505 5471
7175 6523
1090 4794
5153 6638
2382 9706
8190 2732
6212 93
3210 2333
8918 5570
1617 8231
9456 4603
7045 5908
1408 8250
9674 6147
2824 2641
5290 7329
8113 2465
3852 9203
7260 9006
5841 9642
8712 4032
2375 4925
4126 5585
7258 3044
1155 8875
1276 612
3479 8321
6521 4888
6572 6195
1035 9396
8837 6326
6726 6950
8792 578
6154 6052
9585 1996
5695 8298
6029 8070
3223 155
3655 481
3200 4811
9357 4476
5424 2837
2798 1946
7725 9370
8141 8761
8767 6978
5087 5493
3929 3879
6072 83
9931 5657
2080 5626
3956 8109
3697 7180
8265 7353
7661 1466
2164 7019
5943 7589
9856 8742
9535 7582
8113 7677
6343 6880
4656 1431
2373 8585
5311 8446
8669 5243
4104 749
870 8060
8859 4567
5240 7125
1920 2902
8591 4085
9922 4535
1674 9779
3277 1210
7361 1390
8887 3705
8271 3543
5136 645
2129 447
9091 798
5691 3195
1548 6561
1256 408
1128 6497
7533 3048
9400 6125
7133 9322
660 8808
9101 3938
19 6462
5328 8906
167 3599
2450 5304
4245 4579
5752 3336
5378 1443
6532 6927
8004 7788
7336 9132
4286 4870
2181 3686
995 9315
3009 1656
8124 2110
5594 8143
8573 923
7050 8741
4523 9500
4046 8768
4080 9798
2105 9459
1242 8637
6387 9246
6426 3723
8379 712
8593 561
4399 9589
9876 7408
1245 8001
9519 6840
6144 8092
7764 3194
6834 2288
2695 880
1057 6776
679 3162
6235 1921
1800 2623
1168 8226
6347 9548
8939 4940
109 3338
4529 9986
747 5775
7987 266
2616 4131
8359 380
7326 5194
2669 22
6074 3726
6798 6754
6888 3034
8675 8688
5657 9843
6915 2004
9391 5854
6945 9501
9193 1475
9487 9941
7251 7475
207 9867
1606 8567
248 8933
3761 2917
8955 9836
6643 5753
6590 3532
8788 5266
2221 4445
5109 9136
6450 4501
4991 3396
4002 4184
4871 3490
4125 2122
965 4333
1990 2572
2901 2239
1506 6663
5156 461
6499 1800
6215 3090
5332 5003
8356 7553
9449 3466
6690 5900
7968 1681
9296 1971
5865 4167
5461 9991
6290 6427
4325 8281
8999 7226
520 505
3890 5677
967 390
7477 7182
3480 2810
2186 1837
364 1635
5303 7054
7535 3271
8736 6831
5243 4601
999 704
4593 7290
7132 8919
5571 6132
6146 6092
6637 36
1769 7605
426 9247
4788 3907
2057 6974
5744 2422
8610 1048
9477 6145
4320 8213
2977 9563
2815 3977
268 7409
1267 7400
6328 6839
3532 2474
2931 170
2510 4701
7775 2937
3948 2564
6844 6006
9538 2589
8428 8148
3637 7906
4294 7957
6119 7272
7521 8934
1249 7789
6344 2517
5189 2672
9356 8722
5146 2288
8892 7657
6990 6668
595 938
9232 7439
6945 8770
28 5374
6919 3666
3280 1214
1624 9399
8486 9145
8334 9736
6934 4678
2253 2124
7351 1610
846 2498
3899 9739
155 889
6407 751
1827 5640
8190 8772
4411 8219
4146 1330
1886 7427
2545 3510
6827 1031
2655 5162
768 9590
9841 3021
1715 7192
4632 2562
9690 8531
2301 9846
9420 8709
597 1248
4349 8788
21 8760
7008 4168
90 8894
1595 2636
2404 8422
3667 5060
3584 4435
4651 3426
7457 6367
618 2089
8929 308
621 1230
155 41
9939 752
1290 4288
9540 1312
3048 6548
5480 3139
5443 7076
5775 7847
5498 9443
