1000 2
8930 7272
5480 8235
5383 5647
43 4595
278 201
4929 4360
1689 6
2218 1350
1290 8636
8295 3350
743 3353
3616 8134
9987 2364
5980 3474
8117 8609
4888 7047
5882 369
5283 1266
6017 5326
5861 6295
5528 790
656 7217
796 2874
8568 2086
1511 6863
5437 2255
217 9053
389 204
1418 6370
3678 9535
4980 8567
6583 862
8937 1866
2128 4954
7193 7989
1250 2721
8780 1907
9939 9576
4781 8507
1663 6293
5371 7100
8548 5588
6154 8938
5792 7573
5308 9471
7108 288
8038 3692
1151 6976
5558 3280
1930 2752
1269 3181
5474 50
5088 5413
9627 9870
3921 1290
6163 9292
8391 4712
4880 4546
3650 673
2119 8959
144 9228
9248 8183
2921 399
5159 8480
3679 7090
1232 4949
271 6707
4999 5360
2121 4626
5230 6042
5917 1394
5335 4309
6107 215
8856 9758
889 975
8717 1033
204 7965
9217 3126
8365 4377
1606 2044
1467 2838
6993 1739
9546 1993
7099 1667
6620 2330
7709 2537
3725 3044
6847 9832
3260 5703
9590 4149
6679 8308
5183 6883
6274 4400
10 4639
8777 1616
6684 244
4455 3678
1984 4001
5671 9084
5668 2291
1415 3377
4829 5140
6422 1676
4973 9682
7379 4564
3832 4058
2872 9015
942 9147
3415 952
3787 2193
2569 471
2438 7024
4149 4422
1025 9821
3506 6693
2113 4922
71 6943
62 6493
8620 5036
6176 5999
9600 8
58 2473
9023 1001
1620 2439
1954 5407
4632 4523
5879 7070
1548 29
1492 2573
9850 4999
9267 1964
9921 9338
8907 9984
5832 7527
5020 2008
3527 4621
2016 3586
7094 1040
4587 8715
3479 6542
4123 8111
1066 2
5181 2614
31 6674
5188 9882
1674 4455
1846 1596
3794 753
1580 9626
8281 6601
1635 1808
1222 3652
5394 8317
4692 9982
7032 8172
6524 1156
6283 7591
1159 1465
206 1191
8140 5394
1073 9814
9849 2920
1410 3644
3674 2991
3270 1955
9592 4906
3763 815
8558 9157
9133 3250
9140 6166
1423 5665
7322 7707
3256 8481
9172 3462
9673 7312
8857 746
7126 8706
3667 8537
2351 7341
1528 5621
9296 1121
527 3060
1936 9086
2218 1070
2337 1358
7236 3760
7023 4559
1467 280
3040 640
3742 2713
7952 2599
3460 5079
1306 7127
3617 3657
4469 5145
9279 3765
6266 9807
6825 8203
8893 9044
9273 1230
402 6509
4991 7426
1069 6458
7706 4109
7098 1448
6823 5051
4048 284
130 5355
7412 3748
9013 1881
8893 8293
5647 5159
8100 2473
3363 6994
1517 2636
8225 1919
9146 3216
9345 215
9674 7051
4325 6773
8500 1149
1824 2549
1434 1955
7905 8846
5703 6918
728 4596
5211 6375
9756 3312
8848 3120
306 365
5757 8531
2285 4904
1747 1631
5119 1422
8682 9445
8195 7183
595 20
9733 2029
1975 7638
876 7679
4556 1605
2276 9768
7980 2033
3080 6829
5153 3387
7195 910
1919 9480
5814 3667
1111 934
5089 9794
380 3285
6978 976
3306 6711
3005 5282
4350 3882
2961 8907
5487 5238
8675 3468
7271 1756
297 2425
5144 7492
3335 7063
6973 9150
730 8085
85 5820
7880 466
9106 4858
1442 2412
1570 4448
7694 5920
8330 656
4827 3818
5894 3503
7286 3165
5259 7584
5590 404
5077 8926
7467 2050
8077 8197
136 8162
4017 8016
8629 3123
2875 71
5536 4445
4520 3230
366 2851
3886 5194
6669 9780
8697 3956
2946 3957
1540 8536
4361 6617
7463 1828
8668 5540
26 8804
3703 4044
6820 2332
7168 9695
2404 2704
4141 6924
5934 4508
9775 9821
9702 6444
9601 8400
401 2548
2357 1941
1084 6719
8558 8548
8548 7226
4088 8575
6030 7791
2619 2851
124 9787
2547 2528
2491 6689
9452 8425
1197 9228
8247 899
5673 7849
9299 6074
397 1657
8015 1482
8377 6574
30 6926
3800 4118
5501 9831
1910 8120
2683 2034
7907 5230
4562 399
1919 4015
8825 3117
3244 7072
4016 8917
4921 3316
4992 5318
4974 3007
6800 3351
9582 6830
277 3383
949 5779
3215 2859
3899 5898
4894 1807
1129 9457
2206 3049
3473 1031
6166 6717
8104 183
5635 3025
3500 627
8344 8474
3635 5145
1826 3217
1975 2104
6601 2925
7883 9816
5784 1783
5714 678
3590 6844
135 5797
9893 3608
6829 6059
326 4933
6243 5961
7959 9743
6589 6303
8218 224
1448 44
3442 3424
2149 43
6349 32
9859 2134
1815 5574
2813 5406
2418 2949
1203 2311
6558 8033
8371 6884
2967 4614
2846 926
4358 9435
7230 2576
9660 8679
2620 3102
2103 4770
3146 8453
4802 3005
588 6618
8580 3402
2025 998
6351 3229
3310 2909
1262 1682
9794 4229
6297 2640
5156 655
2076 2386
3231 1736
1066 5852
4838 3169
623 7985
1623 5425
991 2212
2044 9571
5614 4070
570 1965
7299 3880
4875 8562
5563 4670
2792 1860
7310 7948
2515 9386
335 5747
1123 1401
1600 5962
4571 2223
3947 6195
7649 4938
8407 9694
4509 4022
3764 5080
5988 1064
8960 863
9627 4523
5534 2419
6384 2844
368 8900
2231 704
4648 3355
2105 6248
9317 6677
8472 3264
2873 6122
8203 1281
5817 2713
5303 9582
7793 1291
646 6754
2155 274
1278 7689
2693 7662
534 3062
6562 2766
3766 1210
6122 5872
7459 5439
2550 5932
8704 5423
2055 6907
6704 7872
9621 2008
7454 7414
3299 8101
4168 5455
8375 5447
3145 1069
3109 3680
4131 9672
6447 7898
883 2569
3770 8343
8008 6320
4275 6713
1744 6330
3620 8449
4203 3241
457 1657
656 3757
9759 4825
9212 8134
272 2358
9203 3382
6038 3335
3054 2485
1233 3937
5054 5003
2280 3063
1324 6556
9776 3069
2887 3397
1518 7090
6639 1975
8748 7295
5732 8507
2121 4945
6642 2393
7303 5846
5775 3342
9181 8830
5827 415
2767 882
5418 5048
3946 6743
1605 3722
9812 4492
7120 1331
1583 3759
3306 331
1055 9038
8839 3177
3984 5482
5570 1287
1328 1346
4630 509
176 457
924 2944
1340 6343
7993 5287
3087 9598
9010 2900
4091 6130
4231 5674
9890 7537
6006 946
6576 4846
4123 561
328 9693
1849 1656
1040 6479
2166 1216
6937 3091
4161 8277
9435 2154
3564 2523
1752 2574
5423 5844
8705 9655
1518 8595
7192 7525
9542 3769
2371 3665
4330 2700
3359 6179
4356 4399
2659 6523
5616 9596
9614 9777
7873 9050
1931 1438
1573 3684
4013 6996
9528 2719
6651 1047
1315 3844
8573 857
7614 945
4522 1945
3645 7882
8125 8001
2281 784
4525 7897
380 4139
7674 8254
3190 9606
9693 4763
3290 3707
1759 2819
6426 8411
3866 7741
2255 2439
8599 9870
3384 3121
1815 7030
1004 9940
5032 3285
725 9557
1183 1105
3697 8858
9360 6887
8464 9053
1650 1755
2760 3410
4574 9187
1821 8441
6929 4077
881 5528
3948 4266
8650 5763
1296 9654
5704 6328
2939 6430
5886 4123
7536 9583
2981 6896
6470 1446
5950 8121
3202 8711
1531 7777
7898 3353
6218 4827
7431 7100
356 1379
1366 9006
7143 2663
8660 2848
8992 1600
9278 4878
5724 6814
4462 8706
3711 933
152 9661
9054 3355
8372 586
1132 6271
3940 7351
1098 1371
4452 1455
2751 5818
461 9895
8482 9122
2743 7475
723 2021
2354 6447
8836 6816
5153 2547
7749 5306
2208 6804
8661 581
7391 9794
6852 1331
7145 7951
2703 1597
9406 5455
7416 9867
5350 5899
8990 8093
3374 9713
115 5728
6160 8952
2545 1313
1499 295
6620 3708
7099 5281
4289 4491
5076 1142
5823 2222
9093 8526
3820 8499
3982 1237
8367 9332
7136 7357
7426 511
7070 7542
6240 3231
6494 8786
4545 7994
9081 1165
1702 6181
6447 5992
672 1523
7134 6495
3746 6228
5022 7566
4727 9004
8803 3094
8337 5940
452 5764
6451 7523
3306 2692
754 9801
1478 5299
7795 559
6465 9498
6740 2912
5491 7413
4436 2626
3909 8182
8854 8931
5749 3581
7936 4552
6676 6273
492 7129
2038 6944
4652 5344
9636 5407
5145 1114
707 2941
1674 7172
2439 8415
85 7931
5828 4522
557 9737
2705 9411
8669 8454
2992 6605
3006 9669
2879 3499
6798 4917
443 1451
262 79
6858 5408
1194 7565
8349 2869
4738 789
1284 4824
8721 7112
9346 9278
6850 2052
8689 5520
506 1682
2126 3513
1352 5006
7012 8151
9924 7456
9602 186
7536 6460
5595 8731
4026 3945
1600 8765
4735 2884
3589 3456
9997 2936
2734 6848
4988 1424
2368 5494
3107 4494
9008 4459
9500 6021
2610 9424
3477 2213
9611 1013
8673 5206
9745 2700
9151 1345
1465 3886
4229 5055
7343 4226
7991 78
1074 2979
1502 3443
8474 4610
7937 7482
9069 7438
3504 1680
6862 6981
3893 6474
7995 2567
1680 7740
5268 832
9085 6733
4719 3315
1789 2062
7541 9780
2140 8616
2760 3643
2059 1234
8253 9997
8717 7323
7435 2221
9004 4298
9203 2897
772 7199
5465 2452
4939 733
3284 4025
7467 8004
7340 9256
66 4882
9036 2207
3499 1796
5850 5558
3031 4104
5555 1749
1427 2990
3971 431
7288 3175
3329 8061
374 8794
513 5314
9527 3798
9340 6994
1802 6680
6251 1869
1563 5287
4076 5062
7084 9927
621 116
4031 6176
1866 5458
9167 5837
5890 6456
9012 9219
4517 9386
8014 5031
4701 7541
8830 4041
4536 633
722 788
2503 2285
6076 6579
7348 3161
6506 7969
3277 538
4146 5144
5997 3314
981 1887
9771 9994
1107 4289
9381 9121
9321 4082
6663 8151
8123 1200
8785 8846
1988 1288
1131 8064
7868 8480
1226 4375
6449 4503
4913 596
9647 910
3911 629
2798 3682
624 3905
7972 5
3027 7293
4088 9690
5445 2212
891 4230
1058 2880
5519 2190
944 3387
670 2170
7762 7120
6674 2675
7716 6322
3586 1628
6952 6384
5311 7576
290 3283
7582 3317
577 1670
3008 6022
3882 3899
253 4940
6779 5773
7130 7724
9160 7801
9895 6922
4921 6570
9598 2638
2893 3184
4266 9845
9569 9577
7422 9859
2861 5004
3176 3438
6675 6185
9461 557
84 9715
5498 6864
5488 2629
4588 4648
430 4484
1571 5352
1054 1170
7990 3947
4354 2257
3793 3924
1835 1216
3783 4696
6220 6960
8135 2895
3145 7597
3453 3230
7312 8952
94 2801
1581 4683
7450 2012
9167 9021
7364 222
191 5355
4170 4546
7612 7964
8471 9448
9180 2254
4145 5400
9215 2281
8296 2361
9878 1750
5591 7191
702 5686
9992 2283
369 7442
4295 9537
6464 1660
9760 6656
7015 3930
1203 4628
1895 9674
4077 1075
1929 8222
6476 1144
503 4773
3506 382
6523 9097
7573 7225
4784 7566
9508 5153
5009 3804
4691 1473
5465 4451
8130 2480
8382 9333
7109 277
9008 1186
1353 937
9409 7829
2082 9912
2602 5588
294 9125
4685 7868
6350 9469
5434 5859
4623 443
9664 9315
1917 5129
3766 47
7610 2149
9381 4720
2427 8389
5907 3780
9326 5316
1610 1408
5228 4212
6996 5523
3338 1682
3391 9689
1152 8825
5549 5775
9268 5213
5091 1186
343 8857
1233 7954
1007 614
2674 3434
9004 8581
7215 8330
3897 8825
9739 9126
3038 6736
4649 6377
8418 8041
6066 9570
6866 1616
5346 6135
6830 437
7321 7173
9295 8555
5128 303
9170 7803
3738 8174
6384 953
6505 282
9779 6244
9409 2817
2980 4059
9195 1399
2100 5262
969 8967
6878 6316
5102 3708
6754 2424
882 6050
979 6010
6353 149
3814 91
8324 199
1045 4829
482 824
1073 9891
3642 4054
3951 2837
5453 6051
8099 6423
5018 4977
2740 121
8686 9494
2546 9569
5544 3525
5579 1898
3675 9394
1989 2000
9593 3035
6829 75
3859 7903
9966 7501
1957 3917
339 7411
9969 8438
3835 4988
3416 6575
5109 2102
6069 7655
1671 1614
1181 7251
3513 4857
6646 5503
6857 6239
8538 3687
