1000 2
7907 9372
2394 7625
4094 2907
4570 8658
1341 1946
7999 7389
8935 8349
2224 3905
2239 9253
5791 6573
9962 9256
6643 6482
7438 5620
1765 357
3271 210
9687 1178
9583 2082
8804 3677
4990 3374
2336 6331
5321 336
3721 4256
8685 5945
8161 925
5198 3953
7498 5161
3209 4141
1644 647
9761 3409
1005 3033
3619 692
4211 3202
2774 3015
6880 7765
6390 9217
4096 1711
9553 7818
5967 8238
3763 4129
9163 8962
8082 6662
4124 1291
803 5768
1939 565
9177 2945
3598 2797
3638 7810
6000 6413
826 2881
4178 7216
2098 8274
8927 1652
6092 4895
9891 9856
9024 9055
8819 7106
5717 2943
8398 6520
8712 338
7086 7890
3283 685
687 6922
8495 6688
3335 9321
9569 7513
6538 1668
5788 5465
3320 1881
361 3212
1738 9385
2267 557
6492 7984
3501 4890
4505 2213
5229 1591
103 8513
2277 791
5435 772
7479 8770
94 7049
6284 6632
8717 2072
2098 2038
3953 2459
5250 5691
1845 7518
6249 8337
5502 9750
3228 7
1964 8457
1599 2068
6970 3876
2860 2406
4649 340
1176 4743
7389 7460
1376 6107
9533 3475
8146 3486
5934 3397
9178 7779
915 5427
6116 6417
5178 9345
6425 7143
7802 8024
9212 4773
1901 2072
7179 6550
2412 8356
1294 9802
5817 2670
5910 5350
6145 4056
8837 2080
7454 8015
9860 8369
3443 5976
4787 8622
5321 1212
5766 3124
9237 4978
7898 1138
7051 5077
7688 9464
3434 8983
9267 9251
1654 5177
4602 7800
9234 3439
9880 6688
1455 9740
5057 4899
5717 9844
3521 1039
1057 9288
4164 294
4267 2062
1432 1318
7140 9121
782 574
8104 49
9826 9759
5227 4428
7559 4461
7867 7439
1150 9323
7180 6207
4222 2898
6052 7743
3937 7110
7032 8101
7404 1299
163 8837
2617 7303
7958 3400
7878 6063
3450 7704
5822 8678
2132 3382
3140 0
821 4290
9323 8002
498 3545
900 6550
1289 4837
3660 8321
2939 1065
9621 3103
9902 2239
407 7861
5640 8285
3924 9090
5990 9747
7769 8122
3129 909
8123 3951
5199 7447
1953 5697
992 2854
2248 2282
7692 5909
604 631
6974 225
3735 6877
2465 4142
4738 8105
2428 8663
7196 8418
8410 4965
6541 1540
5874 4664
5491 1074
2111 7445
6771 3104
299 9019
5387 7992
4929 5991
8623 1904
6217 2358
8781 8682
6501 3519
6787 8929
2182 3983
7347 593
8948 3888
2133 4823
8553 7625
5897 665
5071 2668
3770 5371
1688 9157
3363 6618
5148 1987
8522 1366
4346 7303
48 847
822 6835
9777 3005
819 7124
3598 9768
1013 5732
4591 9567
3358 488
232 8430
3157 4002
3801 4846
3160 7165
1464 8309
9152 9987
9675 3499
7290 9723
4346 8113
6559 4123
1118 7379
1248 4717
7147 2262
450 1738
1829 3808
2227 2062
2238 5385
6065 6040
232 9225
3206 1697
7534 2359
1684 7210
5858 8974
6933 205
7087 3493
4329 8206
872 5577
2923 8020
7840 3374
9758 9669
7182 1986
1732 9421
7372 7797
5462 7604
7023 8668
9301 4557
1028 985
1767 6886
9959 8701
7091 7047
2195 1421
5254 3068
6998 8178
1088 4839
1552 846
4508 8734
2833 6240
8156 205
4038 3619
7809 1061
2287 7110
5619 3315
8096 7387
202 8056
6088 7294
5104 8284
8715 358
1352 5714
8536 2440
553 88
3287 5062
8823 6120
1302 6979
6325 5341
599 4135
6402 2886
1246 2021
6202 9342
9408 6405
7399 5497
3699 2503
3781 2415
2861 5134
8130 1398
7574 8683
1486 861
3745 309
6982 5048
7289 3308
390 7889
7443 6792
775 8690
8814 6978
8033 8223
3384 5432
3720 7084
7935 7502
9499 797
2637 7629
2195 211
6313 3682
1073 59
3992 8055
5108 1282
1363 5498
9171 8807
2290 9947
7497 1105
6925 5530
9328 310
963 3049
7394 8899
552 6893
9696 3189
4523 1892
3401 836
5574 4474
895 9566
2529 6003
849 3893
1502 20
2700 3793
9967 198
4898 6893
5728 4226
7203 6692
7275 4597
5591 7828
1491 5288
1017 6014
7180 4419
6851 2755
8893 7747
2322 1423
3751 3171
5316 5253
3191 8017
9046 3159
8215 3944
52 3944
8171 7255
636 5447
1853 6227
3275 3344
1516 4293
9359 8697
8712 6210
1452 7606
3958 3775
9029 7709
6947 4346
2963 138
2363 2009
3298 578
5954 3350
4523 4125
605 5159
9573 2459
1387 2848
5803 2903
7142 5163
1600 5854
1374 3053
3460 5332
6829 2489
3041 3776
6836 6004
3915 9199
8014 7213
9778 3968
563 4301
8094 1169
9460 7667
3628 848
516 9432
3752 7658
4595 5352
3512 5969
8406 6973
1302 5235
9463 4343
9011 6299
348 2927
5498 8363
140 5277
2332 703
9578 426
1873 9039
8094 5501
9887 8610
4934 3639
6268 9529
8992 9781
5499 7399
6754 6801
2635 6218
1145 1646
2517 1494
4574 8016
9857 4714
3293 2190
5418 2872
2616 7291
1911 711
2793 1799
9321 7727
5439 5590
7257 4431
5371 2757
1831 2126
9558 4466
8344 704
6113 861
2198 687
8877 2056
5401 2171
4247 819
5043 6864
8111 6955
7575 904
8754 6896
8632 4193
2486 5889
8625 7858
8646 456
9984 8205
4922 8328
8910 1035
9189 1109
1722 8067
3166 7124
239 7413
7943 5283
4277 6055
2238 1852
6959 993
8749 5591
5187 1236
1481 3812
9094 128
4269 9078
8334 9192
7407 7244
227 6597
8353 1950
4665 1519
9075 4904
8932 7019
187 3209
3074 2426
5062 33
3419 3811
5625 8606
5048 7107
2419 4142
7235 6688
3221 5570
5880 628
2814 6108
7225 1167
8059 1890
2687 7134
6794 1619
4153 6982
4829 7228
9408 9891
7262 2828
3703 2887
1435 8751
9995 3854
2894 7231
543 6115
2801 6423
6743 5615
2532 3968
6783 592
5859 9470
7727 2654
1090 1880
9636 5919
9109 9045
5811 6371
1874 9515
9259 3309
8267 9254
7163 1161
6486 7707
7276 9287
4130 4020
4903 6663
7989 1687
7255 3848
1158 4982
6502 2248
6863 6139
8168 5973
5185 3979
2344 7059
3495 1603
369 1762
858 7533
2923 7344
5240 200
6632 9371
4220 1536
6034 2209
3224 3290
6057 4382
8273 2560
6630 5137
8700 4799
1110 3885
8779 3455
945 2274
5059 1314
4036 5917
8847 6960
3262 4087
7160 9895
3458 1380
1432 9493
3589 4656
2784 9647
9038 1057
2208 5669
6195 908
468 7306
4793 9247
761 5738
1521 5820
7053 5558
1737 5900
2518 5000
9988 9678
4896 3447
1059 6328
2941 4649
984 5725
4297 23
6783 6505
5692 2979
7413 6160
285 2207
5407 1046
7946 6929
6866 4999
2487 8604
900 5006
3605 889
4685 8501
4337 5744
4830 7278
393 5814
3004 4691
5837 9787
1196 1529
2767 8610
7690 3052
817 3098
4098 8763
27 965
3763 2515
9569 4664
7521 3175
5553 2206
1676 9890
7950 6506
7169 8344
2321 173
3035 8159
9961 4232
9689 2728
2842 7379
5780 3659
477 9879
2423 505
844 6187
3020 414
851 541
3589 6404
2748 5266
6295 698
1773 3464
9043 4095
3638 2079
2254 3599
6312 1944
6328 9154
9323 2108
2814 9801
1988 5238
307 2832
1425 3327
3247 2276
3869 6836
8681 6617
2103 4977
7316 3876
8442 6360
7971 2080
8439 226
5680 4752
2170 2008
3906 1494
4117 6721
1295 6105
1959 1603
8938 3384
4931 2185
5660 8800
9022 4342
5418 1126
9319 2734
5002 7761
9094 2974
9841 7534
3200 5521
2286 5370
7530 6193
6864 1647
2914 8160
7753 4873
9763 6691
8258 4694
8877 3919
3495 7900
8261 8913
9026 7581
1647 4028
5342 742
7002 5184
8276 202
706 563
5573 8236
6757 2437
9884 9671
597 7637
4545 360
4328 2803
5055 3206
6722 8550
1106 4984
7463 133
2565 9111
4161 7907
9853 1164
3092 8130
1367 3798
8693 6941
2035 5451
9378 1919
5122 9975
9556 9667
336 3885
2471 5392
7091 9194
3942 8198
4178 1406
8331 6743
517 2493
4651 370
3657 7743
8501 5025
1542 7195
1966 3577
2646 1345
5496 7768
1321 5053
7436 1657
8938 9908
7050 6030
9102 992
4228 3281
2399 2559
24 2916
5052 4676
3287 8710
2419 1788
3736 3961
8983 5703
7539 1630
7048 3036
9399 8369
8089 6835
27 7028
6744 7077
3058 5846
8070 7286
9127 469
9845 9152
3386 4897
3828 6673
3608 6248
8462 7344
210 7446
3047 7749
9076 95
786 8475
8465 8875
5311 8492
5903 2055
5570 8961
7902 3640
6248 7030
4110 6093
6183 7496
991 11
4169 4599
6260 2632
1943 6470
78 4991
4220 9154
5087 5006
7629 3552
3881 2941
2045 9785
4996 7615
8747 2899
1256 4995
9929 5366
1089 6112
2863 2080
6124 7033
6680 2384
9665 8624
8855 9743
3615 3075
8897 8702
8081 6527
2255 1963
9469 4300
1748 4466
1915 496
7365 3172
5491 7295
8538 6580
3408 1402
8661 9533
8435 5341
1917 8100
3965 772
7843 7581
3848 6741
6284 1929
3269 8539
3892 2738
2839 5641
7204 4755
6137 4569
7927 1628
1865 6466
8209 5273
7868 6871
4806 6303
2212 6724
4403 6178
7497 2247
3760 1345
8989 44
3275 2258
8583 7167
4996 1422
2809 2200
6177 8946
6770 4104
575 8635
570 8785
3909 8439
5656 8716
4742 7869
5440 9146
4048 2938
1393 7808
4283 382
7852 7558
2641 6436
4726 7637
7858 7536
9837 4036
6482 6608
8141 7058
5243 8712
5844 9153
7151 1500
7869 1893
9370 3309
1040 3418
6247 2433
1226 531
2816 9079
8090 5457
5515 2817
3095 3373
353 2933
7410 6836
9541 5551
3895 4785
4264 9739
3938 1415
1240 1807
3309 610
5117 4349
4028 1365
6783 5254
1897 9599
4334 9987
5057 9849
2805 8152
3223 3158
1086 633
9995 627
6185 3890
5413 449
3629 9351
1864 4869
1159 5173
5480 6277
9523 9508
7642 6306
4763 9539
5905 9097
9527 963
8946 2332
9116 2169
5491 202
2803 5487
829 8989
9377 6242
9438 3007
5594 1303
7877 6754
6477 3357
3031 6000
2866 673
2306 7629
213 8212
6727 9741
9175 5673
2074 8292
7843 7566
8494 647
3053 9324
9636 2431
5567 9074
5439 1161
378 3317
7915 6855
6675 947
2855 9541
1621 5162
7171 1834
3374 3898
1576 2550
9572 3651
842 7415
1217 9336
8063 4271
8660 7699
6702 4228
6774 2142
5389 7152
5459 3305
4007 2134
4252 6863
1675 5873
2026 8847
7708 5400
2745 9285
7950 2317
2936 8793
9733 4153
8129 7796
8425 6790
5496 5128
1018 2270
7270 6408
9422 2729
9714 3430
4864 3966
294 6540
9840 2320
5387 7548
7721 8132
6834 5672
450 9770
4465 183
3924 2594
7980 2349
9385 3476
7477 404
5746 4747
6812 5169
7477 6526
8599 2341
493 8894
8881 333
1214 4269
7882 8935
2401 4716
4607 2851
4487 9073
3035 8411
1668 1015
761 1053
4491 8239
1457 237
2987 8270
5406 464
4797 4006
2806 5290
2900 1688
5624 4115
5957 3506
3051 8359
8223 7659
1210 2711
6732 4246
1122 8400
5261 1884
9454 9752
123 912
9990 3110
9182 5397
3575 3980
9403 6382
9270 2304
8070 4894
6420 4028
8401 9472
2387 6625
7131 3598
9336 3864
7844 459
2265 3105
2343 1720
2858 2467
2632 2848
5577 1815
8245 9153
5795 7649
5535 5066
9954 3605
9960 6375
7634 8362
5847 21
4988 2979
3619 4324
6844 1464
4784 9109
4569 7127
829 7428
9595 3462
276 5172
5277 8522
4326 1073
6172 9861
6139 6127
3466 6100
2502 1101
4463 8350
1122 9451
1329 4742
3776 8173
6206 8560
7283 776
5688 8113
8205 5283
1575 8482
456 6853
7004 4782
7926 3177
4643 4066
9305 8110
167 1807
9211 4630
158 334
4081 1487
5076 7858
9661 1283
6418 6944
2060 2106
5058 265
7390 6633
8747 7846
3487 5752
2629 1414
