1000 2
1785 340
7728 8678
7196 8984
1722 1868
8718 5197
7213 180
7632 7807
9066 5513
7174 5075
1960 2455
5011 8385
3966 5289
618 5422
4828 9049
6571 9727
6763 8356
67 4492
7034 7264
3476 8757
9132 2195
3955 6345
2376 1587
4153 1443
7101 1327
6518 9061
3783 1530
7446 7749
6819 8065
3172 1647
7114 9743
1375 3878
8099 1443
8370 5134
8707 1847
3891 7839
4042 7846
4185 6419
9434 8338
7862 6536
9666 4380
5597 3449
5911 3044
1199 2730
1110 4371
4378 8225
4114 5753
2103 2214
7196 473
7348 5903
2321 1240
3743 6363
9087 7928
2783 8521
6267 645
5057 5933
5025 655
9383 936
3700 583
3667 4810
4954 8045
3036 9069
3799 5139
1283 996
5613 8632
6899 7934
9872 643
4298 8959
8571 7081
7481 4839
7726 2539
772 2752
3195 156
3689 6895
739 7356
1706 5694
5402 4742
4763 9202
9882 6047
198 5495
4679 7097
3430 4552
7741 7728
3511 6312
4810 993
1152 2537
3532 1925
5289 6727
2081 8979
3623 2821
6336 5329
8515 1739
72 3279
941 9954
9326 1139
5450 4005
8237 8880
8557 5978
6609 2069
2291 1420
3062 3443
3957 6595
5368 9247
3322 7449
8227 6946
271 4563
2275 8786
6302 2348
2065 7244
2302 1392
8383 7753
5397 6620
6634 3955
2599 3243
6025 4890
4664 9088
8334 8621
5683 3702
7869 9006
1152 6096
5952 1423
659 8228
210 6962
576 2276
4207 2879
3668 2590
633 9066
9211 7267
3022 1811
511 9047
6701 5175
8135 5035
3796 3819
8738 1666
2825 9891
7762 8778
1314 8422
7006 1525
5385 7583
3801 9592
463 7469
2183 1096
6536 1394
8363 9558
3205 8874
8606 9907
4049 6741
4943 7846
560 3681
9512 3386
3572 7274
2164 4887
5697 9171
6413 1082
6754 214
675 7217
7684 2858
8313 4220
4253 6676
3779 7458
5551 2385
7366 9600
9126 2309
7446 9687
5991 6959
3074 9564
4234 5238
4452 9931
4410 865
1014 1164
1080 1689
8381 8764
4548 6695
2985 8801
3371 6764
6260 8923
9149 3626
8523 8276
5936 5970
7964 1928
2929 1038
1493 7163
6277 5945
7095 687
6811 8109
1852 7891
9799 233
6656 4347
6929 9641
3148 301
6405 9409
9224 5555
3035 7747
3831 8972
3717 1796
900 6647
2834 2394
3811 9112
8340 906
9800 5151
9016 1652
3043 8816
1886 9699
3164 8815
9340 6312
9116 5746
5722 8340
1302 8757
6087 5134
7730 9805
6930 8631
6453 9765
1025 264
8877 9365
1171 8678
4516 187
330 7560
9004 2216
7259 2168
1032 6600
8481 148
2347 4203
8488 3649
2961 4576
8783 691
4382 5714
9322 835
5479 347
1099 4357
9713 2270
3035 4230
2458 3366
1790 1462
5583 9049
3630 6615
5650 2111
6763 7997
6315 5252
1647 9276
9828 431
9967 4210
6145 9289
5045 1625
9637 6145
5982 9351
8416 9018
3581 874
2385 5371
2337 7968
4421 5968
4584 71
8080 1348
8068 4395
6600 9715
3671 6428
146 3639
639 6292
2928 5685
7917 2566
1830 3900
1917 246
2919 5499
1121 5305
870 3458
3274 5291
9426 7858
5363 7507
9206 3432
1902 5806
3148 5573
2235 3295
9212 2874
9587 2141
8560 7505
4708 390
1405 6626
637 4325
2125 1758
9630 2996
5217 2904
8288 4644
762 3651
2151 9969
7083 4054
5775 231
9627 8011
3526 8840
886 3114
982 9446
619 5691
9837 2025
2317 474
6350 4443
2233 5981
7439 7451
8885 5727
2095 9648
9379 4247
9617 6462
8301 5393
6694 7929
3405 221
6770 4291
3336 7752
3737 3955
3443 3574
5981 5761
4049 2332
204 6282
8313 7644
3734 7199
3372 5830
6848 2751
77 6466
9214 8379
1860 5908
6308 5265
6130 3079
9556 9466
831 3294
3422 4275
6869 9404
37 918
1736 242
7201 50
7886 935
7249 1259
6766 4098
4010 6843
564 3224
5223 2424
9133 1532
7690 5263
4611 7246
4730 5443
541 8152
9719 7410
7557 9756
8329 9293
9999 5531
9343 7886
6467 6593
9145 3233
692 3155
77 1256
6380 5300
3681 5513
6832 1371
776 1443
8617 5506
6886 9159
3659 6606
6570 1216
6363 4900
510 6362
431 9854
4248 6898
6448 3393
132 7140
6549 209
8396 2929
5509 2077
8442 2341
3448 9219
3785 2066
4726 672
1226 8386
7278 7796
9602 3641
2696 113
3 3128
9967 4252
27 6415
7646 159
3556 4195
368 1952
7125 5877
4030 5568
8219 7479
4787 2004
9546 9513
2676 772
7899 9955
8568 7502
3596 1265
7615 3600
4393 7583
7852 4420
3999 5499
4580 7555
9695 4948
9507 6820
826 3538
2388 9045
1017 7176
1049 563
6690 3726
1335 4590
3682 9904
2092 7278
1170 9708
879 5564
7291 8732
9985 1290
4231 4565
8846 3926
9513 8353
747 339
1892 3136
9385 2910
312 434
3474 7002
4161 4810
1592 7843
4714 3685
5122 5884
3394 6002
1449 686
4734 1434
1977 8966
5999 823
2892 5513
9177 3640
5852 1069
6776 5237
3979 7088
5672 7453
4091 9834
2263 5684
7678 6978
9370 2800
2863 2764
8803 4312
3450 3537
5746 5427
2503 1746
6251 5396
7259 5428
9036 3112
6497 5813
8350 477
2902 4022
7931 6993
3857 195
2678 1535
7174 2048
4336 38
4812 3139
4350 8263
6677 97
3691 9181
1844 9942
4577 9103
5370 3614
2215 1868
9427 565
2346 2329
4588 278
9323 8446
474 2001
9982 7648
4049 4319
7686 8862
7459 2037
7125 4136
2135 816
3317 3979
759 7895
3083 6129
1510 5299
7998 937
5865 345
3267 453
623 2590
8900 1097
4592 8882
8746 8642
3201 6433
7504 661
8471 4630
4797 606
5447 8115
4586 6206
6011 7670
2336 7521
2969 334
8459 8834
679 1726
9288 1303
4317 8188
2400 8910
7071 1147
7552 273
7580 5056
934 6051
9686 5732
6658 5133
3848 1245
1339 9859
8915 3676
7381 1884
4010 5840
719 4690
7567 7
5993 1885
8195 8394
795 5267
9542 8347
5540 7122
3403 6474
3174 3090
2206 9832
8223 6055
1078 9563
5914 9993
3239 3296
1878 7250
9136 2597
1941 6704
2605 7935
8589 801
6329 9385
6068 5871
7732 1608
2994 1136
8082 6168
4227 289
6001 2450
6344 7080
2014 2259
7074 5254
5555 8952
2505 4692
1550 4446
1396 4155
2381 9986
4956 8711
9372 1024
4583 7104
2633 7577
8241 716
3746 2468
1005 9748
4919 7350
6828 6934
9610 3902
2188 5165
2855 4694
9858 4405
9140 1255
8561 1521
1241 3518
233 614
4543 4816
7718 7176
2393 5960
7892 6140
8428 8898
5888 3348
6249 2717
282 5859
6619 2471
1024 9474
7165 882
3880 6305
2138 2441
7827 3379
5959 8061
3993 503
2877 1712
7679 5271
7673 5571
1411 6101
4470 7300
9450 719
17 9732
6578 6636
2203 7603
6111 9369
8486 9992
5675 624
2434 3502
4004 8394
1563 7997
8897 4441
9710 6576
9712 7383
2148 1124
3485 6618
8424 2935
7337 8442
2668 3916
5078 4872
1519 1190
4241 5
1182 9916
629 3617
3419 4633
2011 4983
2631 908
9424 2342
7484 9137
9726 9633
261 3211
6251 8686
6147 3589
7128 8816
7505 2207
3688 9024
3397 7930
9030 4580
7846 9659
8198 1265
4293 209
6249 6924
1117 5673
9266 8602
4811 8992
8235 5072
2204 4487
3759 8352
8076 887
7168 5581
3094 857
4606 6492
8787 3636
1073 6633
3296 9271
7899 7589
9481 4148
4513 598
9822 3780
9201 4633
2773 7437
9706 4978
1924 3465
3330 0
4352 499
5582 7447
1356 189
3940 143
3825 5013
6777 7121
4285 4677
4710 3766
8826 9224
4365 8648
3005 3566
3282 5779
1003 2989
757 2927
6454 4088
2928 807
4587 8510
8255 5944
8700 2195
6087 2525
7209 2865
9647 1494
7542 4358
5260 6368
3583 9625
5017 6588
3192 8300
2367 4195
1289 3124
7123 7744
7212 51
8552 1800
8562 6807
7744 7262
9003 3832
9788 6212
6697 9435
7706 4240
3793 2967
608 7376
2592 5626
3965 5784
3926 6332
9980 5216
9457 7103
2961 6670
7155 1513
8470 5717
8321 6215
2980 7324
47 2768
3536 6745
2204 1242
985 5998
4209 1593
3375 6802
7220 7340
2587 1147
3673 2567
6363 3131
9671 9324
9801 6826
838 8272
2544 9159
4487 5525
6483 4535
8293 19
1280 498
1261 2265
6496 5471
3859 9871
2273 1079
7212 4860
2227 886
7428 8590
4017 7099
7915 3818
3926 8753
2091 6471
7912 6579
1996 4396
1114 289
4415 2395
788 5677
4660 7284
1148 8520
7156 3422
9600 4369
8283 1827
5255 5711
418 9273
2811 8333
3091 6737
7087 5183
3208 5000
1762 5204
9396 2876
5494 3811
5271 6283
9489 9932
3567 638
8453 724
4060 8053
5094 2344
9881 350
8055 299
9623 866
8633 2715
7604 5720
7898 813
720 9660
6018 116
2537 1512
3928 7809
7795 3417
7742 1363
4055 6195
2088 8116
4249 7183
460 4130
7533 8516
4430 7156
9383 3063
9871 6988
8783 7770
7801 9503
7431 3819
9619 9969
5332 3548
7778 3128
6965 5521
4492 1021
1717 6580
9138 5966
3764 9598
97 1297
8115 4527
8453 7498
7590 8325
4487 6373
6096 2288
5877 3527
6108 5497
3496 1440
9045 1275
4569 6010
6796 9061
7032 8514
5642 6170
4480 9406
5769 4578
703 3884
9105 9157
1383 6696
7483 5870
3069 3579
8159 8946
7107 4267
4443 603
5708 3489
1879 277
9499 8676
9338 6531
7190 4981
2702 1671
4388 8471
6249 5092
2356 5355
4249 3740
2051 1733
9610 5120
5313 7770
4067 2420
2037 8511
3024 7745
2001 4903
8023 1500
3579 7362
8032 770
2343 735
2441 6731
9206 8691
1824 1563
4046 6073
5303 6097
7807 4914
1218 3120
2684 5286
5540 4722
3798 8564
2468 5799
3468 491
7300 7048
7853 5333
7818 197
6068 260
6929 5275
8952 8753
6838 2998
4827 2142
9096 2634
7057 314
5754 9742
5601 1295
4464 9400
9860 6933
5199 3329
7424 2500
377 5278
7833 8196
5475 3902
8457 2404
9177 7409
1158 6016
407 5985
8158 9504
8619 5215
9819 4374
4958 5420
5670 9422
4820 5530
6355 20
8859 3780
2521 9237
9058 354
7433 4534
4256 5891
6939 3434
3300 8097
9450 3708
4082 7608
3212 2702
2824 3031
7076 7782
8451 2746
7205 3272
8277 3561
3293 7137
7341 5814
6374 6400
6169 3808
935 426
9699 7874
3860 2999
5971 3310
6708 53
919 9920
2755 3744
2951 9832
1527 1403
2578 8732
4676 856
2294 7970
7993 9636
3785 4367
6037 9954
8176 6972
380 7875
4846 4241
875 817
7552 7583
871 8471
7504 3627
2216 455
3459 3743
1859 6038
2476 6535
6894 4770
4505 4888
4407 8291
9255 444
8245 7432
7416 8626
5307 2262
2868 6183
3080 420
3767 3951
8892 1271
7579 1108
1726 1038
4851 3586
7077 7328
122 3972
2099 4628
8860 6506
2919 8116
6950 1164
5548 4367
9791 855
6629 2659
7039 9710
3080 806
3662 1972
2077 1241
3080 3804
2280 7932
7391 9357
5260 7513
3329 7360
2141 2190
3866 5060
306 817
6225 5854
5184 6016
6710 1813
8676 3749
1524 1756
4556 5186
3728 6634
6427 6809
438 8707
4742 7829
8065 3
5342 1395
7363 7484
3585 1229
2544 3892
2046 8769
9746 7230
4786 6457
9044 3463
207 568
5220 4763
5754 8949
1397 2182
5758 1836
890 500
9666 8955
503 5009
351 7867
2493 3936
9096 5037
7828 1143
3807 7575
8373 8594
4032 7417
2058 4240
7986 7278
9003 3741
6227 401
5923 1986
2237 6813
2487 1903
5769 2991
6913 6120
858 9406
57 9954
4444 7886
1097 8252
5462 9471
6846 9495
6889 8904
3735 4875
6183 2738
8616 2410
3139 4540
4396 5377
1354 6883
7281 7123
9874 4194
3244 732
3601 3302
687 8045
1188 1784
