1000 2
7081 6122
5321 946
7605 1110
1279 1027
896 3944
8048 9047
9663 3094
5063 7496
6532 7988
5416 6344
7100 1183
3734 5622
9327 5901
4970 882
8072 5623
6233 5153
1745 1555
6100 9351
2665 7379
379 3562
1324 8428
2609 987
1522 7673
8484 8055
5662 3901
4400 2763
5085 8134
8385 4413
4036 3356
5295 2108
8979 1528
7261 724
3083 3362
76 5749
741 455
9311 2065
8883 1921
3053 406
9595 1538
8461 5258
5440 2861
8021 525
995 6406
4938 5031
9762 234
7139 8742
1762 4401
9466 4846
7763 9542
595 8505
9998 9907
570 8881
1829 3624
9287 1425
5162 7749
6683 603
610 4704
1128 1606
1111 6067
6637 874
6301 3777
9616 8063
8179 9083
2910 5943
8626 3506
4448 8624
3414 5019
7506 5243
8643 6794
6668 3806
4543 3351
4409 5154
8056 5538
6760 9168
1605 3398
42 7906
7175 9659
5970 5354
8742 8881
1297 7368
2387 5746
5993 5801
765 3499
1045 9409
294 7713
3216 4837
1065 7626
9992 9122
3164 6752
8290 4770
150 8333
2676 7326
7992 8647
2680 6734
7528 3978
4103 9915
9724 96
5717 490
3596 6762
9899 3890
4476 3116
8727 5542
742 8720
4664 3907
5472 2955
8677 5623
1288 1353
2949 9281
1 5630
6016 7529
9608 119
7445 9333
216 3162
9823 3812
9924 9723
7702 4401
2839 6430
9943 3581
5150 4608
7488 623
7564 6165
6246 8853
7519 9195
8134 7520
4826 4150
5050 4434
4270 2495
3767 4486
5657 3591
8299 5582
3314 6002
9983 6153
2433 9927
9734 7583
4536 7223
8207 2100
3388 4453
953 908
3649 9087
8428 8475
3238 3478
2910 7509
5974 6678
1996 1631
269 295
7214 3583
6297 7198
9736 8730
7125 9471
6314 1661
6694 4521
3761 83
8975 4715
991 2625
3802 9420
1100 7041
2899 4011
4550 8873
689 6546
505 958
6842 7720
4542 3139
4918 4279
1870 2044
3750 8185
3706 445
2706 7468
529 1682
2183 1521
4307 5986
942 5408
3027 3841
9419 7578
2715 108
4124 3221
1067 966
941 5609
4106 5860
9888 5977
7904 3639
4162 1611
4085 6869
9079 4614
8551 1263
6136 2859
7249 7078
8267 277
920 7686
7855 3635
7795 1980
6857 8862
2947 7798
4472 7054
3659 4361
3031 1563
8000 7193
3174 2085
4063 2254
6700 2614
3517 2836
5473 767
9914 3740
1044 834
1427 8900
4470 9223
880 1327
8086 3828
9126 2558
882 2785
6919 3914
4349 4920
1107 7524
7006 5170
9778 3706
7785 3296
6543 3259
4063 6458
6999 5107
7292 8427
4007 1763
7650 4888
3091 5737
8716 2217
8295 9599
5002 5215
3513 9351
135 4621
6876 7141
9792 6654
848 7577
9950 7391
836 4014
3849 7836
9121 1142
6264 3129
2906 3915
8017 5997
9652 6733
8214 7948
6333 3217
3163 9846
2569 3299
4467 9445
440 4260
6100 1289
1837 6051
8680 2674
65 2530
511 9186
3672 6776
2315 6579
691 333
2576 344
7066 791
8292 3400
4008 1456
3246 6577
4755 7714
6023 5196
1974 2123
6485 3812
8174 5165
6487 8239
7696 6998
7426 1369
3775 9741
7948 4466
74 524
4811 7141
1315 3103
541 5324
4560 3788
1902 9315
1502 7925
4511 3477
49 996
7289 8223
6162 3776
6463 3858
775 3889
5227 4550
3631 3176
9016 3706
3700 3828
848 5016
6932 1389
340 1492
5178 2242
807 6681
168 5318
158 217
6315 7447
8440 2478
1223 4904
6337 1998
8793 1565
6548 2425
4741 5565
6131 8442
9394 6979
3458 6326
8369 3799
7818 3547
6041 8625
228 6210
3944 386
6427 260
7833 4868
2738 9057
9772 9076
1056 8566
641 7605
991 5382
3171 7122
3825 2565
4102 7283
8891 2471
1082 6709
6018 7124
5335 6247
3334 9280
6633 9762
9540 4467
4630 2279
3525 4403
1355 4582
2969 1997
2187 3961
7380 5358
1083 1205
7924 5186
8488 6815
7657 9571
3525 3675
6696 8860
9923 31
8140 6557
9793 7681
1025 4424
9960 4550
8827 1316
9132 1797
3313 1320
5758 693
6678 6842
1898 4602
2028 387
1418 9686
9959 4943
3362 6655
3804 3285
6687 1945
9842 6481
9626 867
905 9587
5418 9733
903 4551
1531 4216
5871 7290
4909 2550
4133 6808
7153 6161
7195 8571
5848 7155
3515 9210
3810 7319
2495 498
9265 2338
6979 8891
3205 7885
8479 8623
7619 9382
3175 9150
3599 9046
6440 8509
1596 573
5317 8749
6735 2513
7321 2583
9668 837
1793 3479
8157 4289
3977 7422
6627 957
6314 9832
8842 4793
8456 6462
4175 1632
5612 7775
678 2053
6284 2275
2626 1602
1024 9362
4115 8346
1946 3784
9183 3740
7263 7340
8029 1241
4762 4656
2199 1077
4489 1042
5870 2946
7504 46
4578 3116
7821 5256
5169 4105
7531 7796
5708 8556
7159 9823
6903 9105
3607 6086
2845 871
3427 874
2113 8189
5531 4312
9266 20
5354 5137
2967 2858
5183 7545
5975 3004
2802 1144
7110 334
8941 2818
8891 6100
2642 5794
5205 6250
1881 8050
7122 5308
8925 9235
3498 4456
3547 2765
4477 8902
7902 7444
1760 3085
4990 7735
6090 7793
8880 3201
8128 7821
6020 7019
3922 8663
2814 9127
4914 4696
7178 2036
4 6104
1271 3502
560 4819
6268 5038
3721 4170
2483 5482
7256 7473
3217 3347
5267 2097
6548 3395
9919 2569
415 3841
1232 3230
2969 6147
7926 148
8183 7930
6253 9455
1433 6814
4274 7701
1852 7996
1872 4335
3478 9128
1809 6695
2475 7076
8793 9024
472 8713
1594 887
2555 2827
4118 5525
8974 2044
5674 7157
9975 1927
6613 1409
8741 887
9111 593
8884 983
4929 2362
112 6738
9058 2588
3814 7852
1613 4287
6565 3207
5175 9121
6035 9293
4646 5009
1338 320
2167 1314
2248 8780
2723 989
9668 1834
1583 8552
2818 6512
915 2931
3250 9973
5519 7065
7825 7132
1353 4391
340 6528
3512 6375
5821 8159
1385 7159
8480 3553
8473 728
2333 1197
1718 2002
3032 3301
555 5851
9814 1470
8782 3065
1444 4301
131 9270
1434 1484
3661 1774
8012 7174
8150 3834
5334 9536
993 3814
3089 9467
4542 5423
665 6261
7426 3697
9562 7981
9549 9377
9451 8331
2442 896
2633 2573
166 4067
4057 3828
5842 2070
1003 3993
5904 6337
3529 6898
151 6619
6366 4694
2043 7031
955 9469
729 518
7450 278
9895 6902
8610 2337
7798 1243
4911 7965
5310 8969
1793 1153
1039 2797
5146 6944
9134 8676
3842 9286
5295 209
3980 7338
7240 4936
6807 7970
5454 4258
8249 5350
1160 6859
7687 8959
8102 2599
6925 3413
1568 8719
4566 2608
1516 9712
9553 650
8389 3395
9937 3684
3604 3917
1023 845
8853 7830
8816 4308
2089 7065
9658 3250
3925 7346
2209 2028
9945 9134
5441 1514
7854 8
4123 9370
9721 3676
21 8110
7072 9958
1795 677
3875 2818
1523 2729
649 339
7038 2738
7405 6696
5988 1330
4043 8198
3359 3989
7333 8801
5503 5187
8809 9627
4557 8531
3304 4578
6641 376
4536 8436
1054 8412
1254 2577
1142 1903
2917 8180
4642 322
4877 630
1653 8920
8828 5012
2909 6162
3813 8413
1349 2622
8040 5906
1153 1345
485 7795
1722 5021
6232 2776
3434 7486
5354 4576
9390 8271
2757 4033
8593 7634
4663 247
6554 3492
5259 9464
9654 9072
7877 1003
1695 5918
6910 2849
7263 7395
644 8985
2417 6876
1762 5852
4363 7116
429 3754
5388 3186
7787 3982
821 2451
4229 7376
5944 9488
6840 5599
8561 4718
6603 256
636 3513
3105 7899
909 3750
6885 3327
627 8647
9179 4991
5764 9608
8746 1152
2795 6533
5134 3617
8985 9363
993 4930
8852 7834
529 7413
2552 7133
7669 3189
646 775
1089 1556
4526 7974
4883 5153
6622 4062
145 2386
3671 8891
3539 6466
5424 8673
83 4410
8036 1077
9341 6888
8911 9870
4302 1464
7003 1971
4653 7650
2747 5742
9206 7273
3717 4090
2427 339
8152 2572
2726 1824
1463 6265
8291 6888
4938 8375
1299 2975
9452 640
9864 8364
510 4166
9828 7514
6138 4482
5165 8885
224 4372
6159 3941
8462 8587
4280 6615
1159 7007
8439 2623
3272 6730
9511 8211
5105 811
1186 4558
1451 1050
2923 1962
5217 2751
9476 1355
7234 4642
241 7458
9014 6401
1399 7476
4989 5680
4091 6148
2688 2531
8772 5960
9261 8284
4171 4367
9095 5358
8926 546
6409 1849
2508 1626
4601 1985
2982 1835
6627 3224
9294 5642
9626 693
3118 4615
6374 7210
764 9062
9741 9536
5023 9003
7820 9194
3370 6915
4552 2297
7462 961
4146 9971
2588 8748
1956 5570
583 8584
8795 9877
4226 8421
571 7344
3036 6946
4555 3800
6009 4296
3337 1032
3299 1157
227 6670
8073 4780
8967 5536
5742 3114
5507 8330
1862 7463
3901 2446
6048 2696
2324 274
1118 2896
7619 4155
9843 2174
7955 5853
6471 1293
6885 9770
2451 7113
6441 525
1894 5408
6061 7636
8523 1568
5966 385
9032 9868
2832 5080
2564 5157
5355 3683
8054 2974
7838 7897
5149 5794
3750 1620
7087 636
1391 9539
7750 7832
64 9644
3241 6125
7280 1764
7694 3247
2150 6726
3115 4982
1807 5680
140 7162
9363 8194
137 7201
6091 5286
2996 9842
6907 83
479 8298
9622 8229
6131 9687
7873 9372
5812 5154
1137 3506
8401 3287
233 1517
8270 2040
7197 8410
9203 6561
6604 9340
3763 2696
4626 6759
2539 1534
6843 3018
9833 6466
1247 5964
6153 9121
5337 1965
4275 6474
5472 2677
9761 5706
4194 8031
7747 1391
6442 6950
7952 3046
6290 1716
5743 917
8475 8282
2451 5318
1300 2284
1784 2548
8249 7937
1670 3587
9903 5945
61 5376
8623 9823
1082 2817
7855 8830
4209 4297
5780 2162
7344 2071
3878 3087
2988 2353
1370 5440
7671 2671
7725 9456
5220 5975
7394 6890
9562 7297
2836 9623
2674 1459
9447 3756
4276 7302
2586 8486
1600 8367
648 8944
438 4526
2032 3427
6879 3403
8867 4551
6074 6593
4007 1294
2568 1402
8185 2130
8699 1021
1754 1373
2481 1201
5130 6758
8504 7717
5244 104
6085 5892
9049 6523
418 1082
9950 7298
4485 8818
1849 560
5411 5857
1855 7979
7259 40
110 5959
1062 1864
7333 3543
3065 2463
301 1570
181 5545
1674 6266
1437 724
2789 1856
1806 2740
9154 6291
1559 1004
6851 6970
6861 8706
4950 4121
8747 5060
80 9809
6924 7414
3352 9990
9877 3654
1560 59
9199 3235
6325 637
3959 9115
2493 5766
1856 1648
2057 3415
2652 8909
386 9514
7616 5336
3635 6364
396 3716
6173 7321
1130 9526
7311 1008
3180 8871
1068 2379
2107 7393
3017 6066
6509 5510
1832 8366
7158 3890
1781 9810
2800 2167
9325 417
7503 2960
6781 7900
6677 2954
5221 7808
2481 2532
8816 5661
1404 9884
8041 3512
7278 1058
9579 3788
6568 1411
2154 3727
5302 3936
3538 8103
6103 2863
8520 3607
5824 5301
1507 2501
8256 6729
309 737
9262 9126
6398 666
9011 4439
4179 6290
5497 3758
78 2066
5169 2233
5794 472
6169 9332
8575 2272
2196 7096
5880 8020
2397 7388
521 654
4117 831
1391 3379
9958 7790
4046 8970
2230 8225
5260 7728
1983 5339
9794 7153
7572 5588
7626 3741
4921 6202
6014 7117
3298 1894
5137 5696
9283 5659
6350 3401
6491 7742
6781 6450
5533 828
5420 7763
9053 680
5491 1037
6019 5286
8191 3592
875 5818
7333 5796
2020 3348
2914 5319
5243 8051
1015 4526
3711 7366
7927 203
5109 4708
6653 642
5537 2073
8406 4591
2753 3898
5628 8773
9184 3820
2365 59
9638 9699
5856 1659
3047 8770
6978 8291
6822 7994
2817 533
5361 745
736 471
5454 7390
1114 991
9463 9520
5582 2217
3418 1211
