1000 2
3695 9271
6821 4371
3066 6175
7363 5100
5711 7213
9569 8612
2164 3175
8862 7555
5552 9952
8001 437
4028 1644
6292 7993
7414 7244
989 6539
2569 9656
6636 6265
8928 3458
636 1994
9633 7999
7095 5345
5213 6664
3958 7377
9840 2820
4933 5392
2773 2934
5829 6801
4578 2122
4795 1993
9367 5784
8533 1936
5441 5169
8202 4370
8627 8839
6365 8261
6839 3460
3606 2052
125 7565
9429 9965
385 4363
5358 3158
7297 1188
9960 1875
3311 4755
3869 2678
540 2402
4615 5981
7571 2817
352 6199
1657 6717
4460 8496
177 8067
548 302
5632 9978
268 6018
4341 5626
9177 1639
6815 9137
3515 126
3892 7384
2804 4433
9786 7420
414 7358
238 767
3557 1895
7484 8018
391 7661
6086 940
7963 1719
919 8231
7737 5261
3858 6914
6900 673
6052 415
800 9944
7800 3605
4377 7586
1025 4792
4945 1263
5559 8502
3159 3043
6521 3551
705 2607
4491 8668
4326 5411
6900 2063
672 758
8978 7573
1432 5030
7989 2232
4975 5789
5837 9353
3376 6862
4146 8321
8126 9706
6823 1285
2750 3345
4837 3455
5952 9328
2124 278
4740 9024
2342 5412
9783 1321
2986 1215
6351 975
3447 1327
6764 9285
680 140
6147 4827
8461 4274
4533 5285
5560 7283
8630 397
738 4583
9726 2862
4862 4466
1887 7205
9879 1670
8526 2865
2886 4878
3840 6333
6206 605
5619 6886
746 1767
1714 9208
6041 6247
4494 1602
3530 3125
1999 4269
7708 1725
7131 2571
6192 9018
9776 6071
689 8302
8937 3575
3181 2778
9909 9387
3383 5528
6274 4130
7295 7988
3338 3337
4236 7833
4939 7766
958 6938
2036 8666
8664 9167
1238 4856
8186 1014
928 8876
9317 9865
2451 2498
2643 2361
1886 6027
7889 8160
157 5185
6149 3496
8523 385
1329 3462
8152 2287
401 188
954 9066
9356 2192
3923 7543
3206 4851
6419 2524
4716 8871
5023 7359
1232 6909
3386 9122
5070 3544
4307 1219
7040 2830
1605 8369
6293 9757
656 6694
9946 1611
5761 9302
3803 9684
6845 7010
4535 3264
9534 9252
2135 4557
6612 3368
1467 9999
2490 6537
3543 6797
7757 583
9628 9363
8953 5922
9120 9610
2616 9067
1221 8378
8369 5025
8062 5214
2035 2598
8479 1570
1850 615
6128 8462
3983 7595
8462 6473
4133 2005
3271 1890
2589 2900
1254 1543
8822 375
1153 1439
9442 2375
9817 7811
7400 7880
3026 9436
478 1506
1007 2328
2121 7135
791 6105
4731 9253
2579 8864
1259 5851
755 3848
8751 2009
5392 7573
2385 6545
9013 1827
8921 8831
9639 6322
6711 2666
5759 7189
4172 6766
9518 6294
3902 310
2400 8633
9564 4979
7498 823
830 8254
4672 9582
264 64
7156 2649
6610 6169
4476 5531
5000 4115
1853 1711
6781 7612
8901 954
4379 8419
7248 8281
8730 9649
6915 8294
4628 4413
9117 5459
2668 3790
5041 2932
3854 2197
5581 465
8367 58
5996 3367
4173 7850
5079 955
5463 3981
1910 9842
2401 9158
8124 1131
8808 5039
9425 3436
9453 8543
8895 2121
2333 3937
5054 6187
6135 635
6652 4502
693 2649
7870 4867
500 2949
5823 5963
6931 7733
5806 9332
6892 3930
463 5700
8970 9888
9136 8424
8431 8032
546 764
1970 5600
6952 8105
6236 3605
2607 6930
6255 477
1797 6755
3427 7620
2718 358
5354 8524
9690 2246
2455 153
7946 1426
42 7083
9850 8474
5116 396
9239 7086
5997 6191
5191 2233
9797 7799
9163 6052
8276 961
2807 1704
8582 5525
2062 3936
4050 1753
6182 6506
1907 4129
7932 1950
1212 7782
424 6329
8179 9663
3415 4176
5855 8607
6409 5652
6406 5573
1704 4683
6534 4511
6387 5116
37 8450
9052 4088
204 5235
594 2111
9364 8526
4061 577
6309 4486
6906 4488
4149 322
8664 5
8929 5074
5657 5336
647 7362
19 7181
1874 6406
2298 1912
4857 1350
6000 5061
6586 6595
7173 5950
5121 1235
6527 1430
5721 3434
5919 9871
3756 4583
9876 2686
9657 5534
8022 305
2896 8042
7487 4771
4449 9785
6683 9306
1136 2683
4368 7722
9278 1541
3673 4400
2776 201
5831 8498
3635 1750
8369 7392
6334 8246
79 5991
3780 8102
6297 6677
6144 3784
1448 593
3570 8132
9900 4706
815 4269
2429 94
5810 6102
4495 8587
6303 326
7085 9939
2077 5455
7331 8411
3702 7410
4403 7483
5512 700
4161 1657
4485 5609
2251 8055
3742 2152
2762 4558
6421 5191
4653 2232
1294 9148
820 7598
9475 7905
7537 1553
3361 4869
9964 7064
2279 4367
4547 7792
5068 8708
9450 9553
4318 1701
7609 8060
3854 371
2618 275
5563 7271
2508 6857
6420 3328
4455 5895
1234 1993
7448 4595
6862 7413
1660 9142
1781 6207
6935 6849
4915 6385
6403 9234
8087 4012
7295 1941
4383 9913
2217 9946
7185 4725
6804 3605
8053 1260
9501 9287
3253 6950
3883 116
4364 5543
9258 6145
1751 6193
2994 6666
2578 9397
5901 666
3409 3196
2607 7793
3110 4824
7740 295
9550 4544
3901 7603
5805 3403
6891 9059
354 774
9175 4718
6318 8433
863 8069
4627 3858
4736 7206
3256 637
7872 6666
3834 480
4459 6944
5305 2200
7240 4855
6745 1141
2458 2550
4545 9350
1609 4899
125 785
9617 6443
9219 481
4513 3846
4339 9249
1052 7595
9887 8925
4262 3722
9405 8721
666 4710
922 7906
9565 7667
9048 2024
217 3593
1374 1827
8492 1500
2612 8110
7943 1832
8591 2457
5678 2931
1707 6731
527 1594
5656 4789
5316 5062
3511 5983
9772 4433
3889 9338
2100 2938
1363 2318
6531 2738
4146 5024
4238 6759
3135 2181
8591 1726
4639 4269
4658 6346
1001 5186
7940 6657
9975 3257
1720 3487
9241 1492
7921 3131
831 22
6069 2194
2340 2601
4932 6486
7625 9170
3245 760
1352 1837
2487 5991
6107 7146
2337 7108
2332 278
3766 2307
3536 5486
5795 2777
6979 3716
5908 7810
3738 1977
4 6079
4578 4936
2565 2204
4106 5811
2965 5459
7649 5452
1450 3756
2598 3788
865 4931
4066 4631
7238 7602
118 3034
380 7097
6751 6288
4907 489
8266 4912
6568 2844
9848 9134
5049 3955
4946 8014
9414 2596
3467 864
6352 6066
4653 7217
997 8719
1849 8236
6322 1967
1270 6702
9065 8021
2990 3973
8511 1256
8885 5080
4101 8733
4215 9150
2689 9161
7165 2103
1757 632
2968 8110
6699 7621
5328 7696
6341 7178
5932 2663
9146 7203
9365 8211
5224 2356
2184 3736
3613 1070
8816 7714
9803 3031
6865 2493
2193 4031
4596 3951
4664 7565
2061 1363
5187 7390
9059 1528
4568 4992
4191 3714
2195 3557
1926 7420
5914 4111
1156 9527
5181 9972
7241 4985
3003 4107
7478 5196
8138 2075
9148 2802
9640 1209
4165 4828
8600 3225
6356 3168
8217 548
6883 412
4106 8810
7832 20
2921 8988
9547 8103
8961 6789
3088 1965
897 567
7161 9036
2642 6309
1838 2283
7519 6004
7111 6120
9230 3468
9289 7447
4017 6173
7860 8123
4983 5693
8143 7905
4682 7691
6008 3643
4481 9097
5608 5378
9664 2770
4414 2307
9080 6253
4591 6600
2258 1702
2720 1488
5171 2009
8935 9188
8182 6796
7312 3165
2489 5456
1071 7171
3147 7079
814 7629
6177 6423
3007 5842
9193 7422
8149 8273
3675 2740
4873 5933
4443 7594
7422 9614
9603 6357
8803 7785
3154 6115
951 5643
1571 2023
2814 4718
9102 3629
2347 5280
52 5355
1122 9245
2777 9271
7519 6453
2011 2393
2387 6455
9987 9809
6069 9591
6167 4872
7377 9321
988 8329
4964 2559
352 7779
7278 9454
1408 9626
4735 1461
4981 5857
707 7759
5128 8226
4213 7140
620 6600
3596 608
6410 9665
199 2577
4538 7576
1899 5526
5905 6864
8085 6257
4643 5364
5712 6052
4990 447
7514 9971
6304 8221
7731 1433
6448 1945
8574 7068
8546 2170
7677 4956
1836 7876
7534 6375
5452 9433
1902 1358
6298 9988
7616 942
5352 3328
6994 342
3776 4509
314 81
2730 8045
1515 9179
9990 89
6248 8536
2260 3925
3493 4097
1801 1027
472 7254
461 2375
8612 6759
2363 6229
7701 7715
9557 4696
8058 3334
9205 8372
3415 1936
6417 4930
1116 6408
5020 7364
4945 7281
1289 8439
1378 3090
9466 1851
345 9928
4226 8958
6688 6590
5187 4390
4306 4745
9086 2364
8079 8292
736 1494
229 7154
6425 1345
3563 1445
8709 8508
8726 9999
6947 105
3090 6414
1957 3435
6343 6184
2394 3031
2774 7581
7421 7081
2327 6508
9445 406
4801 181
1901 5030
7336 8326
6376 899
9772 5086
9408 8499
5086 6356
8604 8176
2770 562
1612 9113
6746 4006
2145 9521
1588 9566
6602 3915
6075 6048
4322 876
6229 6223
5907 3565
4549 2284
4465 4322
7370 3873
2821 2456
229 1426
633 3000
1988 2245
2114 8735
6252 4259
8257 7840
3826 4860
1755 9901
908 6077
777 7137
2301 6685
703 6851
8969 5169
1173 6340
9042 3994
8797 9271
5421 9430
2272 7409
1675 4386
6145 7927
8645 4402
5768 2472
9263 7524
2373 171
3602 3151
7309 5903
9836 8013
2754 8806
3182 3927
5146 2224
7922 3943
1496 3343
3374 3768
753 5050
8155 6899
2978 6801
1302 8746
9273 565
6270 1646
736 9872
4798 8045
5776 4635
6059 8530
3441 9241
2458 8588
1465 381
2532 2962
3725 5906
6731 4478
956 4886
1377 3934
1687 2680
2680 960
3245 8951
2607 3982
8824 7406
2028 4600
2041 8087
3131 5483
7328 5590
4072 8794
5971 6604
1756 9696
2510 8488
4175 3467
3374 5553
7401 5062
8233 82
6023 1478
9033 8631
5460 7858
6037 7488
2458 8079
5575 5590
3563 2904
1180 7635
1698 7151
4240 3455
6848 6750
1943 1023
218 5318
6576 7619
380 4809
7701 6404
6288 6735
5035 1748
4593 1073
9237 7052
9152 4813
2642 2716
7717 3822
352 9415
974 4592
2871 7822
1343 4815
8845 1561
133 5421
9181 514
231 6883
6918 6519
3618 1953
8268 8212
3026 7505
5264 2179
2318 7906
4896 35
1729 5248
9451 2703
9841 2322
525 1184
7137 9371
2746 7271
4793 1927
7785 5024
8811 4703
1544 2429
6657 9812
642 9683
7317 5906
1863 9635
3813 6759
9671 5542
2008 9122
8246 1849
1445 8772
3034 8583
8144 5781
5854 2937
7709 3639
7962 6520
8343 9507
8950 5000
9319 9592
4684 6637
5499 6548
6273 9312
3308 5944
4855 5317
5067 3102
7166 6513
1874 201
5096 19
5983 951
2957 3692
4590 919
213 2934
427 9163
7935 9746
8756 2620
6384 4255
9168 2657
3568 2476
8602 8423
7793 3670
1526 4960
183 3401
5162 5279
3420 1146
6230 6377
4838 821
7297 5052
3756 7724
4215 1691
7471 2972
4311 3855
7227 3480
6512 795
5957 5115
9219 3751
8785 746
8712 8968
4147 3874
4248 7567
5021 479
3945 9859
1301 1242
4912 5057
8967 9128
6749 6438
2100 1061
294 9327
4542 6806
123 499
1922 9343
4250 707
89 2962
9676 4236
6837 3924
1804 1858
4404 5749
1718 5705
6992 6631
763 5959
5759 7513
2398 7859
8575 2692
7187 3117
9499 7311
3616 1421
6654 7867
2129 6744
830 1805
980 7668
5730 2785
9527 134
8535 1246
5840 5528
7877 6603
1487 3636
4117 3886
1496 2692
6578 8683
5809 6078
5994 9426
7499 2649
7293 9628
9393 8124
1434 374
5792 7164
3160 5319
7298 1695
6565 3138
7223 4443
9742 8711
8079 3859
2597 9575
6552 9176
8259 2361
5254 4254
1788 2754
6903 9081
2383 6297
7205 3817
6672 2998
981 9832
8318 8280
1528 4884
1418 8752
9327 1161
7463 7406
5021 61
6982 1573
9238 5241
3935 4493
9495 5723
7247 6399
4805 9630
2696 2011
3447 9368
5009 4428
9201 3327
