1000 2
2854 5173
9483 9131
9357 6645
2257 5895
4253 5556
6244 4476
6335 8492
4188 2475
3517 5845
911 2007
2118 7294
6416 6003
6186 7591
4772 4987
9322 9005
124 2176
4178 9608
1307 3535
6254 3564
9431 507
9121 5675
4983 5457
4167 9172
7933 7685
5017 8844
9692 7136
6139 6108
3140 2325
3700 7912
7312 3023
6917 7437
5199 1096
7046 6507
4632 3300
72 4063
3808 9194
9739 8792
4651 3907
7964 2584
1592 2982
1429 1285
119 7568
7393 3259
9894 1094
1172 7207
4117 8090
4645 9317
9186 1691
5824 3819
4992 5897
7882 8800
5091 7622
7592 9742
1529 5557
2327 3122
8540 3756
4407 8659
1325 1801
1919 1219
2896 3091
8427 7013
1182 3072
6331 368
4764 2155
4187 9756
8053 2070
8557 3144
9693 6150
2887 1222
1708 5214
4344 248
8971 8752
8907 297
553 826
1516 3449
3918 9944
463 5100
3016 6794
5469 7781
8950 9657
7538 7003
1728 6095
148 1421
2246 3035
2644 3954
8250 6989
4202 7221
5741 3110
7518 6295
3937 9035
9744 7855
8979 208
2955 1996
7002 8425
9777 5953
8082 7315
2956 9810
3411 3105
1231 5657
6140 3875
9612 4390
864 3815
1612 6606
6925 9131
2901 862
8167 2645
8717 7147
2854 1673
9144 9856
98 8921
5809 8180
6237 8766
7991 9649
1871 9222
5306 8012
3098 4919
2403 3963
8734 4016
569 5659
3148 3470
6522 1315
6116 5240
8463 8970
6913 7607
8827 7012
6529 4637
5193 2767
3404 3184
2416 5276
2407 7723
3288 5505
2642 5691
9469 1377
9708 38
7037 2856
3509 3559
4172 9626
8799 2635
8597 5713
243 7424
2726 6773
2062 7919
9540 5466
1104 1957
742 3511
9680 4030
9017 2323
9722 8486
3700 9431
8525 737
2287 2034
4297 6460
1661 3096
9096 258
8810 9339
7682 1536
6113 9745
9456 5654
5211 560
7611 5953
4072 7292
9984 3090
9615 9707
1576 3316
9139 102
4054 1426
2136 8351
7887 3797
1448 6983
4056 259
6323 1738
1795 2436
1483 1252
8090 6695
1812 5702
2649 5885
2994 2634
8975 2610
2342 551
5927 1481
654 9981
2908 2791
8333 795
6588 9782
7778 645
41 4101
2383 1836
6537 3867
3088 4628
563 4901
330 3212
786 3325
5846 9761
5936 8188
313 1863
9669 967
1845 2577
3758 178
3372 347
9960 1151
992 1
5252 3376
1838 1789
7244 4927
6418 7808
9829 6749
1020 616
74 6867
377 6011
5056 691
7874 4726
1659 9719
7304 5418
9898 677
5766 9859
1828 6759
9861 7080
136 1700
8870 7380
6628 5288
5189 6457
2037 6209
7073 2112
3077 7451
8123 8133
8143 5998
2860 9803
5718 164
5221 5616
841 987
5476 2669
7747 5337
9750 7883
7037 8620
5264 3666
3909 453
123 5947
6663 7197
8060 9740
4649 6184
7874 2793
2182 734
2596 7901
898 7818
3518 1740
8806 8994
4409 6553
4331 4159
4436 1369
2780 9700
5036 6689
153 5160
2637 6817
2357 697
6557 7007
6881 4432
9801 9064
5166 2398
6965 6065
216 483
7805 9023
9477 2214
5576 3809
6374 13
5179 9155
9714 215
5845 9868
5375 8482
6685 7733
9180 3242
4741 6062
7675 4543
5126 2841
6941 2092
8907 7158
2575 6712
6181 2053
8927 1758
5863 5301
1771 1043
4457 1485
1259 302
1353 6635
8784 8039
4369 7964
1282 9111
4026 8957
3654 9153
1798 596
1245 705
7754 3821
7418 3936
5875 6345
5694 1739
1647 7466
2782 6104
8952 4041
6406 306
677 5191
8345 5046
3156 9627
4157 7183
8584 7812
6336 383
8408 7582
1089 6162
1404 8507
99 7279
4853 5794
9018 6500
3260 1801
2605 2213
5843 9012
2519 6520
4203 865
1567 7359
493 5725
4542 9077
3537 879
9461 1945
8462 551
8107 9866
9058 8207
7146 3912
4001 6165
413 7262
7967 3018
9475 3810
2031 1995
331 6234
2861 1899
3594 3354
7624 8137
2432 1161
9017 1893
3106 7479
2444 1214
7346 1503
9421 4493
5416 3422
658 5829
685 8625
8848 160
2436 879
2156 2767
7114 5017
4666 709
8371 2290
8847 803
3452 7864
2697 6558
5344 5141
7772 2691
6645 7193
7184 2061
616 7842
7890 1301
6468 6739
1462 8905
7619 3618
1672 4733
8636 6339
5443 7007
8630 4290
7811 2082
2155 508
8641 7500
5650 6413
191 2295
3607 7375
4357 4224
5218 2248
5526 1687
8987 6988
592 6606
607 2265
1340 9243
8605 6783
6250 7236
1074 4061
9319 3229
4570 7960
729 220
4373 920
2516 7981
8296 6873
2205 3515
9121 7731
5202 8108
4720 5795
4715 5327
8060 6055
4570 6665
2838 821
3901 3912
4883 3221
7142 9453
1181 7871
9673 5555
8792 2189
3536 7089
9062 5742
604 8184
3474 5807
6292 8194
1602 1007
3522 9662
7063 8092
6328 9902
8914 230
3815 3797
3451 957
3250 4632
8829 2924
187 7621
5114 3724
4710 4177
9467 5315
2361 2941
1122 8654
1136 2724
9661 4658
2387 6725
2751 8715
6627 1666
8946 442
5463 2397
1399 8714
7030 228
1638 7218
7850 6753
943 2561
930 410
7876 3291
3352 8998
1945 4489
1722 1607
9147 4110
8332 1899
2826 4960
3565 1772
5402 9029
4170 6802
7743 1201
7031 9382
8420 4882
6136 9363
7443 7066
9774 5319
358 3126
4317 2304
7615 6040
3911 6763
150 2244
8663 2976
7205 2229
4749 2607
1258 8919
9410 9002
120 6441
8385 8540
1324 4522
7904 8767
1588 7678
4086 1947
805 8404
4251 8421
4445 8163
5185 4596
407 3848
7573 7612
6077 2322
220 7336
1242 9630
6339 1363
6072 4725
9904 7397
9247 7808
6164 836
5487 251
2783 6293
8656 7034
4714 3101
5197 9899
7698 5605
3748 5271
3218 9826
7593 3438
7163 8835
3069 3502
199 9142
8228 103
6539 7476
7912 2704
8312 3399
2955 1096
9692 1612
8130 4407
4713 3328
4306 2411
8933 8055
7683 2152
7881 5276
5591 5044
4112 8661
8547 4312
7804 6775
4415 4343
4252 2327
7048 2564
5727 4
3660 5419
1616 1791
9827 6330
5120 4133
8742 4054
2188 6425
6206 70
1702 1797
5114 5815
458 3661
127 8262
437 4543
2606 4690
6870 9655
7254 2598
9659 915
8017 1275
2707 7844
7606 7827
1978 6348
1881 4167
2774 8087
4237 4476
9885 9352
292 344
3014 420
8606 3451
4963 1213
8142 1834
868 5396
4432 528
6312 2449
1803 9020
294 9410
6847 2273
5758 8729
6441 8533
6817 678
3009 6702
30 3302
7046 3045
3722 5653
6497 8685
6866 4639
519 7735
35 4951
8263 6348
7401 67
5368 7696
9477 2216
9970 5236
945 6411
3769 7762
7090 6779
4465 7121
81 1511
166 3804
7165 6663
2489 4031
1302 3009
1767 1338
7961 30
7686 5362
97 3055
3059 9574
5272 3029
4811 6217
9441 8581
3980 6531
5360 8446
3652 5442
9958 3818
9246 7123
481 1736
1155 1783
4746 2922
3121 2707
2952 808
8070 3049
3863 1129
2624 9135
4159 7435
5353 3600
6016 9334
131 1377
7780 3783
6820 7738
7601 6067
4862 8083
7803 6017
9866 2550
8939 2987
5257 1891
3795 3327
4941 7659
4457 7565
6795 8617
5001 2149
2218 1018
1483 2349
2395 9264
6133 9216
7003 3735
5283 1865
1818 3087
7882 1685
5637 6822
4672 894
8713 8468
4222 3654
6128 8680
1220 2923
7298 6222
5073 9516
7240 6557
1866 9636
5821 8000
8852 2825
1735 4135
4690 3554
7222 2573
5239 2860
9395 9912
3754 8109
8381 7977
1764 4509
6658 2984
7433 3956
9207 2507
3473 6447
9064 5339
6084 4885
3340 4937
7711 5076
9072 2401
8630 6295
4975 3870
9156 4370
3783 2911
2479 2164
888 4243
6674 7547
7228 4108
1504 6435
6615 4977
2883 5679
317 8967
565 3657
3904 8276
8733 2977
677 7364
9273 5653
1235 8429
23 5018
1341 2503
7182 2230
6746 3857
9777 3975
7965 1281
411 4580
6259 3294
260 6576
2262 825
234 6167
9101 8968
9144 9779
6332 8418
5432 7568
6848 5456
2586 8189
7959 9769
419 4706
3626 197
8681 1592
1479 9093
6173 7738
2387 6433
4315 4649
7258 4549
816 6360
3518 9961
6139 9851
8380 1572
7419 5229
7028 5
3418 4988
9775 3838
9694 3401
4036 8376
4994 5515
7469 1167
3254 9857
7600 7569
4506 4859
2119 5323
1219 5637
5285 7359
5489 3665
8932 2908
8894 5960
2914 2313
949 2689
6152 643
6091 189
9020 1085
5704 6489
2252 8958
6347 9853
6528 853
4713 8648
6177 5932
4285 1462
3292 9775
5128 2224
2683 4023
8185 5597
6337 9134
8287 2489
9778 4378
2678 8798
5464 8383
5288 7716
7342 1635
7570 3870
2489 2283
2518 8667
8216 6804
129 1509
6580 5258
3734 9263
9281 1919
4861 5619
1054 3148
8108 832
7527 787
9631 2991
9171 4919
708 6513
6555 8278
384 9044
562 2903
7712 8779
9708 7841
288 6288
3100 4022
5552 2382
5942 413
8001 6997
3562 6110
7829 1089
6898 7461
4080 6069
2381 4788
2583 8936
3067 2967
7981 3630
5871 5693
2409 5579
3535 2698
1868 6636
6721 7420
9018 2664
7834 7019
9661 1396
3130 7491
2485 28
4952 6566
6097 7333
1355 8681
6270 4422
1648 4252
8052 7520
9946 462
3100 3481
3160 4968
117 9882
2389 9136
2546 223
6156 2207
1619 9286
9698 4105
9314 4651
672 5412
1985 2027
4093 8255
6450 5742
2507 4502
3262 2454
4965 6363
5935 8125
1331 6053
8007 3721
5190 554
3944 1346
2761 5564
633 2460
9670 9947
7111 342
5360 9096
2370 9454
7352 8820
5196 9860
3323 8459
2314 8288
4822 8250
6414 6154
4303 4422
9876 9494
4976 3820
840 7737
9385 1473
197 9056
1421 7309
9399 6782
6405 1769
6236 3757
589 1433
3617 3913
9892 5931
2201 4715
4181 8616
870 8485
3038 746
7979 8014
4567 8820
5752 3953
294 5949
3009 1716
3258 2408
8498 9664
4177 4734
3421 4767
6167 7039
8680 6060
2971 882
776 7152
9498 1646
5638 2536
2393 3618
550 6961
2439 6303
914 2734
2252 3923
4450 5511
6331 2949
5175 509
7684 8597
5276 3851
5636 3957
9912 8608
4839 689
5761 4338
2335 1399
6874 4729
5018 7425
1690 7457
3728 2604
191 5981
6528 4642
1493 2859
7591 6668
3369 5275
5266 8646
9127 903
2603 9040
9511 7443
9729 5272
1781 2065
6672 8656
6794 1690
6082 8485
9148 9810
1090 9340
5792 7618
3982 7285
478 1574
3954 3847
6849 9220
2493 5977
123 5097
5017 9635
2540 4746
4907 4322
6811 1579
2978 3606
3269 9060
2091 2418
8871 3182
1758 4663
800 5741
1948 1279
7315 5903
5127 4165
5123 7621
142 5247
2718 5160
4882 5259
9906 9790
9581 6718
1369 2559
325 4639
1620 2416
7057 491
5598 8816
5154 6399
4557 7103
7678 1873
3007 2806
6038 8130
427 6181
3378 3145
1341 8260
8404 1248
8050 7986
7967 9420
546 8292
4059 2166
709 1117
2657 6308
9933 7812
2707 4491
4916 386
6364 7923
3192 2403
6054 3620
8584 9433
6766 9926
7694 5171
1175 5745
3157 9142
5165 3703
7434 9225
5869 8144
342 8527
4452 276
6340 7160
4768 1257
7547 1132
9181 740
3535 5235
4360 2120
4668 1126
2046 2362
6297 3222
8108 9454
2364 3273
3158 9799
2498 9028
7943 2841
7555 2396
3118 3896
9556 7886
5153 7104
9019 4334
7844 2555
9570 2204
4676 4239
3330 6723
6602 9628
9945 4710
9082 2309
7983 2240
2109 482
1269 53
3324 8824
2449 6443
2721 2006
4330 7874
9110 3349
2209 6955
5905 1779
9159 581
6018 2490
7304 2620
2118 7249
7330 1201
9559 5314
3442 1669
5797 4711
1722 9121
3536 4172
5565 6257
6179 9895
4131 5290
3245 6340
2245 9150
8120 1405
9732 4138
3895 7037
