1000 2
7687 3385
9339 5874
687 3794
9920 6792
4058 6047
4407 8474
4101 2161
8390 6230
4677 4746
6720 3427
4020 6402
1679 8323
9737 9418
2628 9144
2126 7279
631 9813
664 9971
5688 1352
3766 5608
8144 7825
1655 2552
6300 5756
4714 4690
1986 9392
9436 8707
2820 3457
5110 4499
1780 4847
3918 4409
3991 6044
1689 4623
5858 2353
4595 1546
3706 8361
7154 1851
6186 8810
4403 2486
4567 9118
7177 6554
8510 6614
5261 1330
71 371
5830 1852
5218 9748
6262 9210
5793 7951
3834 1651
305 8429
3198 4011
6790 353
5863 2977
9163 266
5464 3731
9384 2641
285 7895
9256 5547
9225 9327
5918 5055
1180 1137
4804 7442
348 598
5393 4182
2249 5698
2611 5448
9710 9402
5801 5573
2379 4964
5840 7843
8695 5225
485 8981
3120 9742
4528 2345
9070 447
7401 250
1585 2206
7692 1933
2804 3086
6115 5054
8784 8727
502 8495
8129 6303
4068 508
1268 9908
8352 9964
5134 8838
8945 8254
8580 3474
599 7650
3921 8001
7900 5507
207 5593
7440 3011
8679 3555
8066 7464
2282 8568
5959 412
4871 28
920 6140
9937 9272
6104 5071
8110 5050
3325 6691
8525 3925
4341 2447
1927 2242
7954 2134
7835 5394
5146 6515
8950 3212
3980 1233
1781 9940
1645 6653
9968 2565
2793 9906
1838 8898
4978 9949
3948 8304
6640 2474
2229 981
4921 4157
3224 2875
6291 1059
8269 1438
7575 7220
4651 1555
8453 6432
1495 98
3085 1464
2664 5879
1370 4503
4777 6348
4452 8726
4652 1093
1200 6882
2074 6122
1039 5299
8997 7331
6358 7267
8770 3934
4487 3421
5489 2941
9854 6984
3040 2940
8448 5704
8819 9819
208 3597
6167 4660
2324 820
5753 3525
7703 7828
9647 8742
3128 8644
6074 9486
5912 4844
3420 400
8266 8910
3341 8121
5894 6381
1062 4343
2086 9882
4162 2294
3479 330
6955 5804
1150 2709
9329 8853
538 8976
7596 3666
7621 3671
3153 3533
8516 6574
3934 6783
5484 7275
4904 1379
3657 5966
5722 5743
5848 9884
8038 9328
214 4993
5132 1365
7703 4462
218 8241
3438 7815
1908 1060
1486 5061
4594 2
1635 8528
6785 7120
5803 1690
8499 9460
7657 4221
5204 3506
4106 3242
2834 4321
8236 7967
5686 5939
2429 5905
4181 5868
3720 6089
6928 5207
1150 1523
5210 2786
51 1996
9907 5855
3686 8406
5316 1344
2628 520
4850 6734
3763 7685
1055 1999
5652 6741
7938 8082
2647 2119
3950 6368
8209 879
1575 9360
2403 6786
2146 2454
8782 2053
8310 2469
460 3626
3814 3088
4147 8664
9822 7910
6349 878
9909 2002
7619 7848
84 267
9968 4035
6635 8177
4915 8211
7537 7318
4997 9684
9773 3780
1738 8083
6250 2198
1710 64
5286 5857
8728 5108
3767 5078
5986 3677
7080 3606
1525 7165
3873 1494
1201 509
9671 6116
8720 7209
3435 3718
6893 3208
7498 8631
1292 3748
829 3002
3812 6116
8859 2541
1225 2626
7619 7211
6304 4699
818 7830
1865 4692
9324 3066
5202 8996
9182 3922
6205 2618
7640 3099
5826 5138
1730 7119
8887 2560
121 2700
8676 8980
5241 9901
1607 2860
7113 7912
7560 7932
5742 9425
2625 5066
2492 7827
4062 1675
1749 268
4293 9390
3367 120
4529 5098
7239 3416
7658 7360
6116 6335
6341 1358
6237 7949
4219 3351
5861 1779
1283 1603
1205 3909
6670 3698
1736 732
5373 3486
1001 9666
2876 4368
9786 7406
9467 7025
822 7125
4386 6939
3461 728
8298 9699
8677 2517
3050 4538
4297 4334
6142 5503
8243 2812
9201 9979
3545 4574
3466 4546
4240 6343
8915 4027
3749 8382
1053 4572
5508 5440
1512 8969
6168 9810
8668 4845
2327 1719
9384 6624
6053 5526
2127 4296
8339 1329
4276 1884
5903 7743
6431 144
4086 5346
4172 7836
3728 5225
2408 9237
666 3920
8206 6834
3731 6875
1680 6058
8595 1064
2683 4648
6591 4810
8945 4930
6139 3222
6815 2043
965 3246
2187 5051
8592 6359
2888 2321
1585 5296
1558 2251
9217 9765
9086 2948
6641 766
9007 5236
1831 1690
9884 8422
6501 8830
3353 2641
2052 168
4684 3017
3414 6872
8069 2007
3232 957
4328 4818
6254 5887
7069 5471
5652 6155
8420 2293
6922 7427
7529 8753
9117 7414
7176 5618
6245 529
8260 8297
698 2944
1315 4113
9816 9384
6121 3049
342 449
7867 6596
6336 4936
2068 1989
1092 488
4282 8015
7916 1812
6768 7034
9227 3945
2653 5472
4475 913
3769 5173
3857 5084
9287 3674
4469 5408
6723 4811
5858 4590
1407 2194
9527 3476
4184 620
3964 8466
8635 1881
279 5404
8915 9506
9349 1568
4978 3824
2481 8748
8998 6338
3833 8285
12 8303
3694 6736
3114 9552
1327 4522
1747 854
7998 5931
1475 1963
4398 110
3844 4677
5515 2759
4183 4864
4327 9162
8689 6808
7911 7688
3147 1745
5974 3160
48 9668
9896 3162
9221 1223
7685 968
2078 5683
6900 3553
7646 1298
3663 1491
5976 9179
4250 160
4044 8577
9322 2733
5386 7234
422 8533
8979 6396
1693 9028
6065 1589
2191 5286
2813 9876
6255 4891
5559 3156
8444 3206
4455 2108
4698 431
1287 8948
591 5331
7526 9914
8065 2912
7148 8488
1446 6128
4884 3139
5157 950
4729 7348
6237 7543
7224 2493
2434 2784
5649 879
5991 104
2987 689
536 4275
9637 1127
9607 7164
1042 7672
77 8191
6160 1523
4320 1045
4663 9477
1995 9392
6825 8233
6936 4050
726 9370
6834 6376
250 2826
6481 3237
3515 7017
7513 3153
8145 7120
317 9187
4793 394
7378 953
1918 1698
1999 6581
1175 3995
5974 8001
2228 2910
2051 2955
2281 8886
9331 2531
1712 5812
5769 5227
2830 3282
8381 975
402 8698
162 5195
9093 7541
6149 1012
9239 8148
7593 415
2144 3568
8417 4372
6478 468
7327 8760
9354 6658
1291 1067
2471 7060
6294 5301
342 4675
6277 745
3374 6439
5940 2468
3981 2090
3480 3221
239 1074
3636 2383
4642 2053
6755 1121
2522 4083
9881 1877
742 1172
2944 3213
8233 9238
8515 8576
3914 4792
9321 7289
1232 5262
9757 5213
7352 3238
8434 7591
4312 2071
9974 8955
4125 6730
76 6647
813 9958
8524 1555
1130 1469
4769 9364
707 3285
7940 4622
8077 7261
1911 9310
2524 1669
4523 9876
4908 2958
7467 9220
5030 7442
8176 9155
4172 8252
5803 4986
8211 4328
6542 9342
5797 1312
8706 6505
4597 6646
1127 2675
3908 3039
1985 6432
4709 6509
6309 9617
9468 3777
8838 4498
1219 7014
3654 5392
5267 9457
379 3478
3785 6921
2820 9583
8233 1527
6088 2831
8174 7216
5506 2082
255 7492
8515 4965
4001 4824
4582 3470
8602 3421
7968 9821
435 1623
5214 5702
1080 5593
9181 4866
2515 2002
4449 749
3529 537
3580 1703
7754 9087
3785 8010
6579 2301
2975 581
7126 7558
4052 5728
979 2020
5550 1414
3644 764
7117 4724
6358 6299
9591 8873
8301 4040
9623 1830
4578 3203
3533 2332
2291 7319
342 8871
9620 3318
9453 6746
876 3505
2475 1855
5526 8025
3270 9170
8789 388
3895 5147
6687 3486
4021 4988
7527 3644
6818 2105
6848 352
4438 9140
7671 4780
8011 7292
8098 7465
4039 8975
971 6514
831 6497
4539 4101
5668 3328
4490 9563
8476 1177
3050 2498
6165 577
6143 2984
2682 2992
3336 7121
2132 1008
1901 144
8300 0
7609 2339
8976 8580
8853 9807
5078 3392
3909 747
6721 8399
310 5198
9577 3361
7696 5742
3938 3840
8727 6621
6832 2064
3742 8964
3072 5644
9109 1373
5645 6718
3713 4621
5299 2567
4429 378
5960 8338
1125 2681
6738 1436
7880 6315
4797 5576
2058 8736
9416 786
5357 6249
2850 9100
5213 5923
4744 4322
7297 390
1041 1010
5012 6341
3577 9441
6720 9537
7780 7845
2219 4519
9282 99
834 4080
5676 2892
2816 5093
3679 8173
1342 6529
7273 6555
2453 2018
878 9750
2409 1920
760 7421
8261 4338
6863 4982
3875 4644
2828 6094
9163 2110
6194 9997
6190 1870
2890 9006
6963 6569
7180 8305
3099 4454
4861 5552
6473 5739
5302 8882
7660 6063
6303 5922
401 3167
904 4277
7811 3732
372 6974
5842 6566
6972 2033
8436 9863
1039 5399
6433 8219
3705 9532
2674 8566
5085 9147
4306 388
8029 1966
6451 4333
7889 6853
7500 8793
1131 5312
2525 1503
2287 8368
8070 9260
401 6506
9123 1441
1906 5556
9660 5612
5089 2334
4178 174
1482 8485
562 9511
452 7014
3844 8341
3868 1345
7134 4999
6657 9660
6503 8945
8028 4573
8205 8430
1080 7328
9871 2986
2885 9532
8599 7974
1867 2777
8149 3349
1263 8712
2860 1715
5727 6705
57 9595
8051 7192
4595 4709
6852 1099
3654 4881
5672 1859
3311 6752
9188 3183
9739 2074
2715 8338
49 4582
1116 8198
7932 2380
6910 793
4096 2638
7498 4153
2233 5549
1345 6829
258 8198
7928 3913
3079 3600
5772 6391
353 4961
9574 93
7035 2289
8432 7084
6872 9549
5283 4804
1929 2193
5597 6026
4831 3096
179 7065
8646 1525
3894 8904
9723 1823
2818 2803
5424 8590
9194 5778
3552 8768
5871 587
1058 4304
7672 7930
3853 2955
2735 5783
5149 8333
1810 9981
1429 1990
7047 75
3515 941
8980 3239
2765 1799
6042 8189
390 5236
3967 3942
4005 9839
4530 5063
4143 2202
2994 7997
5157 5729
3781 307
4062 5591
288 5492
7581 7335
5568 1097
8277 4549
4336 1042
6348 378
9231 6738
5615 3199
680 9620
3038 5210
4683 7182
7413 7677
5180 2570
3407 8961
2877 7470
4553 3166
2963 2135
501 8531
3232 8778
3081 7569
9821 9429
7948 9053
6168 3563
2252 6849
3184 5291
2060 7868
2473 9473
5546 7654
2044 8953
6615 4922
6424 1169
8088 9387
3304 8590
7919 6537
7369 1000
4106 7191
430 2055
6244 6598
5618 8497
3448 8803
3788 5508
6671 6262
4982 2217
3916 7026
1171 532
1949 7595
1701 38
6982 5006
8629 4901
1543 5998
5902 5650
3189 6332
7705 9434
2931 3324
7931 6379
2127 1720
1887 8799
7982 6870
1017 1899
3897 2188
2432 5846
9784 4133
5885 6767
9139 4514
1669 683
513 7571
6334 3702
3903 4039
3137 6835
7364 1068
3214 9492
2788 5102
8291 771
1972 9308
2670 5869
1496 5102
1716 1281
9236 7602
8048 8376
2116 9717
9059 2629
7288 5394
6332 1192
9433 9469
8027 6797
537 1242
6289 3326
6344 4581
4097 8317
3889 6768
4187 5386
1871 5903
6667 1107
3505 4715
9483 5622
4433 8543
8252 1722
3937 4584
2914 3371
4054 942
169 4592
2184 6459
7918 8528
1040 2016
6846 4930
8784 1033
317 655
6936 6984
1763 442
1700 1247
6065 6133
9791 4317
7856 3728
8902 770
7100 2956
1713 7270
7549 3897
3729 5468
2426 4770
7484 9272
9701 6269
305 18
6925 7242
7003 8688
7685 8703
9936 3750
4837 9727
8067 2693
3455 6969
3464 556
9926 5177
7826 7476
9074 1556
2944 1501
6326 429
773 6027
6698 1079
6045 3624
8321 3048
2313 6006
1752 2249
9757 6590
1976 7824
9284 5432
4794 2748
5988 4721
7926 3815
2197 7001
5371 5142
8502 1697
5571 9276
7725 2270
355 3771
5894 8677
6820 8208
4684 8572
457 4441
5163 2433
2266 4447
7865 7061
7196 3854
1783 5123
7669 3980
2124 3040
9123 626
4738 4695
9903 2463
6965 258
6234 2860
8936 3055
1068 3620
1628 1526
8061 6791
3960 328
1239 1825
7389 8436
5680 9172
3559 3349
3153 5683
6390 2277
6310 1128
6972 6213
3592 3937
6472 9827
6798 5408
2882 7867
9029 4510
9393 7091
1302 3353
7419 2542
5179 4809
978 859
3982 4537
4209 7136
221 600
9413 6531
1729 6385
2745 5321
