1000 2
5967 8512
8078 8692
9376 7588
1913 270
2962 9291
2872 6874
793 6286
8395 1242
384 4055
1784 3602
4470 8482
3354 2183
4830 3004
4399 167
9515 3270
974 5482
1782 9052
4175 1159
6641 6088
1430 9603
5379 4303
6478 6173
589 4874
7416 974
8929 9201
4577 3400
7683 7931
5584 2513
936 9983
2680 451
3253 3655
5934 5036
2708 109
6196 9349
6198 7626
8952 1577
1929 5430
7751 2519
304 5167
3494 9234
4368 8071
2635 2052
6003 8219
4566 6939
8202 7247
7391 1456
902 3325
6492 3611
3435 2688
2960 9633
315 1913
1211 2244
7343 8962
4764 7648
4130 8258
6882 8499
6330 9518
551 2333
7737 5118
9272 5939
2365 6664
7396 3267
9990 3889
6879 3425
6578 9839
3059 6893
1752 4270
9138 9096
3233 3902
6744 7364
2161 3627
5863 8491
3145 6415
824 882
1533 97
6822 3898
6762 4219
7166 6752
8108 4045
178 4686
3885 3237
1579 5637
7508 717
4734 742
4620 1478
8106 6781
5106 3970
5273 8252
385 6097
9135 1919
6195 5958
5817 2957
177 2984
9709 8285
7030 9888
2971 915
3125 4551
6553 634
5268 1288
1376 9889
2767 9482
6670 7873
3452 1943
6126 3838
8041 5261
5757 4237
1219 1575
7194 1397
4560 6904
9682 1591
6792 2654
2507 9918
7205 9060
552 2474
349 1929
2363 3116
1411 9034
990 4864
978 7116
8703 9020
2378 4461
3257 3597
6036 452
4995 597
7356 4677
2188 4149
7331 4695
4067 4537
3756 4620
7011 4105
6549 9375
7221 7961
8409 8211
2826 9387
5327 1529
8407 7706
5990 1665
1303 2027
2117 6298
2624 9473
976 4812
3623 8308
9507 7690
2845 3263
2310 9857
7369 8860
9232 4590
6821 7641
2802 9647
7029 8130
1177 5437
5836 7167
7102 7140
9195 9219
3439 1819
8693 4415
6632 2316
2723 6140
7 5569
9404 2318
5426 6773
1178 4659
1363 7999
2300 4165
7646 9330
2296 8823
4767 8132
5991 1869
5272 5186
1088 8711
7006 9782
3126 3638
2099 5850
9779 2106
1420 9183
4424 6847
5956 5602
1506 7320
3601 3806
1486 1248
3137 3782
72 7904
1914 6063
9773 7186
1250 862
5898 8256
644 9024
1895 2743
4875 1675
4850 6295
858 9274
3142 6815
4876 4649
4135 8478
8456 5622
9726 1593
9404 9798
9497 1319
5862 9270
8506 7112
133 4404
5369 778
3429 7265
3521 8305
8940 8372
4600 9799
7646 7743
6614 2523
2392 750
1001 848
6372 728
2442 5777
527 1939
7096 6389
1209 5603
3502 1343
7 8872
2121 3437
6138 5643
1742 5079
4015 6343
4878 1661
4087 1492
4184 6480
2243 5186
7329 8615
5914 9771
4392 6441
1710 1489
2831 2920
7092 6333
4263 7100
5206 6384
537 1344
2027 2280
6424 6042
8624 1302
7704 2711
2795 1889
9191 5038
7075 6521
3653 2990
6292 8046
9432 8003
9535 2263
924 6627
8597 5187
3728 3803
1572 4265
5148 3600
6546 1572
9643 5170
2875 7347
7882 5670
9237 7074
708 6312
3595 4362
9303 9888
2408 8735
7891 1944
998 8815
8572 9595
4003 2300
3399 5576
6566 8548
9176 3112
120 8819
8282 2995
6167 6164
8666 5404
3239 9375
1717 6834
3737 1020
6722 6146
9755 4614
8091 754
3430 6663
349 7433
8963 3749
3009 5529
2297 2186
8642 2417
1006 6925
5413 7174
3090 4079
2579 6329
3455 4296
3163 7193
5317 9886
3340 5072
4500 1431
5826 7930
8094 6176
5364 7058
9926 8374
2588 2223
560 1230
4641 1566
8155 55
8741 1245
4134 1320
7574 7590
5616 738
4783 933
624 8123
6006 5125
9554 1833
3055 7649
8010 8420
4708 7936
6794 7296
159 7355
8527 4801
8922 6682
4856 7663
7928 8991
8983 5503
6581 4599
6241 1364
5533 6866
9487 1540
1991 9042
3374 5047
6692 1384
3467 1400
9321 262
8697 9481
7617 7225
4282 6539
3907 9138
4202 1836
8129 3185
7339 4711
7785 3581
6075 3318
447 5563
4859 2438
4606 8233
7485 1299
9618 953
2699 8939
1215 1397
8420 8832
8622 2703
5371 2530
1841 9574
4367 9971
2759 1707
4682 545
5288 758
3864 5736
6322 8723
8174 928
6957 5660
2227 6575
6613 4927
5515 7829
6325 3936
6661 4947
6639 2033
7478 8481
1608 1845
8452 4367
3553 3135
4912 8841
3893 8776
4577 215
7500 2752
1144 4457
8413 3371
1033 5026
8299 6548
2856 4624
484 9517
9572 7124
1551 7051
5605 3159
8897 4057
7527 2450
7192 2440
1291 1086
1217 5869
1302 8718
8622 2446
3175 7035
5818 4209
2062 4118
757 4918
8742 1242
4435 8315
8366 5987
5366 3972
9147 4263
8029 6674
6713 5222
9115 8005
6309 333
3875 7611
9051 2497
58 2226
9533 5876
6435 1595
9994 7193
6513 8737
8436 949
7053 6803
6936 2419
775 6084
6683 8804
2759 3397
4027 1874
1403 337
2207 5278
7948 1258
7776 8007
3485 7309
3884 9921
8905 3879
7114 5418
2616 5551
6367 9669
2354 3304
2089 3129
9388 8772
1934 2147
2169 5962
4022 3573
6299 6229
8851 4248
7488 6628
2255 973
3938 6139
894 2843
18 8009
8261 2635
3560 4629
2305 5915
7933 4394
9044 7322
3167 979
9469 5337
6941 3491
8910 3241
9721 7762
7489 7209
4391 9744
8183 8329
5884 9078
1173 5902
7088 9434
8538 649
4064 844
6564 1997
5238 5609
9319 8406
6588 8789
3744 3530
2280 2654
6771 2002
417 4260
9212 4808
4005 7395
3138 9889
6473 4311
5792 3562
3746 4330
4211 7810
5174 775
9808 413
6384 9127
8820 2973
7917 2564
6503 198
5219 3275
2200 5636
7535 1412
445 1541
8808 3583
1430 5282
7895 7222
8844 1641
1553 3055
9452 6728
3830 9260
7142 215
8388 5963
3189 6305
8528 9693
6504 3747
2968 8704
9384 504
117 9830
2045 8925
3414 3476
4208 1309
699 3052
2951 2253
6108 2403
8982 9939
1664 6124
155 52
2088 3344
6358 616
3037 2862
4364 6005
1567 3748
6510 1684
3579 8555
610 6993
2032 4819
8303 2731
7871 1254
4984 3980
3658 3966
3919 5322
91 4074
5375 2179
7418 1734
2796 456
4597 7160
6462 6164
909 2972
7849 4488
1528 8460
1482 3560
3279 9785
6292 1151
1040 1276
5131 4698
5243 9050
21 5335
3125 5397
7515 543
7132 311
1000 1729
7472 7462
7894 8382
434 5743
2871 1963
4203 4353
5524 7482
4139 1816
8634 5179
3093 3765
9878 8336
2815 9900
3671 5941
5298 1186
6485 2430
1498 7485
4159 8970
4947 2053
7352 5382
7797 223
7345 2000
4577 2870
9483 8716
4686 8117
3896 7779
1883 3774
6116 4699
3675 9787
640 8973
974 7125
1404 2472
4610 5563
1442 9558
7617 8795
4940 5415
9019 2286
7416 3596
5156 6899
2312 9842
5017 6208
7622 6900
9983 3738
1600 3659
3525 2240
2632 4500
9365 4037
6972 3976
9601 8415
3534 7218
7211 8474
2633 6230
761 49
9826 5917
6949 2138
5760 1967
8347 3382
8868 8331
7120 468
1990 646
2708 4623
5146 2074
8660 2119
6050 8261
535 9584
5480 7746
8059 8114
3976 8820
8164 3802
4738 5113
5941 498
7081 4289
3880 5949
2620 1001
6418 4610
1647 9127
9234 6794
1201 7894
8914 7252
6155 9449
6837 1636
7195 4897
9750 1172
3717 7914
4975 8456
3028 916
8954 109
5205 2835
6059 7826
3836 2477
2437 5484
1605 1671
2278 2806
9565 1192
59 5721
642 6896
7357 7837
1794 7107
9009 5511
5021 3984
3968 8050
4901 2922
8159 107
5757 4218
7933 9593
6696 371
5078 8301
2042 7356
1108 1607
8549 1167
7329 9191
8064 4686
7029 9858
1794 6039
5370 6816
23 9338
4866 4925
2261 3026
5033 8018
7245 2966
7612 3941
3337 2690
2243 5380
47 3351
6987 8597
4519 4317
7788 2584
9003 4818
2443 798
857 7814
7614 881
7152 2481
5806 9413
5507 839
7432 2752
3806 5044
6693 7144
7735 8937
2524 7782
2289 9512
6379 6809
3829 4168
9393 2833
8986 1837
3631 9844
9651 1246
725 6803
3727 6532
6217 9234
7371 3650
1986 1178
8694 8680
8322 6430
7617 847
4213 9906
359 592
6716 4189
4761 6109
7022 3748
7947 654
3593 7598
1900 4318
4402 5627
850 620
4862 8222
4270 6848
9400 2965
5528 7723
9395 3146
8570 3608
3053 8930
4201 9769
3119 8963
5879 142
2711 3826
796 6304
1425 2697
623 5827
8324 1473
6447 3186
9696 717
35 9096
3682 5564
6819 3078
8710 5390
6686 1764
4320 887
1534 7440
9850 7413
7582 2562
1240 8378
8867 2665
1076 9490
8493 9400
964 4940
2587 660
5658 2622
9756 9341
8187 6576
2419 6897
1966 9106
8662 6287
9994 196
3727 9845
7610 1309
2408 8850
9688 1275
1516 764
766 10
165 1730
4951 2752
2391 609
5375 2148
9951 3562
8725 2371
460 691
1477 9122
6979 1472
9319 706
1317 6929
2015 3726
5780 1704
5001 7297
2469 5768
7307 2634
7499 2258
5387 9890
2868 762
2038 2820
4325 763
5191 4786
1455 6669
3909 8434
8141 3228
9141 9459
158 1157
3185 5938
2861 8187
3236 5330
3955 543
7965 1454
2802 3352
1345 5670
4115 3384
8490 8441
4148 3682
3227 5603
352 7136
4038 8493
364 3180
7953 522
4337 1139
6461 7199
9327 9697
2529 3282
240 495
4737 3043
3847 6083
8713 7963
9467 7204
6404 3615
887 9631
9219 1239
6767 3258
9733 7132
6438 7687
7655 775
8826 4116
7974 8154
3814 504
1437 4055
999 6174
7098 4847
2257 5812
2810 1725
3017 9215
5340 3904
8847 4559
5143 5614
7817 4877
2747 4255
2564 402
5031 1391
4519 3005
9545 8333
3509 982
2388 4509
7156 9486
9356 9414
5299 2167
1139 8316
1382 6480
2220 229
1039 7364
5844 8857
2241 8592
3113 4805
8995 8144
6196 3514
1149 5742
1848 4659
6724 4237
9168 3881
3723 8525
3295 9023
693 4435
7339 2076
916 9559
2305 1955
6924 8150
813 9165
6743 3927
3971 5738
2071 168
9252 3221
5910 1101
7881 2635
5338 7050
6516 9062
5575 9812
8085 6268
4247 5424
8344 5163
4984 650
7119 1908
8801 7933
1074 5544
1860 5046
1282 3932
5215 535
7153 1125
1636 5034
3760 6975
2084 277
6037 7660
89 4122
3929 4337
9547 2274
9501 4531
2925 6621
6440 1726
4554 7515
7271 6415
2561 8553
347 7776
9089 7500
8902 726
2535 2663
7701 4620
2940 3738
2281 3029
7861 6210
7366 7408
8484 6868
1939 1409
3489 8380
3136 8043
5895 407
4458 8456
8961 4806
6233 8051
2306 5135
8777 4842
7799 6479
9463 739
218 1744
3769 8079
7954 1136
5488 6439
8004 7428
7849 1493
5808 985
9537 1703
1392 3995
160 354
8801 6393
8405 1108
1529 7183
5951 9328
3662 5414
68 3880
7158 3837
1960 5112
4973 7448
1552 2978
4876 9401
4471 684
387 4008
2388 1779
8004 2548
2134 6806
8941 539
7915 471
7722 3866
9799 1385
9280 9867
5265 6438
3704 7225
1551 8678
4673 3104
1656 9550
2505 6128
234 2893
136 2622
4673 8141
5171 6807
4947 4112
7347 2862
4583 5069
6729 4383
6454 6010
4250 1720
2449 7955
8946 4001
6634 3620
7105 8291
3170 9611
4419 3404
2504 4556
6027 7177
2698 1198
3984 7645
5311 1332
508 9895
6401 7238
4278 2856
3248 8529
4576 5697
6485 3522
9698 3120
7142 6803
1411 313
6415 5831
3718 8919
388 9745
6097 3086
944 82
731 6256
1414 1240
6151 7816
8478 430
672 1727
8960 5249
7424 5445
8772 7122
8566 5915
3926 9977
6228 341
5809 9946
9261 6197
9692 5359
9283 636
5441 14
6892 6856
1255 3044
4672 9734
3474 5344
1461 2435
594 8886
7880 9366
6008 6446
5281 9935
6424 1510
277 2233
1456 9539
8430 1148
4898 7713
