1000 2
2099 4633
8676 3792
2349 4944
1673 8992
6453 8035
6985 143
8395 5323
1621 2621
5457 621
9760 7595
3632 6991
2107 1115
1632 1021
4261 8455
993 8714
1761 3093
3348 438
6885 5697
5382 8559
4690 1836
6595 1676
1979 4991
7000 3600
7613 2457
4222 7374
53 7855
4365 2160
8970 5998
3182 3231
4454 4176
1946 6216
7269 5295
6654 4155
993 2036
2715 5684
3873 9310
7360 5852
4301 4361
9452 1914
6819 3674
9288 6872
1529 3654
9033 499
9653 2216
3731 4107
6392 5678
323 3662
974 6978
7817 1967
9015 533
7651 2888
9843 5012
8740 4145
9373 8193
6060 6193
1868 5348
3065 3397
9003 2099
3897 8657
4315 7629
2765 708
3308 3088
4370 4282
67 2188
6249 9082
2721 3901
1970 2564
8913 711
6710 8287
8904 2770
4480 772
8118 7546
4170 7122
9645 8068
5779 3961
5697 8544
4669 9006
1633 9040
3288 1700
1228 9538
783 3950
3439 2753
6514 2352
3464 3224
640 2368
5995 5120
3141 4113
2667 7311
1236 2313
5379 7016
6274 1077
5560 944
83 7194
9985 3372
8895 1213
2910 9678
5163 6350
2432 1678
8703 5897
4903 9343
8266 898
4464 1407
5012 7131
8719 6249
9444 4098
3265 5719
5176 8826
6663 5260
6021 6648
8632 4916
7862 1543
4595 3026
7893 7028
4705 6596
2925 9609
5940 1191
508 404
2599 5521
7535 1318
1770 6980
5417 5036
2699 593
3862 9363
5853 9883
6012 4485
4800 3875
6029 9396
6902 3922
6424 1607
519 9349
1217 6459
541 1725
6863 3141
7247 4399
4459 9017
1379 9877
4053 4079
470 7916
3442 6323
7800 9455
809 2600
3330 6839
1996 232
761 8421
1840 1280
7771 3057
7739 8312
4783 4603
1454 2030
9002 5914
1048 381
5791 5102
4460 6261
3018 7903
2585 818
7358 3395
3419 689
234 5415
921 996
3836 2762
2276 1607
5819 16
9920 603
4619 1375
2633 3622
7289 3681
4003 3080
8783 8464
9342 1802
6367 1928
2620 3726
5324 6039
4415 5559
1455 5337
6555 5292
8099 8832
6900 3918
8849 6821
4521 3468
8196 7155
7091 5485
837 1094
8566 9621
9559 7909
1423 5927
9837 4044
9653 5162
84 4069
721 1540
9406 7276
6832 7505
6109 3733
1424 4958
554 5946
8427 8750
3102 5518
4236 3939
6613 2803
3560 6172
712 4984
2100 550
9028 1753
5713 9113
5823 6434
653 5229
3711 7486
2735 9820
1219 4160
4779 1773
106 3206
524 3209
8724 4761
7148 5338
7564 709
1511 8277
5694 3611
8828 4723
5364 4541
3836 1187
975 4490
6417 4687
1976 9152
4508 3195
3312 9287
4968 3419
2493 5493
6628 1218
254 3777
6556 7818
4487 8067
6096 181
1678 4924
4904 7043
9465 8741
8231 441
3231 4649
5128 5207
3801 9636
8402 7114
8923 3371
534 1417
8865 7162
2635 9119
940 9192
6938 5427
7260 3034
5608 8939
7958 513
5983 7423
9254 4214
7864 2485
8864 2993
7693 2665
2629 6096
9780 1553
9468 314
2970 8333
7477 5605
7452 8417
4798 4391
3845 2058
7425 9453
997 5383
9967 6980
2807 9221
1195 672
1707 59
3665 9400
2725 6295
5496 2506
7848 4964
2820 818
3297 298
6424 750
8716 1222
5141 2561
3280 2567
2015 4278
7951 1982
1259 758
1203 2455
1431 2910
2514 5097
2311 5240
1393 7807
7746 9241
2772 567
60 6069
865 6484
6820 9581
7707 1961
2142 988
4528 4157
5266 2479
6139 6526
3238 7343
8981 4670
254 1496
9768 2565
6736 1161
373 4482
402 3145
5049 463
9214 5915
6947 6035
5496 4654
7996 7639
5643 2525
1796 909
5005 7936
7436 8244
5280 6417
2914 5534
7913 2682
8100 4649
3844 8473
9132 4246
1618 4182
4709 833
97 1657
6868 5593
6312 4865
3233 1955
7390 5029
2865 2396
2966 301
641 8246
6718 3555
3781 4632
6238 1881
9282 82
354 8414
4329 1972
2596 9039
2806 2694
697 9674
8288 7009
4539 1521
8964 1930
6551 1829
4327 9517
2131 4968
7764 8849
8524 1545
3482 4763
3426 2764
4846 3781
1178 9175
5754 3775
8215 8560
6469 8912
8235 4758
5921 2775
6279 4886
4705 2830
6716 9033
2347 8847
4001 112
7697 2525
1657 1179
7289 5084
3944 2135
8866 5123
1310 4620
8898 9526
3181 5368
8438 1416
126 4360
4191 6406
9246 8897
9236 5962
7931 1584
4810 1932
1696 2507
4458 3354
3687 1747
8439 7631
3882 7305
2754 5193
1926 1653
4719 5108
7022 3158
6525 7149
7518 716
3555 6765
9614 2791
2728 7545
4375 7538
9478 6072
46 3936
9426 3733
5684 7865
1365 9566
5171 4120
4760 7098
5773 9480
2206 2795
2638 8731
9945 156
9448 3500
6922 9063
6291 9650
6609 667
7188 6087
6739 7235
24 6166
969 5708
4032 2334
5275 9203
6454 36
6302 2228
9516 8509
5024 2154
7240 4969
2311 6689
8470 9233
5753 4761
8884 2362
5429 6073
8450 2169
3308 8474
8335 4277
4183 2367
6612 9459
1571 3067
9495 7873
5295 9012
6382 320
1166 3623
5289 3478
313 3760
2712 6066
8521 1596
8429 3951
7669 6879
6120 977
5354 4455
5255 9537
6822 1867
8997 8393
4934 8492
6267 230
7504 2650
550 8671
6273 5840
2150 6586
9600 4862
2653 8122
6458 1082
2073 4128
7962 8194
5106 3316
2649 361
2853 9472
2229 1851
7866 7163
344 4134
7394 7848
6784 7945
6520 3057
3786 8670
9644 3386
3533 2298
1509 9991
3381 3583
4120 1343
1777 9226
4659 4427
9587 7513
3900 1817
9364 1767
8981 9708
5901 6375
7557 2685
4320 4077
5743 8106
2748 5387
1493 6281
7686 3003
6273 1067
6586 393
2410 8364
9619 7069
2792 9207
4582 6692
1024 3946
8459 6
3654 4360
6381 1211
7046 702
5289 2789
8809 8038
8177 302
4319 5863
3305 592
6930 9892
985 9341
8257 605
6410 1049
9813 993
7742 838
4939 6202
844 8594
563 7226
9806 7609
7928 5096
398 6737
3134 8576
7040 7453
4439 346
8046 1370
238 9032
711 8496
9638 7121
9546 9451
8115 7289
290 3054
3491 1134
1649 4055
8360 1456
1664 6289
6552 2063
3026 9687
639 66
7140 5079
412 5187
6449 651
4219 7161
9148 3857
4283 8694
3309 2398
5983 3599
5453 9475
4733 7102
3530 3094
8559 5195
9383 5112
7258 2410
4799 7898
2477 1940
2977 2889
7127 9427
3541 1347
6588 2690
5204 871
1384 8513
3269 7368
2112 8723
6844 6846
5826 374
9941 4385
5569 9325
9497 2828
1735 4296
726 4212
6236 3704
7102 3364
3132 644
4711 9721
3334 9916
592 4719
8429 3862
2088 542
2585 8932
7389 8411
9306 7331
2797 4876
6656 2294
7704 8392
6591 8431
2605 2828
2136 9708
6192 5269
352 904
4990 3687
820 5583
8407 9250
9445 496
9792 2031
9428 7182
443 8735
4513 3240
3612 1170
5535 1317
9563 2127
9748 2168
4955 1885
1876 1148
7154 2229
2052 2144
5917 2873
7727 4325
2123 7173
4821 1916
9205 4250
9098 9649
2986 3612
2890 6598
4783 8425
7915 4346
552 7664
6515 5508
9550 8392
6656 6705
621 8709
8849 6539
1582 6577
865 3706
3751 5686
5622 2957
9937 4721
2606 2923
8334 5496
9522 3117
3922 7438
7464 4475
5103 3979
9983 4653
2371 6640
1359 2993
5350 208
9532 6932
6786 398
639 538
6084 6261
3495 6022
983 6101
8946 9317
1598 8469
2434 5520
5907 9898
9995 1011
3878 9979
5665 6249
6619 7024
9242 1969
7233 8775
8902 4020
9173 9542
4558 5258
5803 8054
1281 6787
4155 227
6104 5754
8697 8539
1274 4604
8438 1270
5616 2316
1249 1281
8566 7869
8306 7808
9839 5539
6584 8742
9559 5758
8284 4118
1017 4087
2172 2299
874 6328
2527 6979
2082 1224
5518 3356
5829 3956
4626 1445
6273 5876
2727 4839
3745 1033
2648 3584
6572 9232
2326 6132
4991 611
250 6009
4699 2422
8308 5573
8750 835
2553 833
2059 8071
4189 7888
2028 8816
9334 8301
4693 2061
3140 8438
3094 5788
2023 9667
5021 4350
5799 13
4961 6049
6022 9660
8472 4331
5234 7223
5167 7787
8056 7226
5859 2245
5115 7888
1062 4450
6189 5755
6511 9330
4194 9606
5119 6218
9273 140
568 5072
154 5530
1122 6177
5190 9594
508 425
6817 5675
8213 4873
2902 4073
7119 8018
1961 8182
2468 8151
3938 8979
7481 8132
8585 2601
4350 7859
2741 4919
2931 2896
449 4053
9073 5640
3647 9582
6065 465
5257 4279
5338 8160
8352 2458
6178 314
640 8646
8465 4578
7626 5947
2711 6212
8548 7061
4071 1290
1981 7003
4186 2430
1056 3260
8070 4704
2842 4136
5169 8100
8416 508
6260 6768
2967 2439
7082 3607
1086 5548
8186 8713
1495 897
4926 43
7959 8997
1333 9940
6000 5520
2371 7057
8780 441
1762 1622
4578 6931
9723 2995
7440 5983
9763 407
8423 6846
4015 9510
2395 2201
8223 3890
3099 3149
3934 1059
2147 5267
999 8148
787 3370
5205 9568
3812 6967
1190 8391
3899 913
1386 1340
6897 1150
1747 5321
7997 5762
4831 392
7964 3055
4283 1063
6204 8217
2122 8352
3484 3122
6500 4272
6493 1706
3840 306
8674 5031
8697 2573
5945 84
3913 2842
1234 5661
8163 9232
1423 2995
9624 9388
6050 3907
452 2255
2125 2574
607 5610
5697 7107
9882 2190
8813 3723
2496 7487
8754 1194
61 4699
1278 3975
7542 2513
9636 5706
1745 1060
8701 1370
448 4752
5277 900
7007 7403
3475 7614
3013 9172
4722 2895
1363 3536
6619 3860
1024 5373
5055 1086
73 6333
5061 7616
8846 4697
3322 592
5758 2024
1962 6206
6777 7240
7106 3784
4643 582
1399 7656
9754 6122
552 1118
9658 7171
4979 683
2545 34
1769 2619
6367 6830
235 5214
1528 3558
5807 7287
5583 7769
3493 2360
5010 600
6145 9653
1182 7544
7310 937
3666 7862
2055 3325
5034 7034
4009 7579
7068 5778
199 3436
2609 435
8651 4138
3993 4458
1425 9577
2227 4919
1937 7238
5519 8082
6891 6701
5627 4202
7638 9294
2064 9694
2620 7099
6729 6629
4678 3797
2407 4878
7234 5017
5313 5885
9155 9306
343 581
8884 2571
5500 821
9810 1019
8904 6701
7721 4531
903 5359
3826 2968
5054 6446
67 1783
3075 4746
5581 5483
9624 2815
500 4937
8701 9655
4244 9045
237 3128
1617 5737
3950 1427
6756 2854
8129 4477
7386 9033
9837 1212
2001 4892
7658 2069
6675 734
6816 2257
6217 6440
5073 6717
1378 3774
6373 5623
2819 6610
8752 4437
2347 2702
5864 9104
5557 3993
3582 2944
3026 3419
4156 5028
8311 1815
7097 4987
2549 3913
7244 8767
354 2317
5485 1733
6092 1858
7357 8912
8469 6109
3349 817
8812 9214
9922 4370
3207 3504
7314 6234
6924 1471
1263 5236
3286 8360
223 5836
2274 7468
4603 2629
9785 88
4362 5878
1947 1719
4790 417
7829 8139
1235 6641
7353 1157
1012 561
4661 8326
6796 1585
9797 8059
6821 3084
6420 7045
8920 8694
4513 3524
1324 4299
3613 5687
177 5560
7407 4968
5978 5236
3107 7213
1878 461
8370 2890
1023 3032
1217 7819
4618 1015
5878 1440
4099 2298
8485 3019
993 2999
6544 2317
7299 157
8005 7476
5718 5412
2444 1696
648 5552
8910 2527
6014 7281
5418 7037
313 6635
4857 4932
7650 735
6372 1749
3034 4858
4769 4028
7858 1313
6345 5157
1471 4351
2634 7189
9763 5078
8885 412
631 7796
2939 6645
5077 8357
3683 5391
4992 8540
324 2643
9275 6697
4393 2310
1555 9162
6338 9414
476 2684
4571 1947
7035 7205
9136 6798
2284 8022
7210 2915
5818 149
9561 896
8507 3244
6288 3500
1784 6612
6143 1060
3309 536
3370 4865
9699 9709
4279 175
2393 8851
