1000 2
1013 8171
2939 6186
8421 4979
3969 6866
7657 9694
599 866
3334 2806
9746 9440
1286 9249
5161 2642
9040 6654
7055 155
3858 4460
8682 6611
144 4098
2472 1157
2270 5412
7343 691
391 1312
7558 8049
1007 8157
8916 4342
964 8663
3782 2250
7913 8943
4893 6953
5598 1949
7109 9456
6409 5791
6068 6553
9890 8541
7711 2160
3953 5054
2852 4345
6367 410
2394 7375
8568 1310
1717 9533
9974 5500
1784 7887
4444 6678
4840 42
8627 1950
9499 5036
7741 5568
1590 7631
4109 9301
9792 8063
4356 2644
2408 724
3055 4803
8099 1624
6113 9817
1158 6088
5317 2943
3975 9761
9621 8816
9804 8248
766 9303
3284 8508
4871 4874
6139 8981
4176 5931
7044 8533
8576 9452
9257 1632
4255 7357
3257 369
7174 4415
6458 2492
7358 433
2253 6979
9250 2057
5227 16
1361 8512
8524 6232
3387 4664
5214 7563
596 2258
6096 9173
1711 5354
805 5967
2711 4062
6337 9886
8477 2795
2378 5836
3229 4632
2815 2479
6689 8043
2496 8051
6555 1021
4284 9942
5685 9498
7506 6282
1757 3603
5455 3468
8958 6260
9436 1669
323 5773
1555 8801
8569 3934
4637 1798
8566 7453
4278 5256
5496 6774
3307 2051
7796 7591
1994 3482
7090 9501
9764 8847
3105 5219
2315 2063
1480 1752
3733 1804
7526 5289
605 6095
9223 5243
7894 7789
2696 2172
3045 8193
8947 6352
245 6743
3944 2239
226 1034
1741 9990
9881 4846
5210 2197
6910 6691
3950 643
8495 1476
5932 9101
7572 5155
4344 5466
2944 7041
7639 5990
5234 6587
2343 5479
3331 6287
7719 3557
7322 9460
3547 7204
4307 8758
9401 1217
5449 3351
1860 3945
4828 7793
3047 2400
2948 7392
7866 5893
4433 5506
1884 9668
2093 4227
5147 5424
514 2867
8982 7837
2327 2530
5041 6635
1288 4442
7852 6738
7794 9713
684 2623
7506 3731
5023 455
1123 2890
6348 5557
8396 8232
5225 490
2460 373
5915 2974
3240 4897
811 5568
7427 5852
2204 8715
295 56
5454 8090
9770 6138
713 7276
9869 5737
7732 993
8627 4081
6550 7024
2313 1776
7514 4773
2150 3429
7748 5390
8326 8560
959 5753
4413 3163
4469 4709
3220 9924
2800 2990
6062 3514
267 5932
9251 7999
6926 7879
2080 3477
4903 4394
5253 2418
9168 7403
5847 6917
2794 4174
5478 3753
9928 9892
6917 4398
4601 137
4322 7402
3128 385
916 3395
6317 168
1395 3244
8047 3476
6721 2950
7870 1975
5368 7039
9379 1216
3956 2173
5390 9435
5927 5319
9327 2844
9717 3929
2982 4039
1331 6110
4424 2248
9506 742
2416 901
3986 463
4377 708
3414 2248
2683 8783
9287 2062
9999 3244
4236 5390
2679 163
709 2006
3008 427
5936 5991
4466 7267
2101 8891
9515 1608
9633 1931
2509 3620
2395 6887
4328 5809
9136 7011
4593 8424
9074 4593
1668 3310
9984 4348
3473 693
6355 6482
1121 2291
2473 5587
9559 4575
4479 9075
6183 4113
1007 8693
7733 3402
5581 2062
9212 4717
9074 3805
3141 8148
8398 4810
1458 8382
9158 4932
9076 5513
1415 198
7805 3888
5786 7364
8464 265
6439 4647
4378 7446
3341 2112
849 8922
4175 61
3639 3249
3867 6780
1398 2266
1590 2857
649 749
7790 9726
6263 9205
9924 4068
3094 5710
1432 1558
5976 7872
6206 355
5319 9547
2468 6168
8469 6643
6230 2108
9893 98
8889 1291
2364 480
4148 3014
1230 1939
2740 7493
1144 2665
1561 4238
8376 2994
5797 4352
867 2004
4707 6186
1551 7175
2355 20
3819 8586
2129 3712
8684 1019
5004 1049
1500 9152
4064 2730
1092 6805
223 2236
9470 1785
6475 7846
4780 2272
2199 5647
4276 6906
1834 5828
4082 4190
5849 7901
2776 7979
1613 1461
8999 6617
2511 499
5770 6575
3230 6862
3380 3454
9099 2851
5239 5574
698 20
7847 2897
5667 2124
9804 7502
7953 3887
1692 3802
1788 4469
1781 3402
5931 781
20 8442
1280 5790
5018 4510
2653 8399
7964 1753
1251 3204
7327 1949
3224 5175
4847 8892
7300 4652
6394 5253
8539 8087
9056 327
2557 838
3729 8488
1619 3750
6931 2899
9541 1949
7410 2194
349 5375
3947 1600
8579 1275
3550 1804
6451 8397
696 3751
3050 7091
9004 1589
5179 8061
1916 7736
8899 5646
6224 518
9397 3155
3417 8938
5105 828
1132 5454
6203 5080
7055 4783
6356 605
6587 2807
9003 7284
6559 2053
4376 5564
3642 9555
3625 5559
7291 2524
1206 3516
3042 603
6671 6460
9541 1777
7288 674
7232 3491
5754 4287
8275 2111
4892 4863
4918 3895
2147 1477
5949 6523
7042 9591
6079 667
5151 3370
3191 6357
6886 6233
6960 3558
2693 6502
5336 9981
7176 2568
3473 2931
6855 1748
5042 1748
6611 9961
5644 8759
1439 1593
5283 8481
1184 1362
9148 6336
4733 2339
2693 1620
8573 9654
5178 1266
6156 515
1248 3332
3083 4722
6263 9938
6471 1306
1686 3083
1267 7331
1842 2706
8924 7125
1187 109
8488 336
6445 3221
2676 9138
4841 1249
8793 20
2516 4949
536 3764
8282 3619
8486 4545
3558 4957
5852 5245
8040 7119
2576 9883
9826 1500
7009 1014
1609 5497
1350 8055
8719 4026
7194 3561
5276 5987
3582 7792
936 4118
1556 9218
7737 43
3764 1296
5001 9616
6541 3042
6736 9117
2925 6562
618 9935
7576 2227
5433 8927
283 4152
2954 7477
7714 8230
3464 1296
6022 4401
5415 7579
3620 3152
7622 7385
4449 2624
7001 990
5666 3738
107 8592
301 725
8527 7878
2953 3960
6805 3236
8113 9760
714 5827
7990 4178
7124 4013
8580 2539
1592 2200
5692 9215
9585 141
1839 6587
1131 7506
325 1239
6098 626
1965 4626
8504 4918
8587 5310
8155 6700
5070 8869
2528 3061
3048 9652
7074 1628
2192 8666
3829 7884
7882 3414
8026 9721
1 9158
7227 327
397 3326
954 2362
7952 9458
7281 6539
4769 5437
3239 9840
4307 5768
2901 7356
5420 9975
8985 7613
8642 2814
5497 6524
6228 3524
6246 6230
2682 3473
6557 3080
6799 7512
5443 4752
6970 2724
1291 1740
8162 4531
1580 2470
299 4481
9826 5720
4457 8812
3333 3100
1626 8831
9625 7855
2356 5871
4086 5038
9345 644
8118 6145
8156 3561
897 5127
6286 2189
6867 4449
6721 8448
6919 7021
2930 6746
2741 7387
5558 6075
488 7185
4907 113
5040 7263
5984 9126
2302 5330
9771 421
1475 7927
3982 2373
3054 269
4562 9922
4719 1283
8370 1638
8304 1300
8385 1046
8688 3944
7122 9177
1129 2030
9290 6170
9293 5275
5297 1596
605 5068
2017 2081
2995 6000
4454 6050
6269 9016
5972 988
300 4342
2627 8605
5643 1013
9651 4331
4957 6774
3508 6087
8804 2799
2257 8098
8075 7554
9694 8680
2623 1711
762 5619
7711 5216
1669 3981
4233 7641
4970 4533
1984 7598
3138 7628
8611 2790
1959 3569
9564 5468
9656 8368
8268 1913
6466 6343
9468 6161
5024 2092
7872 5786
7711 5584
1003 9380
9566 5236
7022 4537
9769 9007
2135 2908
6635 747
5698 8595
4316 5262
4064 3972
3631 2332
5886 98
8676 5355
6259 3700
7447 4132
9487 5159
9717 490
4540 9283
5727 1562
3820 5496
570 5956
8405 7205
6703 4104
5800 1020
9366 9864
4993 2998
2197 879
3096 874
6235 9355
4575 3683
3488 4062
8842 3205
4553 3383
2489 280
4945 6310
5777 5515
2266 4182
2721 8970
8286 8521
9990 7653
8386 4983
652 584
5863 3748
1459 2098
3104 6034
5782 6593
96 4625
9798 4650
8008 2288
4930 2954
8598 708
8470 865
4891 1191
9835 3178
9713 9825
831 8100
4809 1484
8685 672
5232 144
2771 8337
6178 8554
4930 6275
3179 4729
925 1187
7017 5856
4142 5616
6565 2612
6481 1456
3803 6317
4634 3516
6143 5466
1617 952
6950 302
1625 2183
446 4396
521 6624
2950 5451
2899 6130
181 3825
7318 7199
9682 1460
2815 6247
4072 9296
7703 7875
5613 2338
1392 1756
7804 3009
2709 4755
3312 4334
6938 3758
8731 7459
383 1682
2911 3283
7812 3093
7108 5131
292 6791
6591 3107
3038 663
2404 742
8539 8018
3080 9932
9775 885
2941 2484
5641 6254
6819 2579
12 5550
39 395
7233 2951
3679 5045
6044 787
176 6336
7579 6768
9444 617
7431 1848
1360 5971
9866 4441
5903 9641
5326 8845
2126 967
5099 8945
3547 5112
4496 3587
5507 1729
6538 9186
6775 2583
9974 6952
8920 7553
3720 8364
8171 1152
212 9531
7123 79
3972 3027
9721 9299
1872 1847
267 6972
793 3814
2084 5289
7401 7592
7019 3940
6779 3794
6524 6754
747 5444
4307 4467
3808 2479
5620 4021
2010 2744
4100 5983
5771 3822
5282 7644
5670 5549
4616 6463
9364 6701
1753 6766
4293 8773
707 1073
2567 7231
7827 3314
2675 2135
7782 6483
4614 3402
504 6625
6147 4605
2609 1918
8427 7892
9563 4097
3441 4180
561 2806
881 2314
9572 5175
1087 280
6248 3655
7511 4076
6970 186
6211 4753
6669 826
8156 7174
7451 4303
1779 60
6222 206
7952 5785
4304 1394
9965 4865
4201 847
7180 3773
6022 8268
4054 2271
1923 1565
6347 8894
1751 2558
3648 8421
3384 1804
5595 836
6108 7375
896 2330
7582 8849
8115 1886
244 8081
6751 4445
8928 3931
8219 4950
2199 2273
7221 4123
3838 3568
3018 5590
6127 6666
4012 9511
8471 9607
347 4579
6983 1244
6909 4565
94 5025
6451 338
3106 3203
4784 2034
7135 3004
6985 9335
5277 4206
3459 9116
7775 6478
4707 3903
3145 8719
3414 1616
8326 3762
6196 5310
5007 3105
9875 5101
8131 6327
5440 1237
9531 225
3271 6666
3229 256
6002 8506
4463 9461
7623 2239
5940 2330
6142 9085
1049 9557
701 9376
3320 6898
4686 8327
3 4562
3429 8134
890 8870
9372 421
9095 2644
7088 2324
2901 3090
831 7364
2552 8455
9604 8492
785 5747
7577 1835
5304 8279
1211 8625
5177 5898
6952 5181
461 382
3316 1351
9252 2688
1772 8348
5333 8860
673 8234
1951 1504
5599 4503
9960 5203
2996 746
950 574
2581 6255
8854 3793
4881 4031
9692 1833
9213 153
2216 2530
1504 1469
5218 3276
9817 551
2137 490
8786 4088
1995 4385
8592 1955
9588 1589
2701 539
2163 5283
6795 1017
9076 1676
5049 8769
3510 4263
8922 5726
6793 426
7195 2012
3703 7013
2564 5841
7503 1350
9930 9498
5735 8522
1454 5323
112 4156
5863 2275
9439 2658
3293 8516
4334 8343
7285 7845
2606 6208
3571 9399
6634 767
1411 338
7780 3975
6179 5284
5325 6109
4783 1060
4632 6237
6384 4744
394 2247
7020 9833
4906 314
8350 9241
8657 5636
7086 1263
1844 658
663 8478
1425 2074
8817 9206
6050 4996
4490 1376
1105 9274
2436 5738
5512 8821
482 5906
1069 7503
5740 5975
7817 4090
5216 6475
9727 2302
7739 1571
2960 8402
50 4386
477 8867
3593 6528
3863 8083
7904 4969
7358 341
708 2870
9162 1191
8776 231
8694 4517
6206 6512
8608 1423
2988 8335
3726 727
9906 6686
9130 9956
1073 9608
8823 4666
6136 2687
2750 4041
7657 108
4382 8365
2979 3544
9557 1756
3775 8251
6273 9982
4764 4881
1405 7752
3216 5131
8480 3122
1818 7610
3079 2892
7219 1902
7559 3356
4590 310
7397 2248
419 1779
614 3398
5324 171
5154 9100
8423 1427
9082 3187
6308 488
940 9525
5620 9420
2647 7438
7031 5726
331 4251
7629 7890
7607 2220
8200 5004
4469 8619
6784 5083
2018 2108
5255 7172
1208 3678
8600 291
6866 4909
779 7806
4434 6400
7227 7082
3839 4259
2808 4170
8510 438
2061 6117
2659 262
1122 7128
8881 7907
2212 900
15 7467
