1000 2
4891 8652
9453 9925
1750 5976
8190 5166
5919 6864
3347 7207
6214 6350
1377 2648
8957 2781
6982 1293
141 4176
1638 3663
5872 492
4042 240
3818 3037
65 8709
1689 9518
8635 3439
5495 6825
8605 1414
3690 1953
8622 9905
8304 9999
2554 7262
2781 9536
8555 2922
3713 194
6586 9585
686 629
9826 4504
3666 9891
3214 5356
9409 1850
8796 4904
8676 7401
6319 2366
9355 4941
2272 7659
4941 4827
4922 7722
4363 3477
645 8077
3671 7232
7663 4358
7862 7489
8863 1528
7380 2078
6885 6790
3928 5681
1695 2604
3083 8014
4971 2438
2956 7243
98 7897
2071 5020
5620 6435
8498 6265
4512 2170
3498 2175
6529 1360
9665 5392
2889 7045
7471 9774
3836 1399
5456 5531
4004 8539
3546 8975
978 6502
6219 1077
4400 8290
6098 20
4725 4596
6286 9238
6767 9784
1413 3296
1144 1078
8689 4033
8124 6160
3808 1960
7560 9264
7492 1564
7803 1039
539 8782
7542 6758
9859 1942
5049 5957
1963 9774
554 8249
9012 7321
8034 426
617 9179
1505 9307
3213 9630
5467 7021
1591 3027
6286 9084
4591 4089
123 5131
2872 7665
1890 2731
9608 6939
8689 1571
6714 9243
9821 5727
6564 7855
6153 7182
7035 7659
6489 248
7290 1956
7269 8881
4984 3555
7965 9576
7645 8088
4707 518
5754 6598
3249 5362
3537 1938
6933 252
1182 6755
5979 7746
4610 2133
4929 1646
9793 1418
1894 7083
3375 9163
5964 8359
2719 3929
7936 365
2018 2644
883 7772
9242 4133
3135 2780
6072 68
3032 7254
6823 9011
5001 1434
1145 9930
3080 938
1348 4975
8021 4723
4138 3985
3083 6858
7915 1019
7224 9934
3663 8107
7707 2906
2240 842
5686 8312
911 8719
5567 7734
7731 568
9169 8876
498 2250
9814 1847
7225 7836
6570 1364
1822 9654
8223 9738
674 5447
9672 4337
3554 7379
7244 5795
8222 2930
4108 9133
1649 9676
6868 9380
244 6037
8257 743
8288 8072
2590 5514
5908 9161
6879 7731
8815 5102
7469 9489
549 7141
3827 4104
4521 1071
9900 2743
4002 4009
1876 5652
3685 8744
5033 3930
4782 3290
4673 3071
1363 7263
8585 7271
6424 5465
5002 5240
567 2472
4730 1117
9614 8557
5222 4136
9629 5122
6879 3632
9132 8756
9284 2817
7501 4317
6747 2284
7608 1421
5356 8971
8684 3942
6243 5109
9407 1246
349 9974
3718 5079
1092 3333
3637 6314
7469 3267
1437 4349
6899 569
3106 6183
3387 607
501 135
2892 8110
1556 8248
7081 241
2190 3325
5351 1598
4571 5701
1572 8290
781 2664
1623 4418
8979 9093
7685 416
3442 4584
986 6548
768 4374
7156 1269
4509 49
9379 6066
8297 6461
6308 488
9787 1659
2086 4358
7360 3659
2649 8141
6324 4273
2560 5303
3366 246
5720 6808
4831 6707
3357 5599
1081 513
6869 5591
562 6249
1658 8860
2711 7966
9349 2498
9626 1435
6857 6987
5095 9506
5128 1419
3780 7689
6723 7146
7936 2444
3955 2767
9151 7312
8367 232
7825 5236
5823 8388
1486 7481
7248 4198
5448 6597
6696 5074
8033 3554
2061 3128
3061 7190
4548 6841
4880 1272
3988 2816
3716 7943
5584 2867
5255 3951
3100 3081
9188 8923
1469 674
6405 8717
4872 1854
5315 1569
6929 3348
5123 8991
6477 8184
6181 1026
5025 1062
2298 9013
3879 6015
6957 9463
8882 2212
3414 1982
5294 2602
906 6763
3277 7312
5481 8150
9167 797
9719 6096
4145 4843
5087 623
3027 1269
1649 8053
2332 3948
7067 6211
9963 4024
5674 8846
6237 9088
829 1531
1691 1736
8295 4968
9048 3777
3118 8216
4574 2838
4312 8720
7681 9400
9344 709
670 993
8762 3002
4942 5830
9213 4905
9854 4887
3752 6092
3976 4581
7624 5667
6317 5919
635 5366
9697 3754
3582 4271
6592 7894
2992 4274
7295 2336
4983 7965
3330 3745
968 8273
9576 181
3178 9431
5069 6930
5523 9045
1512 3147
4712 7829
9067 5348
3195 8764
9102 6777
3036 5695
4672 6029
9969 1967
8366 4952
9933 1696
8698 901
9969 8274
1083 3148
7705 6152
79 3229
5198 1591
6376 9910
9421 5444
5259 2616
4209 4362
9394 7245
57 4066
3275 27
6034 1641
4980 5968
3338 3678
6870 3307
1953 7953
6456 9659
4106 6536
2888 9304
8128 9265
9215 7549
4709 4474
166 8918
8837 9560
6164 8895
3627 9439
8922 9662
1081 3902
5631 4419
7581 2501
7727 9534
455 4183
9194 4561
720 2082
3865 8848
1348 3080
6398 6058
7555 6564
4977 6392
6125 1141
5287 9753
581 4210
9416 1662
8112 5047
6082 5693
7549 3809
5228 8004
7993 4423
2565 8713
6505 6431
7562 7854
9512 3960
3912 7068
524 8889
3461 6650
31 8748
6403 613
2959 5819
2276 1072
867 8358
6765 8416
2167 1994
6421 161
6417 8986
8874 2923
5418 6436
778 4931
397 4690
1999 921
3580 5460
7572 3612
4209 3976
4225 7168
9795 6502
8240 663
4860 5006
9079 7028
7001 5500
7189 3419
4487 6064
6343 9906
2501 7121
4837 2898
1812 6836
3820 5393
2296 1392
9005 6506
5368 3231
3674 5164
9733 1915
5827 4594
6922 4907
1623 3923
408 8813
7342 4896
4877 3685
4802 7379
807 9639
277 2619
6476 4097
8013 8772
5490 7018
5278 859
250 8953
6024 9984
869 1852
4579 7791
6759 6202
1714 7168
5015 9057
2064 9893
2743 6867
7272 3550
6506 7550
6170 2982
1648 4183
1755 7138
1202 7034
7998 1452
5988 4022
1437 6857
5874 6016
4648 2634
2219 6363
9802 7234
5420 1867
7128 8163
8734 4401
1714 5241
1951 7884
8223 3600
2067 9979
739 3269
7014 8737
4722 3002
2759 6159
9859 8634
2175 4508
1268 4394
871 1071
1629 6291
2938 8758
4455 1673
3159 6169
6914 5111
4053 5138
8711 6121
5117 9450
9390 2131
8188 4113
5133 948
272 4993
9582 2448
9501 851
6843 373
1922 8473
6664 4861
7231 1119
6535 391
7289 3449
5502 1342
8587 4214
7463 3705
3665 6854
5836 1853
968 970
2801 1240
5964 2384
3689 5466
3235 532
5839 5158
9005 2503
20 6236
3623 6555
6628 912
5 2131
2255 8593
6345 9719
2298 11
6574 8135
1864 7542
9105 4666
8782 5070
7050 2471
536 286
3004 6375
5445 2009
8878 5465
8246 2502
2021 4874
3415 2026
7005 5670
619 3351
5390 2918
3362 1964
1053 5227
9506 159
9894 8289
5229 6945
761 5765
7231 3765
2140 2676
5775 1019
8142 4021
3521 163
8895 6937
2190 5901
2607 2810
9252 7997
5728 2615
9961 6781
7843 9468
6940 7737
7757 2169
4682 8518
7934 1914
2284 75
4591 8059
1094 2733
2080 4616
2897 976
1554 5087
6878 4161
7897 6131
2159 3626
8746 2121
407 6589
1590 7348
4326 9347
9517 9009
7866 7452
923 150
7528 5514
8210 8623
8248 291
3239 1145
1268 4793
6233 8146
8955 4131
4277 1115
7757 3023
3237 8165
9613 4827
5513 3940
4174 5031
2949 2041
2483 3873
2192 11
9388 402
8634 7637
693 1874
8783 1961
6668 5016
108 5624
9148 4385
6740 6906
7409 9977
5071 7022
4804 585
963 8979
5616 3913
1020 8099
7786 3213
8111 7175
3615 6746
4812 4309
8621 3595
6271 5290
8612 6379
914 7761
765 7654
4667 8174
7631 9738
5197 2436
323 6160
1415 5939
73 2436
4039 7860
5649 2151
5035 9265
8898 9848
3575 7519
3444 9846
2809 2057
6226 3724
9818 6991
1379 4485
5166 9011
4224 364
1447 4547
6524 2863
487 6598
5299 4527
4459 949
6679 9495
214 5577
9343 3789
3096 2788
3636 5906
4845 9862
9630 4663
6854 1010
9148 2021
21 3372
2385 1468
7920 8910
4331 8408
5509 9631
2936 9968
580 9615
9463 794
5192 8807
4584 8289
1595 8220
4196 6441
8083 3827
1104 4938
4837 253
6960 4858
3626 9345
6327 1547
8256 658
9955 3765
290 2892
3733 870
2507 3197
1665 7700
2004 6249
5990 3600
4470 186
42 2554
4013 1146
7493 8851
1400 4453
3709 5026
3798 36
6573 2055
695 6529
5820 985
9421 9554
1856 1929
2751 3521
9630 4756
9770 5620
8357 4241
5807 8399
6795 9821
9546 4288
8672 946
8742 2382
5973 2541
2419 2547
4596 3114
9076 416
4100 8497
9970 5956
427 2722
9477 57
7478 9248
5677 5836
3489 1485
4235 285
1306 3782
4574 9979
4729 3316
2361 702
5857 4780
3249 453
7895 2326
870 1995
823 841
7951 1250
3563 7429
1307 1042
6677 6985
6878 166
8470 1114
452 9776
4896 5026
9756 9625
8342 2117
328 4200
6897 3578
4653 4792
5904 5524
6788 6728
6365 4739
7978 9928
2168 9286
970 8846
6272 7849
9013 4742
8963 9465
4519 3860
4492 4275
3486 2835
6393 3814
7035 3291
7393 1689
8083 3297
7213 4872
25 3578
9611 8004
3507 1780
7291 4478
627 3563
2327 9640
8306 1291
9106 2826
5151 3598
7102 8637
6433 3495
2452 3469
6786 9846
5158 4870
3143 2372
9742 3169
5951 9354
1173 9458
1135 8465
3936 1762
2029 6264
1403 335
7555 510
3162 2707
4108 264
1344 542
3760 3797
4012 547
3643 9171
5417 6787
1543 5160
9956 7494
4515 1130
6953 5650
9595 890
7413 1624
7154 8817
1960 4709
9327 5123
7416 3435
5388 8761
3978 9148
2559 7990
9696 6203
7162 5113
2990 8705
274 2947
6200 4789
4077 3154
440 3673
4044 7853
5298 1198
6670 7258
5908 5997
2382 3325
9433 7770
2086 3412
6919 4646
1403 6615
849 8565
1729 3840
7271 2003
6787 3471
6793 865
6626 7233
4539 670
5086 9837
1869 1757
7096 7777
7755 9478
1102 7189
7248 3189
601 4168
7836 2005
783 8686
570 2512
2526 7841
4515 9314
1313 1309
180 7940
8542 4719
8610 3629
4557 479
5387 1653
8257 3142
1132 9360
331 8381
2549 933
2549 385
2938 3332
9072 3509
5844 1598
1351 360
913 2665
1669 1093
605 211
5813 9216
3841 370
9695 9228
2023 7953
2370 3155
7313 2702
1537 9862
3636 4086
248 6575
7418 9320
85 3262
919 1436
3623 1832
4102 5293
2926 4708
5504 8739
3924 9346
9110 3620
8574 1134
1573 945
4289 8886
3647 5827
8749 7284
9913 8998
3859 7331
8319 3945
594 9238
5381 4218
1071 9484
9511 3998
4192 5016
2737 8117
4362 1848
1737 2936
2982 3310
3881 7272
2197 7529
3099 946
4813 3012
9944 8673
343 8263
2618 938
7502 8000
5156 8573
7485 4667
2571 1677
9683 5309
9794 4045
7158 1532
6982 140
4842 863
7412 7039
8393 511
7986 3207
3524 7931
1881 3868
6194 4499
4806 3696
2500 9963
2270 9985
4630 4842
1663 4314
152 1458
8360 7310
2990 5342
7450 7833
6206 4863
4873 4599
5375 2859
7807 8899
790 9688
2767 6985
4188 7573
682 6688
7536 2952
6674 2167
7795 8338
6482 7947
9796 4842
5258 2787
184 2709
620 6391
7572 5493
991 2947
8353 8798
1846 9144
8486 4613
6129 2674
2187 6811
9363 9724
9764 6038
1892 7559
4377 8374
5507 4174
3216 766
6961 3401
3475 7582
9792 1048
3076 784
3995 1429
9582 5842
573 8069
456 6703
744 2643
3514 108
2368 3279
6147 4260
839 524
2634 6346
4699 5850
7113 1661
9252 588
9243 9045
1636 2320
9829 5632
3749 9411
1474 4323
7481 1931
1026 8225
4574 4541
8333 6943
7820 4481
1203 8659
5005 3837
5006 9704
9688 2119
1365 8940
2708 609
7985 4345
2929 7815
9978 6679
7226 1453
1003 4708
3384 2029
2933 7959
6571 1267
4902 4392
5748 6105
3051 754
9943 8058
459 9632
178 1825
8573 2886
2434 6558
7232 5364
4374 7210
2044 1600
8663 3047
6309 2047
5077 9242
7 1648
510 4909
6040 6259
1015 9092
7013 959
7150 7473
