1000 2
3592 7123
4436 1270
8886 4889
1809 5148
138 4775
2785 6297
5432 4786
3491 4405
9252 2309
8920 4157
6809 5566
8565 660
3222 1803
6291 7048
8840 4756
9065 2432
1880 3501
3702 766
8390 5512
5914 8529
287 8700
4827 5719
3486 8318
125 2739
628 9045
6896 7437
4611 5462
8098 7834
7265 4389
4882 6105
9146 3948
8537 1026
7449 2240
1793 5840
7753 7708
4369 8040
6408 9197
3760 9895
7515 3885
2635 8143
2931 9531
5581 7542
4994 3679
5377 2259
8069 260
8364 7215
4208 6902
8242 1657
9143 35
7498 6896
7743 1867
4937 4152
1064 8698
4048 8580
2583 6683
6724 5514
6215 2305
3057 1209
5985 8435
3469 4055
8695 1834
1270 2903
8736 9513
4560 7880
9548 2058
4776 7292
3926 9714
1445 4991
8412 5493
3572 996
2177 296
6511 8393
2602 9568
9602 8588
8003 3071
2643 6699
4905 3913
9602 3642
3427 4163
1522 2975
6221 6299
268 148
6013 1713
5140 4425
7207 8712
5421 9385
9009 1932
7778 1611
1501 7381
199 9505
452 2842
6204 5358
6756 5806
9001 183
9970 523
3159 6192
6823 3427
6340 2836
5141 1481
7262 2349
193 2684
1734 9202
4616 9512
813 6118
6893 1013
5624 7346
3856 1828
2705 612
7635 1706
796 7606
2230 3955
3798 9053
7383 138
1890 2525
1619 9153
4874 1813
1837 6608
1015 6454
6121 1829
2572 3015
2842 8196
361 6698
25 3066
7311 7661
4773 8107
5267 7004
2063 9065
6058 9447
9204 7948
1972 824
7101 6847
2637 8939
3456 3653
5393 9577
5482 7965
2592 8325
6162 2954
5024 6188
6021 2336
3850 794
444 9118
7798 2507
8183 3856
1955 7388
1805 3928
8212 8907
775 850
7846 4231
4503 3239
3809 9986
1205 6402
8312 7367
9356 3336
3556 5377
5672 7406
6172 6117
6524 3971
8624 4708
7828 580
2097 9633
4508 309
8541 5283
1160 6388
9515 5663
9627 3324
5650 833
9727 3962
8201 9083
7298 1757
4461 2971
9164 633
9088 5688
4604 7713
397 2433
8293 2494
2066 2802
2804 608
8085 3964
6996 7601
9628 6624
926 5278
7457 653
9241 5658
9736 6540
7416 4198
9512 6580
4831 8600
2268 9436
6314 2666
1869 4608
5160 3936
7410 7965
4544 5496
1929 1541
3097 1558
8165 4024
6837 5622
4677 6078
1281 4414
2618 8697
8612 2130
5277 3444
731 7546
2880 7046
212 4750
1655 5373
8687 9065
3338 3232
4562 5268
4773 7660
6826 2938
1684 3663
8561 6361
9742 9842
775 2361
8539 9388
4491 3817
2832 5223
1363 5713
2269 1576
463 3924
6949 9150
2990 288
2382 7553
5556 7156
5213 2382
94 6897
6046 8656
3259 5789
8498 4035
8150 7038
3424 2642
856 6256
7865 2220
1969 135
3796 2433
4060 746
1583 7051
1034 3966
4604 6591
1122 9817
8974 1217
6715 5021
9873 9975
810 8372
4011 8960
5411 7435
1602 6267
3691 9468
8487 5661
9604 2284
8094 3664
3030 9677
715 4065
3644 5320
656 4767
5137 9631
5984 1853
4652 5858
1829 5462
4230 5840
4423 9642
3275 6026
5909 6967
5494 4397
2628 5098
6681 722
8763 9712
400 9479
3777 4045
4799 4434
8812 9937
4065 4797
1790 8718
655 3620
4180 4886
9460 8603
4528 2736
4629 438
9703 124
4835 2332
5223 1516
3055 3986
1228 3456
3465 5006
7501 8264
9441 6314
8202 3507
1111 9992
2225 1767
3612 6405
6654 3073
5009 1183
5809 9639
1621 5513
9764 6456
7846 4987
7973 901
8974 9202
4358 2439
4208 1859
704 3650
8173 8906
7157 9285
8899 9382
1053 2512
5788 7707
5586 798
8891 1396
437 512
6909 202
6969 4756
5189 4943
5658 4163
4145 16
6603 8354
1876 7308
2004 50
6215 9161
9335 5115
8544 389
7627 4332
8096 3214
5130 6988
4610 5568
7500 1520
5770 4470
6276 960
9413 1935
5124 3559
1951 1728
1914 3827
9036 3918
3877 5252
3080 3213
367 1625
3602 7995
5957 1699
1209 1088
8687 5820
6657 6188
7340 2427
659 3617
3388 73
5552 8512
3632 7503
241 5547
1331 9278
9466 5209
4530 2547
8422 4898
4172 2025
2893 130
3725 4103
1218 2413
9923 7875
8601 7264
303 9261
881 3692
9334 6433
2205 2967
3937 2446
8514 5268
1724 7980
478 6254
527 8901
1153 4700
927 4046
4830 4652
8150 6048
7065 8074
3924 5667
5338 4228
4928 6219
7920 4263
2652 125
7230 6590
2572 5745
1859 4296
3726 2337
551 4253
1238 1704
8953 2165
5751 3784
6818 3901
9832 3884
1975 3757
9551 7314
7985 4480
3533 5906
8743 6186
6032 5974
2776 8604
1719 4635
2900 5445
6972 3452
9699 8211
5156 8653
377 907
2437 7195
4809 2270
1079 6785
6028 631
4099 4014
5111 7633
9920 3855
3819 5952
9830 6595
4557 1549
1230 7457
6995 8202
909 6695
6414 6066
5348 6791
6974 7786
3986 1783
57 5066
8569 6086
5697 2669
100 809
302 21
4664 4121
5974 4494
716 531
6044 1946
7988 3040
149 8898
9735 6563
4964 5084
3355 1938
2871 7341
3722 2928
2408 2291
9014 8105
4960 9115
8915 5263
9136 3580
9384 5110
8075 101
5641 4119
2047 3629
7160 2197
2528 6895
8761 7492
1979 2116
9431 4850
9458 3153
7779 1867
5445 6794
9972 406
5909 8888
5669 5045
2468 5053
155 543
5154 5796
4663 7202
9426 1823
9400 1955
8719 8162
9447 698
279 8879
5549 9737
2032 3329
1604 7478
123 1577
7884 6032
465 3553
1077 2934
8607 1233
3478 3762
7030 8141
965 6456
9965 366
8412 8684
8528 7860
9383 8807
6739 4932
8545 8772
8261 150
6250 8385
1727 4135
4417 2193
7689 5495
5128 6297
6729 8606
59 3759
6747 1025
216 6712
1391 8628
5397 9920
6488 4780
8727 3227
9712 7273
2000 7974
7423 8250
6359 9150
2386 777
1344 75
6273 6472
6372 3002
5078 6432
6761 1826
7457 6977
8539 8849
5606 3936
8769 2094
8716 7496
5322 8428
4769 7322
6403 2193
5573 2763
1343 7959
3541 2688
8034 9814
9161 4407
2816 4239
839 9578
6066 8296
6556 4605
7145 2162
8541 5914
4256 7257
3411 9579
5686 8181
6901 2090
374 2474
4853 1718
434 8394
4406 8468
8209 3567
2876 1025
7807 3715
604 3873
2011 7160
8479 9157
9322 7020
5071 3579
4278 8483
3158 9965
6664 59
2055 7039
2534 6908
8757 2968
5303 3164
1437 3512
6732 4313
4538 4540
8028 5142
8414 40
2303 6893
9197 1625
3913 4269
5204 8192
2752 8363
8157 9417
8422 212
6456 957
7121 5214
3926 2425
8379 5363
5937 5112
9677 476
9653 7706
5619 8067
7746 7922
4960 6944
9548 8874
1213 4753
7066 3966
3116 5224
3384 1539
5436 9841
2496 2558
5055 6422
4983 3435
1786 921
8548 1464
1398 8201
9170 7017
6268 6917
4939 1229
3861 4488
103 5075
9241 7170
9042 2357
2394 2426
3896 7830
2267 6393
389 7323
2815 5372
759 4602
6294 9307
6066 7692
7508 5236
4709 3776
2154 9649
5005 6016
4138 5109
1092 3379
2279 134
5736 4673
2561 9633
2504 4828
6026 2893
2152 8841
8266 2911
3444 4560
2218 9510
2253 9726
4747 6963
3503 6901
6613 8509
2917 751
3619 4009
4130 5898
4144 9867
572 6705
9500 3077
1534 5526
5971 3686
4368 4237
6597 7812
8798 8816
7323 1052
8543 2070
8015 2046
8972 4628
556 1889
5380 4175
5899 9511
74 44
9378 647
6750 8878
3724 8284
4405 9695
1971 8774
3933 8568
6587 2732
7385 3910
3784 5928
5981 1800
7975 4953
6429 8531
6843 1809
2707 2743
1320 2781
2787 698
3428 9537
9577 7153
7822 3983
6848 9793
2757 782
8362 9345
3514 5747
3255 7298
1675 9237
9098 9651
4190 5527
8182 1034
7337 890
3777 8657
3672 6564
9356 7100
6102 8934
4254 3925
2917 1102
3718 5675
1884 2080
5020 5399
7828 8276
2698 9504
7513 1797
9155 1704
7325 7338
2738 4662
8228 6515
3320 1900
3080 2676
9001 9183
1611 3255
3108 4528
4358 6826
204 6243
8907 5224
1642 6735
3500 4340
6240 1014
6137 5395
2718 3463
2733 5456
8125 962
1971 1446
2862 5052
4123 1863
4235 5734
5119 7343
262 9477
4170 467
5720 3077
5691 7363
9813 9192
1704 6053
207 7842
1449 2925
1305 4183
8381 9430
5145 353
877 8007
5405 5000
9871 9640
734 4990
6984 997
4468 1154
1464 188
4231 7156
7552 4045
6348 9256
99 6555
7098 1548
9481 8403
5732 7863
7834 877
8216 8711
8885 3622
3711 8757
3263 4445
3747 247
5443 8215
1401 6907
8404 5633
4063 5956
9678 412
5212 9778
6968 2310
1326 6449
714 7059
4312 8548
7936 2529
7260 6822
6152 971
5579 9415
5417 9326
9662 860
7542 1064
7768 5947
6698 1831
1904 6377
2244 7116
6155 9212
9427 7482
5662 142
4541 9975
8691 2477
2504 5951
9299 8657
6923 4879
8072 2341
4206 7735
3201 1748
8800 970
7696 5498
2801 9600
1875 5045
6717 8030
4258 6145
5512 9920
6288 53
9895 4979
2531 2400
931 1831
1057 7854
6710 9130
195 917
6865 3397
2665 5665
4367 362
1163 7169
9963 3039
2215 6680
1069 6473
2826 6582
6393 9114
6636 6288
4094 9168
8689 5025
999 9746
2879 7710
8876 3075
8627 5742
6473 1293
1408 841
1656 2572
8011 1619
5611 226
8300 6681
6699 1126
3263 3093
241 9899
9382 4335
9067 8071
9361 67
7818 2241
7778 6695
5316 6406
2437 1790
7699 3845
2632 9355
6418 643
975 2029
870 9275
8710 7570
402 1974
663 643
1874 45
4979 942
8117 4340
1010 5935
6581 8788
2631 1898
5194 5068
3689 2894
8914 6322
2250 5333
6965 3225
7362 7836
2501 6073
5406 2903
8047 6070
3547 9922
6116 8526
864 4233
2867 1874
169 9449
663 2800
1347 5857
7869 5037
8752 6784
1359 1002
2117 8325
4228 9480
6161 6729
5553 1568
9632 3601
7638 3179
3523 3754
1706 4388
7988 4574
6263 8158
4023 6926
958 5371
2783 8828
408 1535
5613 1767
2538 7730
93 6766
7210 6254
3495 2764
7823 3128
6366 5461
6308 9890
9216 8014
4278 7205
2589 541
5363 6612
7467 6322
1984 251
5150 2392
1787 763
4160 4325
8494 4254
1092 5705
508 4587
8469 8332
7715 4836
3793 4023
4726 3010
2038 9005
215 4628
9547 5578
1240 7015
1900 3225
7266 7051
5618 9054
7814 9779
3380 6308
4033 4472
2013 4542
9060 483
2874 6775
5319 6667
799 46
9678 2838
9051 9893
7466 8599
5472 8707
5614 7372
1932 2881
4423 7550
1935 2238
7329 5315
8547 1363
9787 560
5905 8847
1044 8779
5623 6364
5447 6423
6410 5125
9262 5462
5019 6728
4061 491
5436 9676
7864 7368
2557 2287
4919 4492
4526 2249
9808 3073
3612 9596
3634 9518
8444 4678
8297 4067
1043 3745
491 7454
8871 9753
2917 3890
6482 6979
4381 1918
6655 2245
9287 9212
4533 4207
3705 9059
6457 3513
2133 70
3109 5767
9588 1553
446 7885
5621 1489
1631 6112
8944 502
5866 1861
4392 2349
8840 8774
4268 5496
1020 3555
4708 5553
7763 8413
4613 4220
1927 6746
4290 5036
2514 3879
6589 2960
1765 2211
4450 3396
8323 3395
3898 4190
5256 8290
6539 4097
7065 807
9593 8085
4363 4302
3639 2127
2716 8252
6347 4643
4999 638
9680 7514
4518 6270
475 6283
8481 4926
9679 6805
8321 3577
995 3577
1868 7535
7675 8934
8342 7268
7019 2706
1571 658
4833 4287
8911 1181
8930 3911
1820 8611
1425 6338
4881 1901
2621 3362
6827 2300
167 5148
5878 1163
8726 7747
8698 6401
6681 7040
3670 3700
9747 5241
4359 4580
9529 3270
5761 8460
7182 7581
7071 8607
3920 1952
508 6541
5314 7336
8841 5482
2484 4720
