1000 2
9394 9928
553 3367
6307 9025
3746 8062
2647 9012
6829 7778
593 9923
1659 8655
833 1680
1079 2553
4375 2524
991 5502
3523 4967
739 3723
2086 5349
9252 1480
5278 9805
4848 1585
8831 8595
9648 1479
7607 6477
9257 8200
6400 916
6856 7234
2597 7935
9787 6972
460 778
2475 3983
5746 3214
7707 7832
8564 6959
9313 3843
6765 4162
5429 5597
2757 5077
7076 364
1554 6334
8564 7955
7250 5421
5189 9848
3356 4976
6820 3817
5755 9296
7801 1502
2511 5509
9334 1076
2469 8648
4920 9234
2810 349
4832 5568
5426 1908
5932 6981
8242 4497
4937 5493
9918 126
5342 3275
5103 2163
7092 859
1459 4894
2361 3971
403 1696
5047 2872
345 9967
2107 3155
317 6939
8724 5743
8848 4656
2725 7091
9153 7662
2585 9071
7789 7927
2346 2893
90 9439
3752 1550
4333 6113
5521 4737
7809 569
7610 8154
536 9717
1310 853
6657 34
6597 5506
4691 9323
2598 3844
6986 5183
2915 4775
3111 5262
7668 3201
4701 1421
4752 9035
7534 273
3773 5344
842 1383
3499 1379
1101 4810
2233 7759
4845 8830
3266 9536
8154 5864
3380 5140
1048 6296
9915 4159
1558 7584
7361 6260
9006 2113
5296 6540
2387 9070
1885 3229
454 5385
4609 1556
195 6842
9315 5040
5673 2581
4577 3827
8446 7957
8967 9494
4254 8883
3653 5813
6468 1014
2074 5474
3128 7371
2015 5515
6441 3900
8745 6895
9285 3354
8451 9481
196 7767
4521 5869
349 9099
9697 8795
7056 8664
8289 1311
7548 1942
7124 4016
2957 9198
9490 6086
6569 1506
1601 3011
5406 346
9906 4692
3701 8358
4174 3897
6126 8696
9767 6475
7795 9464
5270 4851
8129 3559
6163 5677
5502 3287
9694 8460
2486 9184
4546 9055
690 6148
2067 6097
6495 1974
790 196
332 4964
4094 6458
3660 3861
2933 1455
3326 8203
6307 1456
1763 2470
7134 7265
5758 6828
5725 8244
6013 271
7300 6704
6419 9367
2801 2915
1341 3592
3111 1674
8557 7205
8132 2218
1067 1066
3674 4394
9270 9982
5850 1033
2453 2984
8299 8211
9813 4024
6456 5826
4296 3756
2530 716
3123 5332
3631 4465
8924 6743
6139 7482
3948 4272
9700 5016
5339 3375
9410 4609
3357 5261
5643 5810
8246 3943
4022 8059
7967 478
3885 2264
4234 6415
2981 7358
1747 6613
1823 672
3356 7962
8155 7304
2235 7855
2320 7574
1230 1731
2184 4588
6992 7827
399 5238
1770 4421
3298 9738
4899 7183
2003 9134
3598 4984
6493 5346
1598 8316
6019 4954
6279 4174
2259 8514
2030 4579
6089 3260
6311 8273
7849 3304
6101 8248
8542 7872
2669 1841
7611 7569
9024 9614
6704 2623
4599 3197
7969 6198
1514 3989
1152 7793
8163 3411
6308 193
7991 2398
3454 4302
671 1303
7606 6773
9552 6149
4645 2222
7990 2256
9791 7015
1871 6496
9638 6471
9693 7608
2669 1208
1597 3821
9001 9761
7233 5310
9954 5224
7708 3409
9527 8380
4713 7134
5153 4265
3283 9798
6487 1274
2055 6279
8289 3927
2775 7928
398 2469
5537 3068
3677 7134
6890 2679
6895 4123
7990 6850
9348 5699
259 8875
4079 4972
6009 9232
9238 9293
9031 5725
567 1086
2005 8857
5014 4781
6786 5412
7251 2323
8481 928
9457 5371
3608 6353
9495 1598
3204 8843
7297 3464
7719 1377
8437 3728
609 7675
3021 9641
3401 3589
728 5406
2447 5742
188 9233
1155 7439
1556 9636
8368 1014
5008 1976
7368 4504
3575 572
3347 872
4037 1067
2250 2474
4795 2859
149 7817
2500 3551
1406 3229
8958 3854
8971 9146
3087 126
6585 4644
9763 4953
5658 4772
6929 3027
9276 505
3600 2624
1378 7637
3691 3628
112 8487
6487 262
6304 8988
3813 7711
2217 2771
1565 1189
1917 4653
1316 8503
9297 1079
3456 4956
5852 386
7983 5128
891 1583
7753 2269
9221 1444
5897 9333
9931 2385
9595 6236
1373 3408
3947 3591
6180 5513
4781 8097
166 6097
6600 9463
7177 57
4419 3029
443 2403
8158 1334
3987 5911
3604 3208
7355 9501
2542 7287
1886 2137
3523 3260
5546 7471
6852 1726
2984 1633
9824 3150
7731 6425
2614 4909
6483 7034
7938 6926
9437 6096
8261 3425
2007 1865
6633 9363
1366 9175
6650 3253
1313 174
6513 6859
7646 3366
8586 630
5000 8411
3781 2731
4836 6396
7640 1319
3430 5579
8246 2868
1676 6508
6293 3684
8373 2927
3047 9740
2103 9698
2993 3416
9873 9507
276 7519
2873 8862
8150 7874
7273 1931
606 2110
8328 8247
3430 1759
3826 1677
4627 5502
8185 921
9187 6558
3849 2234
6299 5952
1933 9293
9369 1806
8800 9645
9326 1674
8508 7476
9548 5781
9408 155
7892 7736
8402 1323
9495 2228
3000 4123
7731 1185
5045 6918
7744 8895
9153 4044
4847 1086
3337 4217
2893 2137
3863 2219
3812 2371
9695 3361
8153 9103
3516 6045
6839 1918
7369 6335
4147 369
458 1879
1555 5504
8797 9300
4399 7951
3344 9247
9037 6681
3464 1931
8819 7327
4150 2631
9698 3845
5992 7851
2949 9509
3897 9789
1427 1266
6124 5575
1636 6583
7454 3191
2087 6252
2491 6486
4203 5836
5733 3241
2517 9198
5172 1336
6525 9322
3968 6224
3168 9960
4076 6117
9470 7974
5906 897
9241 2030
6472 877
8614 3926
4069 701
179 6561
7187 4382
2397 2921
7623 4914
2119 2796
6251 8645
2119 219
4870 5287
180 8946
1405 9651
6921 7312
548 6162
9342 7021
7039 7957
948 1108
8658 1127
7669 5846
5509 67
8767 3133
4982 887
5930 1233
9532 8049
1453 4402
3337 1634
3349 4742
1285 270
2054 1834
6432 1397
8855 3472
9354 9804
4580 8012
931 2250
3858 6441
2317 2626
9575 7299
3513 5505
8533 3046
3554 9987
7449 6892
1621 799
1634 2907
1070 3689
4742 7502
5086 3597
975 4440
3402 5556
2453 4333
7806 6312
775 124
8939 350
7423 2453
5856 5957
5499 9411
5944 2949
6303 7566
3748 7937
474 4818
1626 5216
2321 6713
8814 3296
1154 2216
8852 3608
6550 6659
9920 7325
6783 8860
7676 4207
1313 3533
164 6812
2944 6109
9762 9247
3676 3510
7185 4150
8329 8812
9366 650
5526 8180
3946 6680
396 2799
288 6947
9458 209
4273 6241
9069 1949
449 382
5482 614
7195 8427
6723 6957
7675 399
468 4861
4549 8797
3673 3916
9447 9200
2096 3394
5880 2493
6193 6169
9441 5652
6378 3714
1894 5448
5663 2343
5831 1146
2957 3027
9574 9680
9984 7249
80 453
2110 4630
9250 5784
8546 8697
4984 643
2092 865
3137 8286
7034 2578
3938 3413
6292 5832
8862 1956
8176 4693
3103 1133
7720 2677
814 7705
9926 895
8158 2036
5525 7408
7821 4072
6106 2805
4716 8199
3670 7854
6485 704
432 424
4118 6725
6257 2980
8681 4433
7673 1784
5567 5394
4461 6382
3099 4388
7277 1258
6424 2803
8666 4245
6876 4773
7051 1592
2972 721
9446 9458
1426 9879
9882 5544
6604 6139
8525 5286
573 6198
7071 6140
1593 1532
2523 4692
5921 9800
5950 2345
2604 4617
6591 9480
9390 3643
1073 2363
4365 520
1821 5791
399 1704
1336 7004
7843 9861
2290 8417
6060 9362
4557 7653
894 7080
2346 6815
6881 8296
9161 9486
2914 5753
8966 2305
9397 40
4668 3762
560 6490
9553 960
8194 890
7965 6038
751 256
4455 6811
9618 9013
4465 513
6094 6811
7329 2976
5108 6491
2462 8022
2244 1429
328 1642
1469 4997
5404 2030
1487 4958
2991 9682
5848 956
5720 6600
1213 176
3412 831
9189 7877
1345 5284
4688 8674
8260 9797
5165 722
7819 7410
2152 8147
9052 3621
3145 4456
5652 4632
9414 8644
4315 5263
9600 35
1863 814
212 5275
1645 9401
3153 2990
4686 7841
1665 2946
7639 6830
3669 5458
4240 5821
3606 3293
9443 6751
7749 5096
1384 7164
3740 5699
2428 3341
5735 4291
4155 5947
9567 5801
5349 2720
8792 35
562 457
2982 8201
7287 6651
3660 1528
2473 7267
4821 1917
4019 2571
7013 5403
9736 753
1103 2164
4094 6838
6455 8250
2786 6022
4051 8136
8742 2843
8171 9304
3300 1154
7505 588
7806 1166
2116 279
8433 6938
2196 2452
9509 9210
7855 9245
9963 8959
1409 4058
5797 7865
2308 8584
3888 6359
6720 2630
9202 4892
1935 2503
6046 9441
3091 3852
607 5208
4132 9040
2146 6329
1493 1656
5539 9348
902 5502
8307 2312
9560 4105
177 1869
2689 4066
8228 9409
6697 7431
4302 8632
9935 348
8074 3026
4200 8682
8235 8333
7723 382
4662 9216
2038 201
8564 2941
5703 6872
5253 5264
978 5431
7133 3668
9498 5362
3078 6195
2794 7380
4827 2729
7728 2902
5755 1929
1584 3991
262 9307
4373 4924
8523 6412
5125 7088
9354 829
3961 4608
6094 4939
39 3228
8608 9537
8591 1686
5733 1385
9066 561
4114 6794
3463 9870
8724 5048
3861 8986
4356 8235
3911 2880
4648 9036
9969 4002
9866 3930
8610 5960
8870 8650
9189 7478
8188 7780
9164 3921
9165 8230
4482 3279
5025 7946
3150 3749
2994 7011
2736 7350
5247 6647
231 9895
5684 200
3897 5550
4130 2508
1511 3001
1158 700
480 9346
8481 9644
3268 7646
7875 7750
926 2901
5696 4076
6651 8691
1088 9387
6042 6335
6034 6273
6230 1719
6473 128
7269 604
2636 8781
3605 3794
9482 4085
3141 7963
3730 6409
5610 1606
4160 6536
4507 9856
613 1158
8548 1701
546 4590
8036 6581
863 4267
8300 7336
4395 5570
7940 7032
4352 1546
827 3834
5631 3968
1798 9361
378 7408
968 4538
3945 5475
4395 4558
6634 2943
6260 7181
7533 4297
3762 8397
8564 2063
5733 2960
7633 3674
9992 1985
5220 820
5820 851
4788 7618
213 5166
5026 1181
9705 8972
6657 4100
3530 3292
7044 9790
473 4578
4087 4235
2975 2652
6298 8709
5613 3932
2383 5605
5918 7603
6425 1739
8455 1214
9357 8669
6381 4384
9851 6086
3356 6508
187 6887
9800 7231
6677 274
1809 765
4509 4785
3418 808
3494 9031
4741 5878
4637 660
3481 1063
2399 1937
2277 1757
607 8659
6141 458
4745 9498
6967 4933
6385 6768
2164 3063
7042 3974
3828 1551
8759 7246
2360 2254
6278 7102
8132 915
7762 1614
1978 162
3551 4256
1919 4158
2915 8061
4617 7661
7559 1584
2594 3944
8352 4759
7007 5394
8733 836
6946 7493
8083 9307
9748 4361
6409 7880
5276 4172
9494 7254
4334 3046
1510 6254
7205 4426
4315 1822
2087 1874
3406 4681
5819 1758
9440 2827
7153 8174
3663 4099
5667 1746
3406 5415
6108 9816
3296 1384
3988 2790
8639 8322
5837 150
4577 3042
4576 8892
4864 6663
767 8271
1345 6586
30 785
9413 7183
8960 3077
1283 4628
4824 4689
43 932
4506 3340
2317 8494
6131 956
6817 1968
1106 1394
5011 5682
287 9875
2346 1054
8147 3691
7640 8177
4477 7054
5360 3437
132 6643
8065 4956
1333 8109
5888 5839
1449 8206
4333 7581
9162 1151
9549 269
2546 4560
5952 2833
4436 8298
3887 2583
1990 1528
761 6467
8583 6121
9904 8715
2764 7970
3671 4098
6079 9560
9937 7529
7766 4271
5110 6929
5423 4659
7198 7969
9220 3150
802 3657
1449 4689
6241 3439
6218 7002
9907 4801
3124 9812
3516 5889
7782 7188
9987 3861
6749 9925
1390 4516
4196 6500
1445 9619
1160 8644
7589 381
1795 8391
4038 3244
3081 280
6684 9299
7283 6591
4100 407
6403 7617
6296 4185
4806 6284
8047 1556
6209 9438
6072 405
5938 7518
25 7099
6162 7614
7480 7958
6006 1519
1202 9087
1800 7886
8386 9083
4478 2487
9490 882
105 5787
5067 4911
2071 3115
6468 8280
2553 2540
8686 8492
59 8712
5591 6222
