1000 2
9600 3083
125 634
5923 3501
1134 8065
2486 1431
7366 7534
3209 2290
1710 9903
8413 2125
2037 9388
6896 8761
5565 5494
8929 949
7152 5685
7887 3720
7462 7487
6804 7587
8122 2727
1088 9257
792 3575
688 8158
1110 3898
449 2820
3802 8862
4945 5839
8250 1842
4601 3816
7337 3530
4766 4489
9215 2653
8210 6678
141 5014
4265 8264
7741 5354
7521 8533
8929 8209
6691 39
2108 7140
2860 5911
6003 7806
1751 4254
9648 6352
8071 6985
9883 2837
1474 9099
5490 9685
5777 5632
4699 43
3896 2440
5398 1417
973 4327
9627 7665
4367 1736
4806 7228
7647 809
5034 9398
5064 4682
5751 3135
1667 5634
5972 3142
4733 1463
2827 510
7095 7526
554 992
9966 5952
2409 940
280 2037
8605 4648
3773 3412
1876 1421
4222 6910
819 9286
1592 6571
2422 3260
2205 8394
6403 6939
9858 9231
7450 6953
6758 8004
7946 6725
3956 356
7665 4236
2393 6271
8884 6167
9683 760
7588 3905
7671 8408
3192 9264
4979 5614
2525 7185
4008 8928
4124 3866
8159 1574
820 4917
9578 8766
1642 3535
9123 9308
7771 1516
5579 6656
7684 5263
7417 5273
9168 5088
3682 2361
4352 8662
7975 6877
5847 1984
5806 9972
5850 3966
1546 6671
8883 1125
5438 526
4660 4561
9835 2432
6078 5415
9088 3762
678 6506
9036 9847
1594 2718
2208 5947
1380 184
2825 7227
2168 8631
7200 8019
2597 8746
4690 1481
9872 129
2008 4532
4691 1843
6965 769
7259 6054
4532 7937
2560 3569
7785 4154
6287 9994
102 7667
178 2927
4895 2346
1558 2095
365 4155
842 5056
5637 714
5186 7645
5247 9877
9489 2213
647 6748
8267 5180
4686 827
8749 2472
4982 5036
2466 5084
2704 2644
8011 7600
4991 9570
9696 5356
3726 538
413 9363
1253 5599
7009 6501
5476 6498
8714 6124
3247 6981
1304 7934
7809 53
406 2792
5090 2872
7877 7794
5517 5888
5395 508
5459 5091
5865 9185
5629 6279
8549 6882
1878 5558
3384 7355
2057 2098
3479 5305
9080 4783
3239 6890
4837 3646
9682 9927
6518 7559
7722 2036
3448 3117
2545 8907
8208 8410
8092 3837
4689 6642
720 6568
2200 4105
3923 4258
6203 7402
9563 5284
2186 2802
2174 7023
6448 1856
6951 2967
9416 4673
5004 2864
7790 7549
1772 5999
5960 9864
9837 650
6507 558
7218 8707
4663 1142
2965 866
8545 2529
6150 731
5332 8325
7755 1781
181 4706
4748 9598
9380 9753
2462 7171
7302 4234
3170 3262
4099 3007
3913 606
3565 1131
9314 8228
2274 2280
9095 819
4809 5246
1551 141
3571 9306
1922 3753
4013 6671
3352 3393
6424 5814
564 3727
49 3735
6989 4149
6742 903
4755 308
2034 4070
8537 4308
6350 7632
5128 1159
2879 6679
1300 6451
5985 3223
205 9999
9894 3557
3393 6319
9371 3957
46 9421
7693 7035
3570 4435
7939 8326
4743 9973
2396 3280
4282 8746
913 9410
9905 3793
6090 1206
244 2075
4430 449
2075 4324
4006 5468
643 3378
9426 689
2799 7119
7725 6370
1554 5664
4696 6298
5638 7092
9579 9921
5839 493
9331 5744
4286 5421
6951 4530
7497 1381
4979 9572
5706 8986
5041 6349
2365 4467
7039 5164
1586 4765
1535 3140
429 6231
9439 6068
3323 9018
5989 9163
9511 5321
4907 3797
743 1859
8328 8241
3241 3308
7814 8947
2294 2855
5297 4659
7322 2337
9824 8908
7102 1359
2049 7532
7591 1488
3600 915
507 9590
78 19
4911 4986
3817 5655
6845 2145
3896 87
5453 1710
9034 7748
4565 4332
2408 1888
6669 2232
796 3772
3592 2846
1304 1183
4335 4905
2099 4842
4495 2177
4861 9407
7163 8679
5062 4009
824 8958
4096 6278
669 3131
4026 5234
7464 6434
7123 4133
8667 7919
7906 2260
766 9211
3444 5101
4117 5543
9943 8613
7720 4805
8020 4883
3484 3083
8893 4309
2042 2989
587 2711
6120 4613
7946 3584
1048 5069
7718 9715
2989 5625
1976 3755
4836 5420
8856 8953
963 8800
7566 8684
3606 5587
3567 7091
8670 2461
1401 713
5450 1988
3424 1571
6602 1371
5156 7650
6440 2875
7366 9430
8500 9342
3185 3337
4762 2042
2290 5726
843 9857
4410 4449
5444 7978
1541 4115
439 2942
4828 5889
4930 8253
7461 1533
9624 2617
9183 6065
5492 6550
5495 3993
5893 8681
7330 655
724 9621
6382 1567
9479 792
6017 4924
8770 7558
9040 9209
500 3869
5099 5431
2122 2560
6965 1747
5178 6148
7813 671
2699 3309
4664 8592
1990 1995
9248 2715
1617 5630
4282 1097
6423 299
6021 5193
7858 5061
4403 8359
8930 9503
3791 1053
2064 756
2800 7242
6905 613
7913 9604
3923 2578
8197 5913
4574 7445
8628 6192
3076 2911
7289 9499
3211 3310
4693 1069
8372 9096
9429 7302
8600 3220
8355 664
3976 1156
7906 882
1770 5820
486 5693
8399 8684
1607 2973
6130 236
9165 9206
3147 6454
8705 6359
9765 3398
7429 8137
2495 6858
5440 1095
79 3796
1759 4056
4952 9666
4938 6723
5486 5425
2416 3886
4109 4024
6859 239
4260 6025
9446 7408
2480 8151
3767 2245
1550 1197
383 4046
8056 5823
5142 8135
9619 6902
2191 4571
6569 7130
1295 2056
2556 3711
5942 6665
7735 2802
6905 1996
8827 6351
9404 1308
4503 3172
3553 6054
4370 3937
101 2426
9760 5244
561 9379
2146 2753
3951 8715
9884 5246
771 2440
8958 6713
9106 6694
9516 6011
8690 8343
2363 8095
9651 6867
1268 3205
2921 5638
7142 3023
8064 6903
8267 8626
6282 413
1380 234
9129 1264
5481 9901
3704 4440
6615 2811
1134 6131
8823 9825
4475 1186
7921 4126
8053 9189
7332 975
4827 4475
3999 2892
1378 2266
1518 7661
2680 2899
7895 1809
4163 3377
1711 7868
7817 8326
679 8951
4457 9502
8777 8932
689 6698
3059 8743
5887 392
9718 715
4867 3718
3607 6245
5984 5126
3906 8664
8025 1802
474 2189
5179 2186
58 2996
512 738
1948 4970
240 725
3903 930
7423 6962
9673 3311
7354 9392
4027 2222
3110 7635
8467 9095
2762 2374
7760 787
4176 8235
2977 9356
421 3035
2353 933
3773 4301
5904 4014
5027 9807
4944 2451
6770 4618
5762 4125
4010 9789
6347 7121
7425 4815
6216 187
7189 3976
975 1366
2211 3952
722 2633
6988 3076
3566 761
7377 9471
4776 2404
9278 9721
4855 6049
4339 618
174 8350
408 6521
5471 7833
1337 1688
8020 8526
5664 8995
9893 7876
2948 616
509 9936
3692 4076
698 1069
3548 5474
3474 2826
5195 8330
8876 9534
8948 9050
7884 9357
5572 3356
7190 6909
5044 5211
5436 709
4207 5329
8586 7155
5945 9096
7091 9638
3173 7790
707 6721
3264 4182
9548 8460
2512 8424
7994 1461
7475 5879
818 3047
9236 8009
9957 4280
3220 5393
4990 7427
723 3576
4582 6669
2673 1674
6307 5846
9465 7015
2567 2729
1198 2116
1189 3710
540 9184
5172 8015
5064 5990
1063 4300
3999 1020
8581 7220
6414 3571
4647 7138
7148 9230
3807 9821
905 115
5667 370
7130 8235
3100 8328
351 4289
2039 892
3474 7212
8907 8538
3203 9970
2838 7203
991 1420
4423 7406
4991 9071
4544 2139
8301 8351
1961 9207
8467 7629
9577 5597
5865 2677
3926 6216
6967 5966
7108 442
3178 6016
8980 6381
5987 1819
3585 6978
3239 8008
4384 8231
7079 8929
371 5381
7280 2332
4588 5747
9962 4166
1345 5827
6844 5272
2044 3811
1239 9152
4254 4417
5169 3234
799 1156
5054 4384
8135 8294
2393 2520
6525 9473
1449 6897
4854 8730
9230 9443
4478 9192
3609 5823
5019 453
1096 7063
4265 2335
6216 8519
6753 1386
1754 7553
2542 6809
1937 677
5103 4331
3198 1629
3804 4647
8526 8659
3377 7756
8102 7855
6949 1712
3679 1969
2165 4776
9033 6431
7111 5250
4951 3864
6636 6706
1417 9178
3515 3355
9856 8619
7687 3054
248 1491
7702 8775
151 1079
6532 8254
8935 3481
9966 2614
5451 2132
7390 4484
8563 4502
9734 3515
8367 6370
221 9784
5549 3736
3140 5406
2355 827
8460 2604
2319 6163
1380 2470
7242 7912
724 6177
1394 691
8792 6845
2823 6183
1329 1387
686 1063
4902 9053
7434 5123
8838 2983
8860 1978
8390 1216
2806 6851
3820 5126
3014 5200
7597 256
3113 8322
6434 4507
9013 5227
1352 1836
1411 2682
3223 2097
3746 8126
1151 1180
3250 9989
4164 2110
1968 2554
3326 4774
9405 7147
9900 2419
2348 7497
2676 5461
5820 9110
9968 4833
4338 1321
6670 5749
4003 9894
7847 7749
8020 8998
8930 1270
8987 3094
3380 955
5649 6707
5730 5054
3855 5631
7474 6203
3129 150
1664 8949
9261 1633
3782 3599
2955 453
9349 6959
347 7196
4709 8367
6194 3639
9638 5182
6734 3019
6138 2383
9726 1868
7438 3581
7499 4912
9785 629
5062 1449
9578 4323
3083 3361
7923 6039
3814 7272
2998 4161
4468 7707
2529 663
1347 2167
5846 8081
5187 1984
465 4914
3853 7903
8496 1353
2815 8281
1982 7878
9731 1560
2201 2814
4921 124
8854 8736
7396 1852
2897 1865
9560 5427
2529 907
7595 8375
8989 2782
360 9454
7696 4213
7358 6192
5566 173
4474 7549
8051 4205
9109 253
7020 4031
377 5874
2768 7774
7727 5666
9640 7287
1093 2169
8195 8688
545 7184
1471 906
6639 9168
5119 3998
5361 686
4171 9835
8235 2223
4040 7345
2477 1061
1377 2855
6935 4145
630 4662
9811 270
1950 905
2440 145
9594 2986
7330 1066
3892 3970
234 9012
7968 5595
9699 2140
5431 7935
4364 9471
5281 6841
533 6658
9697 7468
804 327
2131 616
597 4081
1521 3038
4227 1116
6024 1558
2182 9916
5529 2416
8929 3498
8012 8628
5639 3443
6563 4
2915 1844
6845 3448
8503 6543
917 9307
6870 3048
9924 7468
7130 1446
506 1358
2562 6530
2917 4744
6447 8446
7161 5377
1945 5173
4005 7584
8617 569
7588 1532
2414 4434
4981 917
977 5898
225 7848
8947 149
5316 6077
1595 5822
7436 4157
2353 353
8902 8801
8800 6063
4178 745
1237 8183
8329 9854
8753 5918
1387 1167
352 6368
2084 1330
2267 2309
9178 1214
2459 4494
7292 4054
316 4728
8212 2670
5081 7114
1471 3881
3178 5649
4626 4415
3833 2956
4270 2587
8874 5658
3754 9227
2027 5839
557 4294
8149 9735
5509 608
4230 2801
4663 4546
7529 2875
7217 2611
9990 8688
6493 3169
4338 1119
7585 8172
4076 1856
759 2950
7514 4513
2178 9541
352 2735
3836 8501
2471 9345
9110 6701
2147 3773
1248 9677
6649 8465
2288 6640
7153 8782
9810 1492
9902 7395
9664 3978
9251 423
6929 6765
4936 9107
6307 5289
1843 144
3791 4314
9489 2901
1015 1637
6675 2263
1314 3325
729 3603
9966 7883
2385 9776
9375 2287
7172 9039
6266 6423
9463 3195
3189 4399
2303 9497
9689 4146
9641 3480
8461 9131
6382 9476
768 3058
1740 2083
6384 2469
5687 6350
353 8073
6127 9728
361 3299
8768 6627
9723 8231
9823 2913
2631 2127
2410 2320
6274 2052
5801 4735
1183 2183
4212 1952
5242 5952
4036 1626
8422 9723
7977 8776
7797 4105
8504 8158
7405 7273
4786 7129
5504 4610
42 8135
6738 2453
456 3012
4505 6257
7747 5689
8441 1960
7642 3683
7912 1678
5310 6335
1402 3288
5112 9199
7393 3616
7358 4799
889 2145
1928 6394
6756 1970
4529 3494
4424 4985
6507 8930
1243 4254
4619 9684
6214 2262
3367 4127
3940 8678
463 5343
1966 5575
4542 9360
9192 1901
4159 82
4047 6087
6477 803
8058 1007
4298 2483
5993 805
1413 7236
5060 6033
6920 1274
8295 288
5402 2236
8966 5866
7579 933
1442 2122
