1000 2
2122 9428
6056 1259
6227 8341
9282 3437
1257 5101
3587 818
5997 2094
4063 2285
5594 5847
8897 1737
6908 2206
2274 279
7071 1973
9988 1351
2148 2381
202 4271
1810 6259
5531 8037
4600 4813
1474 5857
9914 5062
6675 5911
7156 739
8197 2751
6586 7095
4489 3495
9301 6763
3774 6373
8736 3762
7724 885
6144 7927
5157 7954
4186 688
5991 8786
5501 7465
4643 5415
2527 1319
1327 9684
2058 9524
2435 8645
6619 6924
2140 5921
3688 5915
2295 2424
9677 20
3310 5821
7947 8467
3775 2133
9155 9766
920 4656
7232 5564
72 9760
6884 1399
9444 8943
924 1880
7588 7544
8804 9729
3466 2492
5644 5761
4917 5322
5782 8227
1144 3729
6695 4920
5863 5850
4687 6784
506 1920
2348 579
1680 9232
1978 1125
8175 2903
3005 5764
447 1810
5494 3913
4303 1139
9675 9220
6462 5457
7448 7606
9187 4143
2527 5051
9994 7214
1835 501
9134 4183
1080 814
3416 3059
1939 1592
5962 4945
7357 6409
6755 2851
323 1059
3991 9998
279 453
5455 7728
8060 4642
1872 587
9693 1867
7801 1529
2368 6935
5713 3448
7750 9129
6508 9690
722 2470
4635 8080
8879 1391
931 9202
2450 4923
9200 2730
5376 4656
459 3436
9299 2332
4023 8992
4199 1825
521 6567
8761 6234
16 6511
5364 6525
6202 6087
8995 837
4167 7874
2229 5099
7077 4680
22 6278
7410 5399
934 7870
8836 233
202 2860
9226 4401
4685 9748
969 3446
5983 986
9958 1347
7511 6160
7435 6506
6998 1602
4381 9227
6701 1459
3907 6723
7738 1318
2123 8673
9188 959
8907 9390
3819 8133
3792 8504
7882 4762
1951 3865
5749 1909
5213 3260
8069 2648
9767 5067
4250 4149
4295 952
5609 8202
7676 3347
9521 9799
2020 8710
758 927
8100 4577
9061 1893
3082 6943
6656 5034
808 2405
6943 6022
5665 5012
8670 5433
80 2921
9583 4375
3873 5192
2578 1549
8539 2100
1348 559
810 2107
1487 8911
6685 548
804 9768
7491 7460
4802 8300
9865 1745
4322 5531
6758 2993
965 6839
5915 548
1214 9788
5741 3793
1338 4281
5893 2687
4840 6703
4794 6328
5614 1480
6876 6419
1248 4368
3879 6050
2669 3745
7796 6991
9277 4555
9985 242
1394 5900
791 2608
5689 6533
6402 7027
814 2295
9715 5655
8999 4509
1983 4614
5989 8860
1033 7238
3228 4913
3289 5897
8658 1085
2889 7936
5640 2875
8179 7034
8775 8971
9643 4465
5504 6045
1493 6318
8341 1208
1973 7341
5718 3956
1955 1708
2817 2988
8946 6045
7902 2235
1943 6561
3321 4832
4497 8961
7707 2676
5996 6483
1647 5639
949 7152
1685 2442
3470 27
3651 5444
7369 9369
9401 9324
1077 2218
2313 24
8263 215
2260 206
6776 5581
5039 1274
4543 2746
3950 539
9230 5598
6179 179
2751 7865
2622 6221
7892 6273
1665 5261
5643 1066
4586 6721
3285 6900
6745 1548
7115 9006
1755 3892
4587 6794
5166 9131
9541 9117
9670 8771
4716 5850
8951 7467
3715 1574
3689 1608
7847 5355
6870 3491
6421 1456
212 9706
8356 6957
1255 5472
5964 3010
9364 551
9805 4531
9683 9346
3648 9353
8118 8365
5203 7070
5832 8919
8644 9521
527 6492
4876 7398
9983 1298
8854 195
1005 7211
7153 2261
2684 3117
5272 2049
3669 5077
6580 3352
4424 229
2706 2543
8594 7910
9613 4427
6829 8258
3949 7357
4751 8826
4755 4734
125 3610
4930 1131
822 2084
3392 3506
5202 8664
5555 8871
3742 2136
2224 8167
2365 4931
710 960
2841 324
5388 9671
8583 9337
7028 3334
8164 1784
8069 8289
5395 2999
9420 6217
5083 2813
9723 285
1478 5279
9157 5221
7415 1382
3388 9781
6313 4098
742 9155
4423 6130
8826 3006
5468 5855
6341 3632
7640 4410
1922 3035
7410 1343
9252 2494
4156 8976
2780 5634
4256 1938
856 1671
3320 4244
1453 9633
8343 2195
8789 2766
8326 7615
5773 3794
3471 2115
7427 1111
6525 9349
4146 3936
692 3399
6430 4849
2375 9211
484 6631
1149 1340
8303 4469
5584 9757
4103 3928
1952 2892
6695 279
508 2469
4074 3979
4584 1502
5090 1110
851 9237
5046 1544
2636 1477
6394 5011
688 6878
1643 1838
8219 9946
6307 3804
9703 411
7732 1656
3304 4427
1936 3812
6896 6011
7792 1480
7513 2883
2591 8365
2120 7637
9910 4757
9115 6304
9768 9804
3183 1412
1642 1402
1359 7950
5206 1063
8362 2938
2720 1666
7366 4656
5479 4263
667 3271
5744 8180
6155 8335
6545 8275
5973 6455
3032 5088
2760 2801
4893 5943
4214 6535
7345 5573
4486 2552
6636 2848
5491 9356
4514 2857
4013 9994
7121 4681
3265 2865
2861 9420
1200 9407
7696 7174
5863 729
2262 8623
3530 7156
4567 7745
3692 1913
3318 8178
4465 9955
1026 9957
9312 5541
2815 3325
5536 9936
8006 8802
2801 868
8223 4002
276 5919
1176 6139
6648 3439
4763 179
595 9331
7925 4287
1244 1243
2466 5709
1199 3493
5667 511
9034 8482
3836 4571
8418 1843
3373 1219
2712 1596
5221 2988
7515 6398
9127 4164
9837 3891
4344 432
3222 2269
4720 4466
3513 7186
176 4712
679 5844
5223 9714
4326 9060
4285 2744
904 7658
3964 3616
9254 9186
6604 6770
5584 5732
935 5421
9624 5279
5854 2846
7549 574
7313 1062
7761 7490
5775 8441
3334 999
8156 7660
59 2441
405 964
100 4369
4580 9355
3555 1184
6126 9140
6917 7061
4561 6541
2341 416
9387 9891
991 6701
954 8752
4192 6729
7193 7527
7728 5349
5187 7788
7791 5593
8752 7892
9962 3333
7248 3518
4518 3374
2658 1435
436 7220
7976 2778
7636 7364
2669 8627
4065 3623
7380 8258
353 4574
5785 8082
9923 973
5871 7715
6566 4623
5608 6529
7957 2856
47 2475
6231 2706
3910 6667
9927 1886
9445 7563
9251 2115
6191 3317
5738 3571
1575 6092
8146 7360
4174 8070
8333 45
5785 4900
4669 1393
1429 2626
4250 1477
5101 481
4184 9012
7148 4111
898 6594
1675 150
8709 7866
3467 4448
1438 5042
540 9584
2403 4715
7654 737
4761 3440
5637 9431
4834 7067
2058 9084
8545 7160
9565 2729
6172 6714
6841 7071
3308 8516
7221 2018
6383 688
6466 7822
5731 7007
7407 8134
1723 5061
8872 6484
8502 4510
5916 3336
1577 7974
2421 123
5134 1987
2853 1306
8701 9694
8377 2010
8211 5599
4029 4594
6287 495
2416 2019
7503 9823
153 9227
4885 9025
5712 3388
3535 1628
6724 5113
9602 9146
5236 4737
1133 8090
6043 9835
7784 4421
1846 5995
20 5875
590 6308
6371 3007
8327 3874
2830 8481
3102 7716
7507 8814
1104 1043
442 7829
6156 45
6976 1393
4782 8109
9484 825
7945 7268
5247 9791
3264 5268
5667 3854
1576 2038
6861 9904
5913 9692
8386 9015
7408 5893
7829 8513
6936 8271
6342 3093
8316 3318
4487 3099
1428 3971
3924 9374
1240 9172
9165 4504
4440 4832
8359 6017
6871 5220
5921 2784
4913 4307
1799 2321
201 9629
835 7137
7900 7178
231 6217
496 4718
9316 1925
8690 3241
1299 9930
2414 465
4435 6854
5298 2794
2871 2169
8015 8793
4953 2928
3101 6752
5250 3302
6381 6085
440 4282
3263 671
500 3760
5390 9817
5685 4080
3059 6985
4011 5473
7450 8446
2328 2748
1241 5200
4917 9256
3993 9871
2184 7094
6623 7434
397 3005
3519 837
7288 6783
1508 7789
543 6899
7607 6229
980 666
3214 4991
6140 665
3438 8468
3414 4679
3668 8332
3935 7662
8203 6119
4757 4827
3554 5154
7832 7073
5991 5121
3857 7500
2910 4400
4399 517
630 5379
1184 3844
371 7324
4510 3810
5793 7924
8489 9461
6256 2425
7124 4459
8545 1881
9286 2099
7035 7119
9173 3027
2241 3030
527 5152
7431 4927
5670 8061
307 6854
1906 679
4179 6416
4489 9972
4341 2979
9434 598
5404 6558
5058 3949
8440 4345
6049 5476
1464 5222
8503 3706
8253 9031
8858 5684
3958 4528
3745 4266
1382 5652
4945 5561
2069 9435
5534 6410
2414 4968
7009 7819
1527 2067
1768 9968
6412 7818
5444 7877
3040 3947
1583 1293
2978 441
6977 6937
4969 723
1204 6352
6375 6149
1914 8445
5585 7448
4855 7999
2417 1865
5818 3945
3932 7587
3913 345
5405 9357
8222 8446
3305 9806
9739 6284
247 6717
3222 5217
7441 4426
1570 3817
576 3484
2262 6161
933 7118
4161 3351
8983 9979
7296 2916
7567 1210
3261 2973
568 1484
1419 3873
1290 1159
158 1538
7877 3380
6756 5319
7806 8326
9136 8383
1811 1399
4544 2745
8518 8705
6096 7502
8685 3393
418 6253
4604 3680
9226 5172
5164 645
9046 6455
1805 9204
7993 9682
2584 4750
5002 391
3077 4138
8774 4888
5538 3318
7633 4056
2024 3730
1558 709
7123 1977
6962 1727
5657 6189
6900 822
6834 5946
7277 8640
5150 5271
8323 7735
21 3325
8126 3099
7464 6900
7987 3002
218 5621
7059 2243
9351 8618
2953 6475
596 9916
8203 6253
6105 5103
7076 2940
1050 4353
1580 6200
9625 9903
3935 9647
3228 2061
2746 693
8962 733
3695 9181
6355 755
1424 5706
9374 4377
2182 9970
4293 385
6223 399
5489 3299
3339 6539
7653 4919
2740 7278
4823 6675
6926 8052
8737 9672
8745 7699
406 2441
6880 6761
3197 8305
2468 2571
2683 4650
2541 6976
5035 8765
7375 525
2064 715
7064 9718
5635 9804
6997 458
6480 3923
8511 5218
3596 7257
2918 4002
9698 9799
763 2896
8104 3232
5467 787
7882 8008
7764 2918
6773 5140
3443 8838
5855 507
8557 1490
312 5554
1948 6792
9478 460
2010 3074
7717 4929
7076 7416
4728 7840
312 2832
1072 5779
3620 8955
3788 1384
1873 561
6524 5316
9400 2379
5824 7957
3870 6136
3512 5819
2929 2990
6279 4940
6065 3997
9869 3142
1414 4597
982 1726
7430 2055
7506 1050
1010 1295
2435 2884
1857 8959
8200 1257
1339 4024
9214 5209
161 2727
1028 3090
5717 7308
8030 1782
1305 7899
4924 2719
2497 5907
4446 9927
7963 1953
977 8973
3248 3412
1857 5105
2372 58
6363 3711
4083 5578
8921 4244
8305 9950
7335 4022
7258 5366
5805 8564
3265 729
1283 5762
6637 5730
5690 4600
7683 6667
3574 932
80 5431
6037 2452
5490 2401
6164 9574
7979 5086
3819 6284
5036 1154
306 2294
6520 6112
858 9786
6841 2142
5549 3479
7873 1239
8079 5556
7907 1653
6488 7987
7085 2526
439 2575
4927 6604
2150 2906
1690 5969
9190 6726
7123 9497
9021 3644
5609 9880
3431 2451
2023 8980
5930 9896
220 4010
5452 8127
5663 1941
6114 2748
4468 6554
5324 9395
3158 7474
2302 4848
3444 1493
1575 568
991 596
4212 6601
477 7644
9052 2500
6624 4983
2396 6844
8993 7849
4971 4657
9791 1086
7406 4259
7640 2731
3655 798
206 5958
5647 3650
7452 7222
4218 8443
7819 8431
5044 8297
6075 4097
797 2700
9081 3194
9544 8074
1044 4516
2732 835
5602 138
5095 3242
2869 8751
4041 3076
4709 9688
6726 2161
6911 945
605 4731
9376 5649
3028 5451
9747 3826
8151 8828
7021 7696
6903 8065
2213 9635
8901 7816
9773 3997
1058 2643
2748 5100
5719 7458
4789 2446
9620 1701
3391 225
6432 2767
5874 9461
8219 5621
3288 6371
4450 309
4068 1353
8375 6281
988 7277
4097 762
1275 5156
3406 4023
256 9125
1482 5046
1571 1102
6747 4963
1327 3180
7730 7202
2642 5949
2824 5930
2321 7274
6240 6389
8627 4616
2670 9615
1893 6768
377 3168
1924 3783
7192 2181
2909 8674
7227 4481
9776 3975
9444 1104
7155 7175
8306 9797
3125 1130
5728 5446
8404 1968
1835 7031
6584 4506
6646 8478
