1000 2
6274 3526
4114 2132
8953 7270
6573 8909
921 4130
4885 4466
923 3704
5318 8930
7123 6936
4890 6610
16 4996
4129 2940
6831 9188
7264 6931
253 1030
3458 6528
4556 7572
8661 3510
4842 5234
2419 5764
9365 7304
230 288
1009 5549
9219 8132
2485 4110
4743 2502
9107 8873
5442 5938
8062 2707
2870 8316
3737 6328
4844 8294
3901 3505
1804 8744
8740 4223
4508 8105
1528 4739
8394 2537
288 7613
670 2774
1724 5414
5276 831
4287 719
6770 2350
3426 9640
666 7164
5969 5510
5459 9871
9016 7263
8615 7756
1487 3123
5861 3015
7863 4255
5552 8151
1869 6222
926 3593
1636 6202
4425 5924
6921 1195
8274 348
835 8940
7513 6805
4451 2972
6676 3467
236 5291
1224 1723
8415 7086
4738 6278
1341 291
4430 3211
6514 5356
6804 8151
1559 1229
4075 8480
2425 2350
8829 3261
1291 6342
66 5742
9315 6743
9210 9551
2034 434
1275 450
7520 6014
6729 8862
6306 1159
2073 2820
6516 8878
971 8075
108 5047
6556 2534
7398 5385
5795 8689
1728 5861
4431 1043
2604 3642
595 4639
4077 1871
5089 1598
7885 1819
460 4191
2979 2534
7012 9495
1413 7983
7571 1522
3031 4128
4056 429
9513 9851
9118 1241
5713 3550
2285 8318
7192 2881
2958 1270
4752 8048
2868 2637
9867 3329
6829 2846
5864 3841
2342 7277
1825 9913
8800 4856
4041 2856
5285 3555
2708 4404
4797 8422
7954 7083
6741 5147
9964 9699
6417 4716
7747 9285
7354 7615
2615 4184
461 8479
8025 2803
5756 9851
2717 4557
4707 6759
7414 9993
314 122
4398 5112
8545 2353
2195 5286
7500 2160
4986 3918
6876 2733
3204 4231
348 5819
8415 810
4298 6441
3614 55
6292 6331
4612 1000
3090 2026
994 3405
2149 5392
8518 695
7746 713
5981 5246
2873 967
9165 9750
3701 2370
3982 4050
8189 2398
4860 2488
8840 8474
2543 5132
4806 7156
6133 7896
9183 7128
1302 1333
2520 9820
2028 267
534 8009
5513 3408
8977 4679
3159 2678
7049 7141
6729 5239
9540 1589
7727 8380
64 271
3513 4870
7428 9647
2767 6611
6775 4070
7944 9296
3891 9972
9563 4425
7982 5077
7834 6960
9756 994
9639 6806
8136 6368
2045 7676
7958 9773
6056 8022
45 9570
2892 7473
9217 5659
4085 5992
9730 2029
5288 3621
2002 4852
8047 9985
9929 5881
6945 9686
6875 6584
6492 5012
2953 8538
2688 911
8312 8745
8933 8357
8315 1826
5830 7533
7486 9916
3525 7216
1945 8814
837 3948
3666 8884
3934 3596
4766 879
3282 1642
7464 9775
6654 418
8313 9342
1329 6626
8088 263
4983 6404
2089 814
3937 9575
730 7463
6792 2676
6277 7629
6625 9944
6514 559
3540 1281
1439 6822
2923 8904
6598 9577
9322 4911
8920 652
1538 7009
915 6521
3413 3004
7336 7350
2580 8067
4813 9373
743 1091
7003 7369
1036 3517
7929 4576
4798 9368
1399 7722
8273 7997
7299 7595
2909 6220
8247 4447
3229 9163
969 6643
2168 8306
3994 4749
6373 8808
4122 7117
9899 1125
4486 935
4643 2415
5512 9442
1784 6912
7164 57
4910 4464
7652 7819
685 5900
2267 3915
5063 3237
558 7232
1543 4552
1981 7916
3360 6103
5034 3260
7229 9521
4196 1873
1936 9708
1315 3721
6621 8480
3778 1531
2945 1431
9351 3631
7332 1619
7546 2396
4856 8104
9628 6400
2656 1609
4317 6017
7713 9351
9277 4943
8872 3473
6816 809
3182 8132
4530 9803
6612 8308
1334 9558
9740 685
3189 7072
2305 735
9468 7161
8840 9097
3561 1497
706 7878
7514 8420
7230 6792
3363 6102
265 179
6912 3447
8312 1442
3251 4925
9751 4585
4483 9491
5271 7673
6564 7576
8409 6032
4738 7249
5130 8300
8746 5837
6178 6261
4257 3409
3053 7621
9512 3319
7801 6424
6766 6113
7866 18
1038 7618
4603 5522
7109 9875
3195 3673
7452 1605
9706 2190
8854 4836
490 7601
674 6669
3863 4931
78 6916
2553 9590
236 354
6014 7003
6467 3881
7021 7506
1499 1624
3028 8609
1500 6224
2283 8952
7829 1990
1142 6684
6827 1632
4285 7501
8302 8149
2432 8380
5065 4986
7971 5301
5340 3986
2305 1808
7867 9326
9314 9367
950 2343
7977 2451
8568 260
1403 6397
2250 2546
3081 9077
4178 7367
6578 2481
5516 9011
861 582
3997 8832
5884 9338
2819 8189
1146 686
7515 461
54 8466
2804 8031
918 1372
8292 2321
7770 542
4867 852
9620 9046
8219 6198
1527 3736
5210 2389
4319 9208
1222 203
8546 4041
8393 9692
4728 5909
154 4782
4375 2958
2814 5293
4331 1106
7615 2101
1648 2483
2954 1269
1529 1174
7467 3057
4910 2678
5447 9229
1886 6669
9433 432
710 7827
125 5438
3736 279
221 8112
3238 3035
3406 7570
4142 1021
9671 5791
3504 2626
7060 5034
3800 4528
8092 8710
7206 3539
7940 9093
208 7374
9526 919
5201 9651
6357 8937
9931 6579
7049 3170
9615 455
740 3757
1477 412
9549 4982
3038 6609
16 6838
1137 8108
5549 8344
1648 3489
7437 1856
863 6963
2775 6065
6615 9133
5002 6547
5713 2052
9717 5328
2507 458
9086 3985
870 8635
8967 3908
5245 8983
747 6383
7092 6296
4727 8741
9786 2164
597 650
9127 3373
6715 5743
2507 1718
2290 8220
3770 2008
3549 6278
2466 2636
263 3336
1272 9230
7245 6517
8214 7992
2900 5307
4289 7628
4048 4075
9792 4646
4725 8920
8019 1441
4663 527
3159 6953
8747 6929
8961 2297
3207 1428
4934 3470
4764 6206
2701 2009
2724 915
2 5625
6223 4291
3253 271
8367 3045
4917 3093
1965 2937
4534 6629
3464 7693
3583 2212
4623 2545
4509 7830
3973 9443
1301 8737
5650 4003
747 8374
4919 750
4000 1142
5041 7253
1413 3409
299 6331
6502 2265
9268 1036
8894 2732
8730 2477
4944 3353
5022 9454
1184 8996
8898 2486
7733 4548
6489 8481
2923 1408
9231 6923
2550 4273
4176 3964
7682 4475
295 4184
6740 9563
5221 5635
2295 3951
8113 7240
7304 3135
6694 8489
2132 5592
975 9865
140 7464
8347 3064
8873 7578
9987 1424
1851 4164
5388 9534
8640 5684
3718 5380
5247 8940
1016 7543
2891 9129
4784 196
2265 1478
8685 4397
7071 9660
4263 7212
7125 2610
276 5998
189 263
7423 2041
4428 2811
1575 3068
8495 5294
8449 3743
4234 9465
1287 7125
8594 6071
7321 860
7549 6007
5257 4621
5667 9520
1833 2793
2131 2109
8792 2320
2373 6215
4361 6801
9027 5936
9869 7523
1231 8319
1266 5465
7784 2553
2590 6379
8625 9912
7239 6175
5919 2497
796 1587
2017 2629
4380 4149
4739 3172
6469 7113
9388 831
3915 8415
6768 3784
5938 7999
2103 7205
3464 9888
9758 6055
6267 8384
5967 3507
4559 1887
6004 5355
3475 8022
7985 7856
2171 2725
1029 8641
9838 417
9472 3753
8832 6240
7538 4770
4239 9642
1975 7704
9530 1734
3759 5798
119 9727
9305 4678
1615 5309
34 5090
3332 8019
2946 5503
744 3975
4145 582
4393 3617
4336 3225
9858 1874
7996 4098
1516 9972
1802 1047
1707 5562
6845 1826
5289 6150
6504 6905
1460 6538
1995 4792
4558 4942
296 5302
8918 4441
5885 3311
8059 221
6536 7917
2095 4533
2016 3612
4505 3818
4659 6212
9381 1504
8039 4670
7655 4544
1575 9116
1082 3571
3908 5641
8513 4205
943 7431
8646 6829
742 6706
7051 7279
4623 9146
1812 6639
2758 6318
458 7418
2531 9839
8922 570
4510 6578
5114 6086
5694 6197
9657 9603
1838 8171
3808 2782
5603 2455
9611 6346
9161 6662
3625 3785
5809 5437
425 8568
1756 883
5986 4287
723 4909
4857 5234
1487 9972
1320 7181
6169 978
6784 8007
9150 592
790 4753
3048 401
1099 2209
7064 4724
5994 2873
162 6419
1442 1919
7303 7428
6206 8027
2337 1064
3261 3824
1036 4582
1006 7206
5561 7790
5214 4711
8383 6004
9464 1431
6405 564
3641 3470
5289 9636
6343 5452
6056 7785
7371 3359
5214 3577
1387 7552
4641 4649
1376 5678
9231 2382
2884 4792
173 8098
9504 8556
4102 8969
9988 508
9533 3630
3978 4822
3266 322
275 9322
8108 7646
2682 3323
1224 4069
875 5866
8719 2252
1544 7950
4634 4428
2743 4808
2527 2247
3365 6629
1216 3354
7138 749
6984 1116
5572 250
1439 5847
9573 9548
3494 2256
2871 4718
6326 3746
584 5045
5998 2129
2995 633
6557 5738
5441 9084
7986 8806
5714 9202
2160 2852
9952 9145
3969 5524
9395 5409
1372 8969
4957 4867
1225 7828
9586 7551
1574 170
2596 7573
2300 5592
8206 8858
1331 3648
7943 9317
2454 3657
8519 4615
6510 8471
3760 480
3996 3156
5889 5369
2126 846
236 3351
8674 9822
903 249
9993 3500
7822 2293
9092 6029
1151 424
9677 9094
9741 2132
2752 8261
6748 9262
6733 509
9742 730
3665 5632
6099 5792
6478 6336
9143 5153
6158 47
5402 6152
3547 3225
8445 2640
9254 9597
3065 8931
8691 2807
1064 1444
1068 7812
706 7802
8321 449
8532 1987
6081 4632
7779 2560
968 6923
7713 7126
6970 3116
3279 518
6342 1724
3159 5596
1321 6224
4528 13
9031 5592
1457 100
3404 2164
7903 1726
2614 6436
3713 8696
1068 1493
1257 2036
8416 8970
9163 5387
2087 2442
5905 8429
4167 9064
4025 5489
5289 8554
5503 4321
4147 6960
4421 7552
9125 2325
9278 1740
8761 2992
436 9829
4485 1693
1866 2901
664 1030
8288 2751
3472 4194
1181 7640
3258 5207
3129 8548
3761 8632
2869 7908
5593 7291
5461 4719
9616 4739
6459 8377
7731 6896
8206 2217
8589 73
5118 9254
1103 3407
2006 4576
7601 3187
2216 860
8394 5346
9408 2156
3979 2278
65 9572
9569 5526
4292 9185
266 751
7563 7998
7647 5770
215 6237
5843 5334
5492 6946
8741 7498
1522 6342
685 3739
7202 9080
9085 6611
1237 3064
8889 1302
2637 8458
6829 6929
7644 7095
7681 5207
5094 5328
977 5309
1566 6820
643 7058
3767 9385
4556 5289
5727 5242
9029 2930
4323 8114
9541 5560
1179 8430
6863 3816
6889 3692
746 4533
788 8427
9740 5882
3756 718
1192 5322
7539 1836
2381 1306
1221 6937
6596 6948
2180 5625
9878 6503
3739 9420
2064 4919
7850 8927
8735 4739
2619 9482
9273 3408
7909 9014
9290 1666
9732 483
6988 7271
2319 9369
8578 3541
6307 5174
490 8487
799 368
4991 4539
9789 7055
9458 7639
5982 8194
2379 8602
7676 1653
2010 5586
667 1301
7252 399
1784 4241
7671 4104
3611 6250
7645 9919
1424 8135
8407 2224
8504 3398
6763 8293
454 6222
5933 6437
4417 8313
5039 2094
9966 7050
7680 634
8351 4933
1034 136
9175 8705
4241 2786
4955 1887
2705 6380
22 1112
8604 8527
4511 5368
6821 4965
1591 2755
1402 6008
1069 6442
8102 1035
3492 5783
1670 1844
716 2704
1981 9891
1409 6222
2678 6365
8109 5383
2746 8132
6496 1351
6660 1007
6719 3481
5973 8310
6237 7376
4318 7306
3818 2421
8342 7310
8204 12
9155 8921
2716 1136
8812 4126
7359 1491
492 5469
6875 3238
3601 3371
4589 262
4379 1309
3744 352
9620 9981
7728 3939
7288 1547
6360 5631
8858 4564
5643 8013
3486 8360
9150 2298
2487 6509
3790 2979
1978 665
6218 5580
4037 808
5842 8416
2118 9586
8769 1738
9567 6498
5677 6856
8046 2038
2487 6904
6603 8131
4918 89
6492 4068
2388 8979
578 6178
1959 2557
6844 8178
8137 881
8986 3979
9298 1105
3566 8068
2843 3134
4566 8521
9990 2613
560 2478
9517 7163
609 4435
7253 7101
8504 9642
6081 9082
5820 8040
1639 2664
6218 9777
3546 5205
3757 2844
6310 7323
