1000 2
7538 1972
2687 5228
8524 1834
1666 2973
6239 9321
4811 7076
6682 1638
9869 1890
4782 7925
1474 5249
8923 3729
8584 2033
3386 4941
9255 5318
3174 4473
6162 712
6445 8850
5941 4969
684 7608
7943 6924
6929 2754
4001 3611
4393 3870
5502 9175
1795 6977
4425 719
706 3009
2752 4093
7951 2007
9412 1126
6480 5574
1839 2925
4424 7780
7895 5109
5389 5839
2033 2319
8593 6035
5931 2986
9905 1433
2162 1701
8410 6587
2420 9117
9597 5173
3211 7548
7181 2623
8674 3661
8197 514
6587 2622
8294 4483
7731 3684
322 9765
6003 8916
5800 1934
1903 5706
3367 4065
7408 1778
653 9829
896 250
5002 4107
7799 2183
6730 6474
5845 4928
6988 2433
7550 5283
6917 5282
8967 7240
5047 4970
6156 848
6904 8060
6554 272
2125 3962
2051 2779
3791 2947
3029 8794
7054 829
977 3785
7303 6823
8713 4291
9257 6264
9574 6174
1546 8542
3414 6593
3512 9571
7441 417
7631 3996
690 9757
7959 2741
2536 1751
5688 5566
545 2743
6395 1523
6528 3698
8346 5242
7989 7603
1507 7564
3778 3053
6106 7192
9647 9619
6763 7089
37 4394
1086 727
4151 9045
3469 6688
796 9157
2254 1341
1901 8649
2865 8429
2348 1212
3672 338
8816 5179
7902 2594
8233 4009
9786 7880
3628 6550
4970 3666
945 6056
4393 5097
5101 7862
1785 5897
7020 4040
7239 8921
2689 104
7351 5038
1316 1023
5376 133
6203 3279
2727 4436
7289 2514
2317 917
9064 7287
4584 10
3343 8977
5107 8444
6840 6892
4342 3860
932 1582
2782 3622
1686 133
8660 3003
1157 4037
3136 7361
7316 5864
1797 4605
8378 4114
5523 7443
1401 108
7453 4745
9085 2560
3190 5926
9453 7532
9787 386
9115 2569
4008 801
2703 2669
3805 3861
6707 6942
1222 4024
2806 3019
8630 1185
7134 4153
8628 8536
4261 6081
3281 3347
8641 6471
9273 8095
4004 9060
8481 3119
1630 2489
3921 4333
5159 7727
8194 1866
4669 9416
5890 7476
2436 4520
8661 9570
8674 7289
8106 2936
3371 1387
6284 2013
7859 5558
108 1863
4619 8589
4983 6249
1079 8904
583 6238
6631 8778
8105 1301
8195 3996
8778 631
8517 7439
201 7192
4729 8308
129 8100
9696 6414
114 7556
1972 222
9420 6592
8811 4403
2841 9891
3307 3425
6130 9939
2203 4236
1241 398
8232 19
1029 6750
7458 1231
3942 2188
9540 4072
289 9237
486 403
6793 2459
626 6213
9051 9438
616 1893
9329 3924
5318 5459
3864 7521
9695 5105
7920 7928
5124 8950
4678 2583
182 8621
4772 9722
2694 5061
8959 3180
5465 5753
5640 6091
1966 4691
5529 2582
6584 4859
6507 1902
318 371
9424 14
5477 7345
7943 601
6295 2622
3185 6477
1244 7957
6200 3938
3019 5160
7119 8484
913 2759
4576 2879
7450 106
5462 4034
4965 1969
5937 5284
2341 5362
5298 7818
2707 3241
8420 9003
5864 1605
5481 7108
9563 1682
1046 2582
6842 8165
1067 7756
925 5644
636 8375
5750 6098
2410 715
8068 8348
5999 410
3710 1298
8228 6418
4540 6648
5421 404
8254 902
7512 7817
2584 8559
400 9427
6725 1468
7183 7650
7112 7819
6025 2862
3918 8436
3577 1987
6784 9577
2397 495
876 626
6913 5416
7275 2334
5820 5529
3237 3333
3347 5822
1892 3748
5249 8617
5216 2432
6268 2328
252 2294
5191 4171
730 8769
6159 7515
8346 8556
8010 9222
9183 4924
4639 6458
7259 460
1988 496
3793 5336
6318 5686
9085 1568
4304 4301
4001 572
6630 4253
2866 1821
8425 3597
590 4584
1112 8937
3141 9123
8160 2325
4048 2799
8783 1307
3259 772
1804 7052
6109 8123
2739 5194
9691 7043
9496 3692
7616 6126
7946 482
7948 6372
4079 8538
956 5192
7476 4098
4316 5636
6423 8364
8435 5207
9671 1694
5980 1476
8747 2089
9599 1487
7284 9291
8531 6780
2984 6147
2907 930
6630 855
7302 710
9394 8259
5902 6870
2357 218
2506 8781
8583 942
3989 8255
2637 9969
9731 1385
2059 9331
2872 9343
8622 1404
6124 1606
7551 9031
2537 4181
9886 9840
4891 9280
8099 794
6151 457
1013 8658
9239 9596
9600 3228
7851 2238
3197 7583
3623 5256
6914 6496
4600 5537
7900 724
7144 5452
9755 9681
9634 9642
9522 4526
8923 7621
5320 5075
8079 6333
3733 7318
5930 3334
546 3782
5572 3744
1365 9196
9001 8280
5693 3601
3817 3594
4325 962
9047 4081
643 8681
3724 166
3207 2647
7787 8527
7722 5867
4861 1456
3185 792
4790 3732
4574 363
7476 5940
9560 6477
4221 5253
79 8039
8848 4405
9001 7895
8486 9645
6576 2211
9811 9783
4859 7599
8311 2582
3466 3173
4038 6652
3966 8829
385 8541
9192 7862
4481 8753
4339 8703
4007 4419
6742 2855
8824 5743
750 7311
5389 7327
9522 5200
7111 4381
2799 5423
6963 6266
8596 1002
2918 2563
9831 3304
1104 9024
1166 5586
7777 5506
4289 1784
9925 1031
4640 8749
6775 5391
6060 2164
2718 5583
7364 9830
9964 164
5253 6928
6430 3850
7930 9349
6413 7761
2654 7517
6786 3820
3103 4563
9326 7393
6348 9251
8424 988
8001 5200
6379 4062
7364 9098
9645 4729
8928 9610
4894 4181
6538 1325
8032 4468
675 4445
2230 3329
1963 9017
7149 5067
3580 6475
2460 9929
5727 885
918 3728
6085 7297
7790 3450
6396 7436
8179 5324
7046 3073
9506 3584
4399 7538
8053 5074
1984 284
8403 3947
9301 5552
9014 2882
2028 1474
2811 7756
2360 3729
1485 8445
1027 9275
1895 7423
6712 75
2748 3758
3149 2254
7342 7548
9793 5396
2623 1777
5680 1026
5724 4982
6579 4738
7864 8608
6213 676
6364 8573
4405 7849
7019 5433
7125 8915
2857 3837
8990 5606
7595 2140
7860 4938
9689 7653
335 2312
9431 6016
3338 5155
998 9918
9894 8862
8526 6108
9538 4890
4681 3944
2740 1701
9378 9865
616 2235
3703 9607
7841 1299
1748 5702
6238 1437
3356 6573
3750 2787
2589 7089
7943 3587
7007 7837
2450 5533
3945 1988
424 8627
5933 3164
328 5311
3030 945
7547 6733
553 5389
8032 2301
1091 4270
3739 4448
844 7489
7236 3433
4578 5179
7021 1586
3016 9471
7120 6962
1460 7544
5589 7393
709 5918
2704 3739
6864 252
473 7417
5641 8506
9718 6733
2776 3458
1182 3621
947 8418
7055 5526
3597 4076
7112 6614
3547 4233
3576 5008
1777 9166
2401 2487
5085 5106
6227 1949
5358 6700
9367 1000
5206 9086
7734 7983
2544 8916
1604 3492
7334 8659
9018 932
2736 6131
7546 6284
364 1123
1292 2142
289 3693
4630 5374
8800 857
7324 4159
7557 6691
5159 2764
5777 2894
748 8321
1810 2353
1814 9145
1013 832
77 3749
6964 7624
33 7329
8747 1325
9471 9036
5019 4101
4411 3820
4959 1735
7979 2517
8427 3139
5281 4204
6033 6030
2526 7843
8383 4340
6989 9396
5173 7066
3145 2138
4690 3179
9467 3438
4505 8938
2474 9525
3040 6886
3345 8000
8622 1324
517 7049
4464 5799
1254 497
1829 3781
8341 213
8122 5330
9609 3295
2397 2755
5433 7088
5935 4901
526 440
3839 3001
9965 6880
9887 3311
4880 8509
4636 5398
5559 9100
1197 6813
9597 3027
595 7938
3240 8717
3269 2849
2013 5667
5605 7447
2755 1540
2348 3282
1980 6188
6283 1946
3068 6171
5257 7949
4681 9893
3347 240
8994 4545
7054 8591
7572 7649
6530 812
6366 9799
3662 8380
5467 9267
5827 8222
808 8175
1504 2789
4363 7788
4735 7432
3960 9993
5381 8641
9887 8729
8882 8881
3275 5937
7473 847
3587 4003
1660 9954
3803 5322
8334 9270
4590 4161
7493 5398
2336 8998
8188 6699
6786 2924
4131 747
2917 9513
9389 2805
8243 8272
1687 1518
4209 9160
2365 7796
3164 4026
7751 6968
9349 6085
6238 3939
247 3732
9338 2583
2730 7526
9283 9517
451 3415
264 3368
2929 9653
6174 1172
7925 7862
2690 2135
7023 5056
9932 187
9082 7683
7155 8431
3768 3394
2371 4015
7126 1710
6599 9857
9237 5883
9374 9688
9298 9638
3057 2228
9292 9232
3400 7218
7094 6091
9353 4117
1147 9285
4304 230
6968 1460
8662 737
4855 1034
4753 1982
2744 1352
1839 1982
7235 1213
1670 6534
852 4727
8762 144
3960 2163
7363 1054
8254 6716
5171 9402
6002 9476
9633 2970
937 8295
3708 5792
9330 8461
7774 2074
9813 9613
4056 7049
827 5727
3584 1679
455 2346
1824 4415
4510 9187
5469 2764
5903 641
2167 1905
117 1801
4876 1055
96 8584
6847 9427
7045 4622
1502 6859
4235 5558
3909 5063
1286 7493
6742 1741
9840 8566
6157 4350
7753 1626
7115 3657
2268 9282
5562 2386
1083 439
3441 1180
9023 289
608 6069
4911 2110
2929 9147
7669 6838
4210 8955
4331 952
697 4171
9519 6854
8521 7273
8481 5637
930 749
4920 6493
3135 6004
6932 6576
7185 5956
6866 7793
2026 1777
9903 4955
925 7572
1793 5135
6527 6124
6088 7224
296 5608
4078 8817
2881 2559
4455 3811
3309 9375
305 6444
5379 7238
3021 2564
3195 9887
357 5221
1665 260
176 2590
7832 1970
7726 4360
8095 3814
1585 8391
9423 5664
7209 2304
8224 1664
6116 1533
1039 6421
7977 6418
3660 999
8982 6855
887 9340
2077 2552
9601 2254
5142 7434
4224 2869
1794 2319
6683 3379
710 6106
9044 7919
8411 7268
9583 4527
8801 623
949 6779
7041 4610
7778 6024
1465 8666
5365 3543
1218 4966
5797 6361
2400 21
9230 4194
2340 5914
7574 3051
2021 6618
971 432
3887 555
4960 2688
1178 5910
9467 8220
520 7246
4244 1986
5912 9610
5529 7131
4576 1326
3492 6976
1347 2723
1171 3688
8638 8746
6740 659
5365 7711
1092 9252
8266 6052
1941 9444
1962 1408
7664 2483
8655 1909
4469 4568
1519 9999
1699 6095
1325 5192
3072 2673
7916 4244
6362 6554
2991 3102
7213 8356
814 8305
7609 9080
4358 9550
8525 6320
959 6189
8804 9614
8099 3273
4183 9619
3272 5882
5715 4598
1075 8787
7271 8991
3032 3634
5545 6023
6736 2759
4379 7550
1064 1989
6631 5422
1539 5156
1743 2498
1346 548
2113 9446
3821 6296
9065 7094
2179 4780
1693 3254
3568 8965
2246 6600
2599 7792
2623 9336
551 7003
6887 1616
8992 3518
7038 531
8675 8782
3030 21
9330 5143
9468 3152
1440 8533
247 3619
3314 1941
6874 6882
906 9121
3482 3505
6913 6106
2841 7464
3109 9728
9080 2101
3247 6119
2633 1922
4902 5663
1944 4233
807 1412
7386 2247
9946 7634
5867 3260
9575 2742
142 481
1863 3625
3987 8777
9731 6828
6242 2840
6557 5323
4942 9805
1442 7575
1727 6345
3239 3672
579 4046
5085 7965
6294 5031
5599 2162
8292 5175
4904 8434
5656 6768
2060 9643
5545 1791
6472 1788
4631 3030
7111 9574
2835 8554
7149 4563
4899 389
8235 5478
4435 3320
3444 730
8352 9044
2892 6644
4219 7797
5079 9876
4566 7139
9520 112
8931 5993
1900 3562
9024 9011
3136 1859
7565 286
6423 2465
675 4658
7944 5111
7979 1389
5842 6332
433 8735
2977 4653
6533 8056
4530 1099
5196 4051
1212 4127
44 3112
7690 9069
2124 827
928 9689
1113 7351
2155 1789
2010 99
6901 9990
1488 2743
6322 1922
1478 9299
6576 8011
7356 1107
9111 2552
5158 323
6680 5203
3435 4370
4272 5560
5197 5201
5250 6311
2553 7405
8101 4563
7505 5002
4554 8994
7746 877
917 9224
176 7493
7236 7533
8601 6347
85 3759
6671 6766
8963 107
1136 3235
5667 6334
8437 917
2645 990
8323 747
5554 5828
5749 108
4823 3495
985 5740
2720 1162
3234 9956
8695 1835
6304 8781
