1000 2
2439 1633
6375 6903
9194 3615
288 5293
1425 4792
420 6002
7710 7277
2882 7676
3993 3193
4893 8442
6918 3125
8815 8161
440 4464
1303 5722
6402 7562
7776 8842
9196 4152
5745 8390
7768 6034
3684 9193
826 4105
5196 8537
1382 8078
6213 5375
1272 1106
3817 8191
4232 2632
6352 4672
7097 7656
395 3499
5218 8171
2342 4415
2324 8087
2806 92
4122 6491
9285 4949
596 4482
3486 1979
2560 9700
7354 3833
807 1172
2024 5040
3805 8376
9712 902
6032 108
4401 1251
8279 6744
5667 604
4831 8474
696 8953
4965 9982
3903 5562
4464 7389
7541 7025
7090 4896
858 7897
6068 2882
2937 9873
1259 2650
775 7292
2758 5177
8544 1038
1921 4212
1642 6753
2686 2339
5707 7652
2321 9610
3215 6786
6999 756
3812 4089
5653 4671
1987 1721
7554 4924
1595 8814
7574 2370
6107 333
7548 4651
1371 9470
8864 3013
6223 1550
5353 1930
9203 7675
1541 2418
4462 8541
3175 8274
2631 8828
2946 4618
549 500
9542 2144
9315 7117
4515 5422
7450 2064
73 8822
1534 8938
1835 7757
488 7189
9688 9692
4864 1229
2110 9326
9770 5285
7601 2401
4113 547
7019 4663
1048 6562
6808 363
3680 1324
5786 1130
3388 5860
9952 4922
4798 1788
2679 5287
8978 2368
4979 3842
3597 7089
3169 3368
2375 771
5770 6489
1318 2789
1153 2367
9352 7961
2731 3032
9285 8517
4163 2673
4377 4116
7595 9176
5905 275
4463 4883
2644 9442
8726 6241
6532 1895
9610 8908
2666 5380
5397 3985
8170 6550
6353 7522
4512 9085
555 3797
7602 4719
6471 1980
8835 4067
1157 4740
4342 5620
9624 6986
5062 8350
3228 1595
245 2839
503 2912
8219 5900
6897 6389
2451 3251
3912 6963
2336 4468
761 9939
9187 7232
1920 8022
1299 3077
2763 5642
8697 2387
2629 3760
738 5857
5355 984
8697 5859
3896 6916
1760 794
3306 4211
4045 7219
1175 6381
1687 1936
6321 874
9169 8241
8897 468
1318 1661
6110 16
4049 8739
3776 4787
4597 9132
5771 3294
4992 9668
211 6752
462 3518
964 4508
737 2140
890 2425
4076 7211
3300 3245
5453 2198
3714 6771
3859 9824
6788 7909
8564 565
2697 3161
9698 8469
6456 4690
8137 6668
1443 8600
186 2407
3109 924
4547 3999
3350 8624
1211 6651
1870 6664
8849 5584
3436 2709
5409 225
618 3973
790 3315
7135 488
1785 3592
5179 9922
260 6622
8523 446
9030 1632
1371 3578
5632 4721
2203 6843
1372 4073
3508 222
9658 6945
2931 5068
7170 3550
9042 7960
6866 6177
8449 8651
9769 3628
8574 30
250 7097
477 9281
8729 1848
2859 4361
6570 5062
1205 7943
9136 4713
8165 8795
1658 1097
3863 8828
4648 2905
6789 1515
9083 5238
167 8853
8867 8741
8883 9117
5838 9360
8399 4568
1209 1258
8930 7779
6321 135
5723 5457
4849 3888
4252 6507
4986 8116
5336 9635
1021 2126
1150 105
7364 1317
8958 6231
58 7841
5349 5897
7202 3748
466 8411
5007 9396
6190 1328
9531 1913
6786 4380
5802 1039
888 789
9155 6225
424 177
8351 1574
282 5716
2892 9240
1948 2950
7082 7298
8848 4284
1047 9314
2696 6054
8710 8887
7383 8242
801 4169
2623 6604
5208 3512
7393 4363
9738 7817
4541 8089
9392 4823
3806 2284
4064 5755
5235 1146
3053 4084
5431 4100
3398 8127
155 2109
7014 7539
352 7816
1708 2976
4420 6917
6488 1813
1281 6226
9631 5822
4316 9023
645 8123
1308 4709
3878 6544
5856 6931
628 1288
1032 4026
9415 1188
6136 6430
8727 6488
4246 435
9464 8666
7353 5953
480 8634
2180 111
4457 6497
9135 5103
4620 443
9813 8498
6987 5669
5430 7616
6957 6463
1642 6373
7651 7779
2804 6378
4267 7050
6814 3732
5717 4168
9686 6197
2802 1866
6309 7260
8363 5444
2363 2984
5888 2176
1482 2876
7845 6913
492 4803
3376 2135
1177 1028
9914 3981
7407 4182
1032 4221
7914 6750
8389 7601
2947 1192
9467 9257
8453 7831
4701 816
815 589
2992 2298
3466 838
9211 3958
5642 2588
6093 6819
3616 6007
800 1023
189 1833
5245 8104
8583 3635
5705 1531
4828 5173
788 3281
3005 5489
4097 3820
6079 7090
6119 9545
7928 5330
3504 3570
7919 9597
390 1535
5605 1190
2559 5794
3024 7805
3899 1607
1440 9605
3138 6269
4779 3926
9550 7784
9416 3648
1605 5496
738 7724
5041 8667
3055 8545
2238 974
8143 2628
2510 3748
3819 5070
9543 6843
2875 3443
8450 4316
3048 1588
585 7828
5515 135
5613 4932
3783 7219
428 4522
4943 5470
3189 7999
4016 5427
8974 2159
8056 1484
5908 1875
6555 5451
8718 9430
8894 7168
3746 1943
8757 4331
9772 4273
4467 5385
9205 8251
2604 9634
2773 7548
5104 5963
5548 9120
1390 4522
1280 9446
6007 7188
1322 2562
2639 40
1993 1534
7209 5739
3478 5967
71 3250
241 4538
8636 9447
2789 1241
9081 5563
8789 4185
1526 4338
3306 2916
8860 4586
2363 4868
1775 3685
7430 4415
3726 9424
5950 936
5163 9428
6903 5235
2679 7144
9774 1315
6592 2564
2557 5673
8127 1347
9859 9653
5685 3166
2570 4545
7752 4934
9413 9528
8620 6844
3943 2346
6268 9893
3282 1432
9322 186
6668 2001
7331 6442
3317 3923
9006 5874
9597 7134
7221 9456
6787 2907
2622 9358
7452 375
4292 6866
9903 2912
3711 3847
5259 9980
3740 8542
1412 3062
8729 8081
5064 6060
4523 8382
9984 3530
4256 9581
664 1478
9038 7452
4385 1660
6810 1838
2036 1102
8705 1939
4015 2417
5787 9275
2397 9527
7817 3810
2590 6547
1891 7655
2608 6414
6037 2592
9945 294
2174 609
1773 1212
8061 6159
2872 4872
7997 4908
5974 6703
6848 9990
9120 2635
9265 1517
2163 7083
5327 4754
3630 7219
2410 6238
3634 8447
8831 3579
8741 1005
4189 515
2217 2251
6674 5090
7123 4672
9999 3098
1375 6847
3088 496
9483 2354
2014 1647
9437 7342
6402 3068
4561 8812
9306 8195
7259 8138
1774 6001
9143 5964
6516 1361
8215 3190
6451 5338
7862 6450
8437 9238
3298 1525
9734 2782
3879 1749
4429 3317
9091 831
6385 3652
9644 5692
1847 6903
3830 3622
2905 2973
9587 9421
4334 7802
2612 786
3141 475
7236 1578
9713 534
3103 9448
3317 6983
1197 7746
300 288
8578 6686
3941 8222
2378 5789
5126 6208
9412 8031
9182 8999
7453 3517
6801 65
4303 9942
540 1539
1521 254
2074 4625
9703 5391
1608 900
3138 1909
1189 1717
8595 5130
9939 973
919 5065
7182 331
3097 6364
9330 550
9881 6132
616 4184
6075 1157
5724 7596
1412 7799
2222 1115
3191 3830
2015 6330
5740 3204
8047 4335
8335 7986
5309 9255
3052 2491
9586 6150
8856 8917
6701 8737
5050 7317
2922 1125
8475 8647
8722 9887
6446 944
1002 9638
4775 3018
5968 515
6223 4015
4851 4558
2002 161
3813 5054
2653 3400
1205 1509
2318 7906
247 7369
5223 3169
8495 3699
1816 7217
3586 8263
8162 4588
7901 2938
7607 3870
3454 3830
7885 8306
8389 9888
8467 2203
4942 1121
5603 6148
2631 7922
4054 2878
5291 9278
6048 3786
2977 7865
1004 6563
6128 9166
1152 4030
2105 8759
7901 5559
2590 5787
3865 979
5675 2333
3182 618
3454 8786
6766 6085
6709 820
8964 2000
98 5012
5787 3075
2877 6791
9639 9006
5958 791
3037 8063
9551 939
3623 2141
6726 7488
3121 2401
9821 6304
3019 3276
5090 9785
9362 1800
605 8326
3801 704
3339 9588
3780 6217
6380 3419
5223 2338
4210 8261
402 3761
9200 4025
5903 5926
1514 9024
8328 1336
5329 1347
4613 420
1132 3975
2220 1738
2302 6021
2443 5641
5609 6223
1858 1989
9642 7082
4328 3853
5344 4731
7615 4544
8757 3518
471 271
2543 8799
1608 7872
147 6221
8293 1280
197 513
3019 2499
6534 5462
8140 2144
1686 9999
4134 1328
7081 8463
5181 2425
3194 2797
6970 1952
6315 7442
2224 8859
6242 3832
6732 6389
54 5025
7669 251
5539 688
2750 2074
6151 891
4218 7837
891 8353
9166 7972
6816 4347
398 11
7144 7369
1963 3460
4811 4187
2320 1053
8019 9053
7443 8073
4079 5112
8325 9618
5801 1076
1692 1953
1967 5910
9790 2858
4263 8956
831 1080
3304 1230
1091 449
8599 3054
3910 3411
7242 6230
4465 5261
5283 1908
3335 9363
7021 1661
8981 2823
2737 673
4776 4705
6584 4566
7564 848
3523 8395
1929 6827
9626 3020
7277 8226
6075 1187
1638 3317
7418 6103
8579 2702
8012 1915
2065 5034
3576 1046
7857 6313
1720 2634
1018 8305
7201 8583
9153 724
6978 1082
7552 6605
4103 4829
4831 178
6017 6469
3496 3435
2573 2075
6137 586
3990 8202
5620 7567
9248 3478
3880 969
6112 4899
9274 3314
3483 8428
4038 461
9511 1591
7067 3614
6420 1899
3793 2438
8369 7289
5873 942
9364 2010
1529 3355
212 7149
922 9461
628 4803
430 6741
9703 9704
55 3186
8133 4094
3648 7644
5685 715
1258 2106
2615 5052
4544 984
2341 417
1926 1706
2428 3455
5061 2640
605 5984
2102 1234
787 2532
7975 491
2237 8031
3677 370
2125 7326
8015 7811
8042 9274
9918 657
4326 4463
1641 6667
4880 3568
8374 7309
7024 3435
9949 7629
9420 2051
8864 208
4584 6840
699 6822
4871 4377
7193 6997
1703 5208
4809 9745
4482 4727
402 8808
9190 2043
5476 4071
5612 3850
1380 2636
7286 1330
266 6706
3382 9130
6914 7966
5970 7614
4789 842
1991 1982
7840 3695
7190 2649
3440 1672
7376 3843
481 6567
5887 5957
638 1499
9807 2019
4135 7093
3350 4402
3799 6732
3532 714
4699 9503
8328 9488
345 320
1470 8185
4015 8660
835 7456
333 8211
1300 814
4779 7187
6771 5418
8687 6579
7437 2823
3672 787
7225 7472
7520 758
8187 2219
261 6515
1707 607
6836 3178
8793 852
1839 9628
8308 2172
7840 9609
2987 2619
6797 9759
8037 5484
6338 5475
8308 11
6262 5533
7483 3783
6292 5670
6002 6553
2186 7710
7161 9023
888 5955
9875 2727
5584 8184
4900 3424
7793 7888
6044 4590
7648 4081
75 3986
9557 8383
3997 5820
3917 1481
9603 209
7152 5605
6763 9339
3315 3924
8362 4204
9880 8237
6932 5464
6421 1833
8888 4214
9721 4933
8805 7369
9015 8880
1356 8572
7263 5354
4392 1180
6836 3995
1390 3988
9601 8153
3327 2917
2078 1689
7122 1958
9927 4054
7422 6348
5887 6311
563 5609
1245 9369
2979 260
8249 4336
8832 5513
9690 3225
6693 6526
7221 8083
515 6822
6237 3842
9740 8315
5532 6862
273 5459
917 7696
1808 6805
4008 2372
2414 5253
1741 5394
5514 9990
9730 4346
5503 9421
7572 2197
5948 4793
281 6463
1616 6518
306 1357
4833 5838
8219 5107
1298 9137
2804 3106
5942 6812
5478 8357
2066 7219
3751 7580
7209 3482
1927 2713
2903 9499
4910 8852
4293 5191
5315 5909
1709 5622
7266 6543
1460 5486
1650 2759
4623 4454
5865 565
1267 1343
8922 3333
8563 2674
914 5773
6156 2841
8486 9060
2341 3397
7913 6634
8589 3229
2544 299
8851 9810
6842 312
5297 8492
3071 9921
2947 8936
487 4214
280 9410
7548 8843
2084 8462
4617 8241
1304 3103
7302 3645
6501 5215
279 5090
8444 2823
5389 7296
2634 2232
7608 7932
725 679
7853 3672
9616 8340
7887 9897
7750 5435
8741 9835
3898 3358
8077 5202
6462 5379
8847 2963
595 9127
8054 9040
1950 3444
6336 4585
5676 3945
2517 6401
4624 371
74 4241
8711 7961
4138 6462
3397 2879
6298 7296
6238 4375
2498 2700
9755 1346
5663 351
473 3718
9391 2424
