1000 2
9395 5259
3778 1665
2906 653
721 2540
205 8122
1345 5927
4824 4769
9787 880
8282 8373
7008 1510
5740 6263
6787 8494
8899 3197
3439 1374
6784 6213
4043 6179
1473 7821
7845 4379
8475 8567
6920 8681
6689 8265
4608 1514
3035 4395
2394 1318
2769 9403
2828 8510
5666 9615
7004 4566
2813 444
5940 9597
6657 9984
5777 8130
7806 3622
2510 6281
2190 9431
4962 8879
7696 9571
394 732
3967 2788
2050 6737
2192 4878
5247 7858
4494 2251
2424 7308
2696 8365
6905 9354
8350 2683
7485 6156
6306 9996
2438 8496
9427 7400
7376 7123
6972 7770
7856 939
558 9906
7676 2750
4784 2923
609 9279
5175 3034
6587 7872
1400 3493
7226 9750
6176 4712
5907 2482
4708 8345
978 4135
5746 8354
1259 2718
6125 9115
3657 6684
9021 1334
9435 3806
4257 44
3086 9433
3079 9674
7305 4480
3167 4531
4230 9344
9243 138
1826 3952
8484 2805
8087 4230
1160 9347
6948 7285
8463 606
3969 7485
1940 3404
1291 6198
3449 4378
5631 6529
4052 2936
1009 7220
7468 5240
6564 6712
5378 8391
664 3862
1196 8752
8093 2357
8100 5041
9642 6563
5648 3612
4048 7589
7017 5340
3787 467
9718 9418
6996 3771
2355 8005
991 9824
3245 7555
6536 8624
5946 7201
2487 7143
5953 580
9500 4054
5622 9143
617 1271
2756 4665
8860 9773
5 2647
241 9724
2066 7237
3495 4422
5243 4486
4246 8489
2042 782
7113 7989
7984 9601
5132 3938
181 4632
7992 5804
3776 8609
7075 6532
3275 5936
6306 3280
8583 6547
3005 650
3784 6500
5073 9028
987 9319
7517 3029
102 4631
1019 8086
4232 6151
2024 4414
784 16
219 4560
8625 7294
1092 1901
3230 7399
5181 1814
3946 8187
2465 7731
4687 7538
6759 5675
6858 4277
8705 6960
8908 9724
5046 3141
5875 7070
7555 6659
7087 7774
1220 5713
5069 2313
7614 8300
9712 2796
115 3659
983 2581
1390 5670
120 8150
1346 6978
2427 51
3938 1336
9776 8984
4477 5651
6055 2032
2311 3142
9807 3531
8856 4877
5845 6470
3178 5558
9266 3294
9217 249
5876 608
5920 5996
8758 7266
2974 1186
7318 6913
2522 7094
5898 7000
2745 1953
9033 5057
5096 8840
8589 3952
3718 4434
422 6897
9992 9689
192 9210
9938 6068
9818 5858
2064 8577
3125 5039
9764 443
1952 2287
7537 7850
9287 283
9804 8320
5341 4900
7161 3930
8853 879
8365 9276
7777 8358
8965 7969
7568 8904
4037 7387
4762 6102
5965 7887
1141 5729
8331 3094
8016 5869
944 7303
6152 748
5623 1493
5649 2784
5424 4502
3664 3789
3779 1442
2147 2744
9411 9716
1648 3449
7104 6411
9552 3069
4299 693
8798 2630
3787 6814
8499 4732
4118 4652
5481 9741
6146 1130
2526 1570
5633 6191
5359 9412
7633 7507
2157 7045
7224 3806
494 4328
218 47
7397 4517
740 6196
7148 4528
3011 5648
9261 7129
301 4742
6870 6447
5872 9397
8017 1506
5588 3377
919 3221
885 3077
266 8109
6883 761
2438 7102
808 9836
1619 1549
6032 8768
6078 9043
4417 5339
6172 4718
81 3043
1166 5954
2441 9184
7460 8029
2561 8380
1251 3447
1457 1518
1556 8340
2279 3995
5442 3088
3831 7062
4637 9864
5831 716
8908 249
6055 5081
4968 6137
8125 6134
2092 566
5318 9553
8596 7880
7933 9847
1327 9390
1365 2884
7731 3645
6879 3174
6733 711
237 1371
576 6068
2088 9484
6317 8144
4565 1286
4281 2690
7420 6374
3256 2739
5927 1852
619 3860
1700 1947
3251 3066
4831 982
6711 1711
4157 3445
2422 4394
4817 2999
463 6905
2483 6781
5050 7049
8067 9331
9739 5487
5705 2996
8227 1633
4849 8846
5493 6549
793 8745
9616 5625
9728 6328
7336 3885
9773 9759
8280 4591
2758 8743
1497 5241
5524 6547
2290 3591
5879 2030
9079 1585
5026 7306
3218 9876
6153 8712
6426 6947
7457 6042
2572 7186
2370 9908
1071 2144
9667 9351
6735 2425
8095 8233
7667 3619
4780 9958
7211 660
1988 6291
2245 7015
3597 5464
6891 9751
4176 3317
6698 1634
9360 9270
8820 1730
9178 9892
3875 8846
9244 611
1272 7339
8844 8939
959 3625
8898 8170
4285 886
4461 6530
7902 8059
1994 4793
7810 6171
8111 4509
7805 7472
3779 6626
9203 2958
6518 3078
1804 5762
3689 3076
3102 2533
2016 4061
6158 914
2232 444
1801 6694
6975 9703
4754 8970
4497 2564
5141 2609
7074 2947
81 853
9573 9284
3811 6092
2363 5616
1855 6052
8692 4958
8586 709
9019 4745
1624 1251
5189 3425
7946 2165
3128 2700
1135 7626
5265 6276
235 2339
9223 316
3192 8797
9601 7004
4890 1964
2620 6746
8016 1313
1704 6603
2022 724
1348 3646
1976 6538
7072 9922
8703 201
2622 9838
7827 7887
6115 8062
227 5339
8379 3419
4137 7980
424 9028
9944 3044
5774 7961
4358 7479
4564 6381
8203 5913
27 179
2452 7100
102 1156
7301 2724
995 5128
612 7110
3191 839
2450 1570
4259 6587
9550 4683
5615 9494
7728 1390
7456 2086
8869 2020
8467 7072
7934 8495
7252 386
5595 7354
1543 2896
79 2538
8025 691
9649 1217
1531 2099
2787 5790
8686 2338
474 4302
1833 8202
5692 9289
288 4561
1310 8756
1634 9244
7251 8887
9631 2847
6242 1174
5744 6321
3713 3769
7013 3362
4986 8544
5461 7774
4335 4147
112 4809
8449 1945
3011 4142
1234 3300
8703 2545
2056 338
1789 9308
9225 1421
2155 5467
2596 7899
1789 6309
1669 8802
9671 6656
7347 5132
4430 1683
9280 4543
6492 7730
6488 9504
1872 7723
2805 576
268 4861
914 2058
4170 139
3479 6325
5607 6075
4225 7396
2384 5895
6199 2056
2551 3547
7189 6982
5230 6469
1525 1723
4200 8014
1227 6072
5737 4032
6648 6006
8894 7563
8065 3065
7702 1545
9390 3310
7620 3616
706 5
9511 6906
2062 2063
453 9251
9045 5683
5720 571
7407 9921
8585 8635
5993 4323
2667 2642
330 1562
205 8395
4627 7908
9940 4018
1218 7561
7635 1925
7567 7146
8831 9629
9210 9284
8880 8256
4968 4601
8827 2375
4522 7412
1010 516
1736 3678
3158 2066
5241 3364
462 9868
1272 402
3887 2491
7964 1522
4416 5531
8669 3247
5160 7879
2532 4041
6135 7500
8643 4962
9876 3166
2375 887
3682 4112
4566 6841
6178 9807
206 6641
9676 1478
7044 3563
3970 5008
5085 8386
540 3755
1633 5701
1634 4165
9742 7770
1666 8386
2733 1543
1552 5109
2430 5234
9221 6996
2076 5400
6803 2282
2041 6480
3761 9085
43 7731
4094 5129
6117 4634
8884 7751
335 519
1917 77
8289 3584
8463 1023
5127 16
6132 7557
5250 5353
4554 7327
753 1358
9609 2795
7838 3371
1881 7881
1102 5975
3011 7220
609 1895
4972 945
2415 6889
1023 705
473 9487
1728 5600
9503 7861
3158 4754
3214 7712
2081 3968
9070 1691
6764 6908
5062 8645
4790 6165
4620 7801
3386 5230
9697 8358
6175 2113
5247 7198
2818 5721
6685 4547
1321 6188
2408 4480
942 5623
2192 3024
9592 1263
4716 6356
8172 9778
5001 2963
5944 9622
765 9331
4853 462
7689 1028
2576 2937
8227 5394
8658 4912
9942 9980
1101 2350
4460 2044
7974 6653
5069 7566
7916 9785
3923 6089
9564 8925
9052 5509
8547 9817
4840 3401
280 2529
4429 2856
5467 2657
8251 4125
7570 8194
4106 8671
544 8566
716 8519
5219 5785
6086 3136
5571 9
9226 5135
8934 8279
644 7482
8096 5485
883 8377
8014 5313
1234 3481
7970 9486
7607 5540
7680 1713
4212 8225
280 4928
6744 5500
714 2830
8637 6286
2840 7863
1421 1774
6142 2066
9257 4239
7551 140
2616 5566
5453 3851
9048 3424
3337 6655
8964 1018
8369 3176
9243 8649
8105 5987
4150 8820
8818 2787
5106 1658
650 6528
3433 6792
8595 2690
1031 6146
2830 3648
1713 8284
7500 761
1709 838
7417 673
1856 5786
3850 1099
4436 1956
7087 8586
777 5906
1373 5884
7564 2024
2412 998
8817 1008
3688 9849
7155 6519
3497 8868
4804 998
9629 6513
1836 7047
7186 3692
2834 1037
4791 7270
2994 1879
5857 3771
7785 7231
9655 5350
9255 2068
6348 8072
3076 37
7921 231
6556 1419
9100 1360
2417 8729
7873 4253
5777 5060
7946 8611
6098 2738
5882 9092
4617 1739
2863 2402
8971 2519
7753 8227
4587 4101
6300 7664
4138 4222
7896 695
5641 6996
2056 8059
5726 9930
2313 1503
4990 260
114 1089
2998 5997
181 7615
7736 3045
18 6708
5564 7771
4935 152
1873 1236
7817 6012
5458 5713
6707 1100
2709 8764
9159 8436
8694 1473
9939 3684
1733 54
4773 4732
6051 4955
2347 3788
8000 2366
496 3565
137 5432
3718 2011
6668 1535
8023 2126
7248 4731
3226 9958
3495 2386
8394 2190
3860 8333
5874 5594
8388 648
326 4439
5604 2674
8227 3604
5040 8724
7170 5177
4156 888
7189 825
2423 5213
2952 9672
9945 6178
9630 3441
8565 8025
5631 2426
6359 1506
8021 4747
2155 8347
9186 7759
1021 7414
1364 6061
6138 8534
1239 295
9422 8429
1120 1846
3642 4072
1518 3587
251 1149
7028 8817
9174 2660
1244 5533
4166 9265
280 6321
7613 9467
4080 8634
6881 5444
4696 3020
3979 5936
3316 3402
4365 4437
5248 8008
8509 6767
1596 8761
7916 8625
7579 7090
1285 8824
2624 5452
8089 2905
1773 5702
2372 5854
4337 9254
1299 9034
2275 5278
4971 5591
8680 9337
28 3929
7345 8538
696 8941
7300 8613
7567 4880
5703 8852
3704 8328
4304 1793
1233 6078
7496 3605
1932 1834
2860 3231
868 5135
8510 5839
726 7191
5176 755
1120 2522
9293 1817
1464 6594
430 9031
1474 6134
7884 5178
4462 2188
6971 5695
8266 4468
9301 199
6302 2161
3430 7171
7297 1941
3010 8024
9132 8187
8779 252
710 8073
2070 2174
4668 2500
1206 6142
8634 9090
1320 3097
1279 8292
8793 9546
2761 8094
9745 9063
256 3176
6234 7553
5117 9245
5577 4249
7433 4357
4501 8143
2431 6571
318 7099
9072 1524
3241 7707
615 4562
804 1894
2855 9597
1440 5616
7692 1186
4679 7948
4362 914
5502 9479
159 1079
3728 7592
5437 8230
5736 7868
4802 6054
4967 3874
7579 8209
1582 8195
2771 2386
90 5626
1984 1530
1242 9676
2717 5922
7625 7079
6836 3127
6558 6995
4206 286
4588 9644
8517 324
7512 3319
6379 2480
7194 3958
690 8776
2154 3461
1163 2244
9088 3147
3775 331
2824 6492
6253 449
3571 3090
3576 129
85 7783
416 4674
7427 8934
4998 4940
2253 1378
7421 9448
5337 8111
8224 7491
1573 9387
9735 661
2535 3510
993 5359
2 7246
5808 3574
336 9384
3704 422
7168 4121
5097 4595
3055 96
9536 5309
1474 6957
4757 6811
5069 2982
4302 6642
2370 4038
7304 4905
7548 8297
264 7551
5544 6072
1125 5881
5457 4830
6304 2625
8951 1401
7221 2006
1497 6758
7316 2971
3715 2073
9782 8785
5056 4085
5427 7426
8123 2731
2331 5672
1029 2596
3223 6573
8668 4349
2454 4126
9180 8758
6752 8131
160 3974
138 1657
732 7454
4629 4448
9528 4412
3233 4585
8497 8660
2011 6621
1392 4343
2293 2421
6939 5517
8995 5608
9867 1450
9734 9047
209 6487
7179 369
461 7317
2027 1193
4772 6656
5641 4301
1068 8874
8886 9566
7535 898
6187 8927
5241 8480
1349 2180
3998 345
7788 3865
1795 7522
2913 2004
4010 92
2374 4471
7409 4401
5664 2182
1058 1306
6483 2127
180 5369
1693 7715
6268 7880
6643 1509
6361 7993
3689 360
8338 1477
4225 133
9000 7138
2138 3010
7231 4512
7482 4640
8913 3146
6822 9972
4453 3306
