1000 2
4384 9890
9684 6768
7306 1534
8994 2161
893 5053
3539 4836
9863 4202
72 5820
7903 8952
7138 2620
4213 5407
9303 3069
6077 7167
8737 3980
3074 7856
441 7459
7746 126
4227 5052
1660 3221
7214 2553
8274 753
7389 8138
4956 7462
3959 2859
6415 1097
5480 628
6505 4783
3698 2582
1950 2435
6562 5025
291 7003
2484 8038
7130 6712
3091 8790
9933 306
1344 8208
1060 8734
6346 6016
6196 305
8876 2612
1403 4356
3240 7908
9139 6939
490 1090
9374 7053
6116 9666
4057 8601
7705 1187
5313 797
9978 5247
1103 1322
3455 2164
56 9802
8180 6253
107 7057
8865 1511
1413 2106
9419 553
9046 9910
1643 8420
6963 7760
8087 1020
6361 5792
2208 1674
6589 2186
6921 7693
3508 377
9858 3565
179 8039
9818 287
5096 8684
1798 6509
791 1218
7062 9837
1129 8706
8258 8093
6467 6345
9113 2828
2138 1321
4503 8728
3508 1425
6421 7016
1802 6280
581 1982
4319 400
2270 9415
9085 4069
5925 9877
5287 2988
9714 6417
1695 7973
4510 8162
4318 3624
990 6457
4946 5494
5185 8454
6919 1607
5470 8722
7887 6052
704 2206
6453 2975
1621 5539
7044 7547
5416 2332
535 5130
8749 2230
3104 3259
393 7422
6884 1383
3879 1830
6878 9065
284 3797
672 5754
2519 8559
1807 3224
765 8261
6199 2387
3800 3243
9934 9216
5576 470
4347 4325
2701 7451
7585 3094
4874 4469
4478 8754
6299 1356
7819 6584
5153 8491
2339 7672
7050 4146
896 7816
2407 7096
204 6207
340 139
5424 5916
609 9771
242 3310
7222 7828
6404 2096
2297 882
851 8597
2238 8670
5181 7392
7162 7520
5064 4212
1667 5961
2029 4075
3058 2233
283 3398
2372 5707
9314 2982
5479 9556
6292 2701
7384 2697
4798 9682
3580 5650
8280 5818
4320 3462
3211 1482
983 8276
5695 2651
4237 7724
6726 7295
9958 7009
694 2331
2717 8
5313 8196
9565 1606
898 6949
4303 5697
6632 7883
1347 4912
3702 5668
8374 6913
7150 9358
5189 2846
2009 9427
571 8735
6723 529
5745 7417
2861 8463
7426 8175
6660 6991
9781 7558
3941 4085
3256 573
1969 4603
5486 5671
271 3861
2585 7422
3219 7775
268 5228
7203 839
3964 3927
1369 9710
1345 4231
8174 8771
2406 4834
5763 2187
2393 9704
6272 5649
277 8242
253 5764
3913 525
9625 6499
7948 2844
4275 8217
8073 1478
9056 2038
5406 426
1748 6751
4657 9923
5522 7064
4757 1285
9251 7151
990 5524
2801 1268
3766 3054
7032 7680
3580 6657
4180 1528
9502 8455
9745 7575
9934 8802
9613 5340
9229 1362
2092 3887
1286 7615
951 6043
8901 202
3195 9891
5727 5996
1159 9493
9050 8191
7174 2631
4849 1354
4159 4351
9810 3905
1926 9744
2708 1540
5085 1937
2903 7177
5825 4189
4792 6776
233 3694
6979 3428
3585 2706
9424 4745
2200 8475
2936 9375
1106 7785
729 5266
2136 539
9172 4063
284 1880
5604 5369
3818 8507
2547 9643
2697 7340
6420 2930
1034 3399
6359 4620
6106 5784
9365 8307
4259 2302
7682 5366
88 8411
632 2225
8951 9804
6288 9235
1685 1892
4605 5503
400 7152
5147 3097
4493 1567
6028 5527
4966 2388
148 1073
8172 9513
9380 2431
1815 7062
7797 1903
5474 8430
4128 4425
8235 417
3661 9920
2310 8267
5424 2710
5419 571
5808 9913
2138 1837
5441 7104
4225 5589
8178 2397
5102 7558
4828 6918
4621 2626
8822 95
1056 2951
4521 9291
3368 8183
9212 5679
6450 4636
8390 1870
5207 4198
1783 7345
6035 7224
4450 261
2814 2628
2658 7917
187 7487
4835 4808
113 3657
4903 1170
6609 9425
462 9978
7608 9674
5657 4059
4310 4047
5929 9517
8246 7713
6863 4282
4938 1313
4543 7752
3942 7201
5669 4129
4689 505
8937 4803
4163 3841
5973 772
3267 6435
750 875
6110 6408
4935 420
455 865
9938 8701
8578 6801
2983 3516
8115 7526
1269 2057
4728 6939
6186 9418
7445 5124
4221 1608
8965 195
2381 2232
6631 3132
3108 2741
9540 8043
3161 9995
8908 3100
8697 7487
9901 1680
1004 8016
9207 2273
74 3936
9213 6261
3354 6658
1385 7576
8267 350
7771 648
2583 4402
3780 5692
7143 3320
3735 305
3316 2644
3406 2013
132 3307
3694 1136
1324 2901
3410 1399
6837 2623
7660 192
9282 9045
7768 7549
9396 5539
8197 1979
9942 1978
7671 7086
5299 1407
7392 8615
4052 798
629 4184
4106 4323
5321 5431
7224 8731
6830 4062
1355 4490
4254 637
3535 2023
8187 2932
7563 6384
4912 7505
8363 2583
4592 3662
3991 1984
2278 8044
2782 2907
2229 6888
7230 7550
2319 4454
6282 9150
8517 7638
3640 2772
8276 7176
4795 6463
108 2358
2848 5020
9864 1211
7604 4456
4874 1596
6440 7152
9640 9223
59 1869
6112 7289
9420 8432
1744 5702
7582 261
3340 1222
3034 1617
8399 7829
8080 8508
187 928
3529 51
2140 1133
4507 7014
2729 948
4166 2370
171 4225
4239 6283
1515 3659
4715 3260
9362 2297
3522 2703
3520 6556
4320 1920
4385 2400
428 4573
3329 3957
4624 5469
5091 9132
2483 7820
80 6650
191 252
876 4430
6535 2391
8090 1251
5651 7452
3548 9174
156 7069
5730 4476
8989 115
6877 9417
4688 206
3375 9313
5675 8466
8446 8159
6287 8527
4810 6478
8779 5686
909 5314
8077 8999
6565 3729
6452 114
2903 6608
7184 8634
1084 6173
8749 7961
5591 3438
8168 8966
2752 3844
7432 1198
2003 3719
9725 6814
197 8504
2500 1106
3819 578
106 385
4308 6559
499 7211
3167 7684
5845 4252
3857 4595
2214 9448
8034 382
8415 786
4227 5847
1985 6231
9566 1710
3045 9764
215 5545
871 4034
6123 978
4420 431
7537 4920
7643 704
2604 3489
4957 6461
8085 7172
5910 6119
7554 4325
6905 1782
173 8890
8013 9740
601 1058
9504 816
6603 376
4851 2727
1354 9271
3158 8891
4191 802
9596 6795
4291 4554
3257 2376
1726 9168
8495 9281
3493 5401
1063 3667
4292 9076
3407 4893
134 2912
5710 6737
3288 561
9464 4643
9833 2623
3534 4024
3425 3131
820 7717
7685 4078
93 9411
3246 8589
8692 6740
3990 9755
408 8282
8831 3815
3176 8966
6727 8886
5703 16
9447 5168
4659 9280
7792 8194
3305 1217
1325 4126
8934 9011
8205 9028
8422 1452
7617 7115
8193 1608
6871 8601
9890 5703
2416 3067
4669 9144
1953 373
9160 1400
5541 3819
681 3333
2013 3987
4551 3339
8114 3486
2350 6319
2514 773
7771 131
7889 5964
1740 4761
4566 1631
464 6982
4698 5133
6126 6651
5507 5287
8052 1048
9106 8734
4382 1120
2721 8934
4460 835
2420 6811
7155 4934
7585 4927
5066 5474
892 6806
235 5458
8437 700
2441 3136
5834 8567
9787 1341
3854 7839
2390 2961
6574 6773
4082 9295
5707 8542
131 8127
5353 7287
3062 2938
2214 8129
8413 3106
4936 8649
8565 3373
9349 1006
6510 5184
9573 6297
6525 3428
4137 8916
6390 711
5689 472
7 1397
9015 138
9525 4368
7426 2587
7307 9640
717 5720
2747 5653
4370 1312
9026 3719
2318 5536
8904 1892
1834 5430
5321 5972
4346 1711
6683 36
2184 6691
1433 1199
6830 958
5568 4256
3546 2875
3896 4263
8595 6643
9916 2965
7955 8943
6685 274
4480 5590
2166 6315
1020 7487
2287 5366
9199 8971
5402 1384
5662 6836
2583 2492
7794 8151
6748 1341
1026 645
5604 9622
7288 5521
2588 5244
4464 9274
5519 8945
4864 7685
5260 5884
5173 7547
1251 4372
6518 6653
5756 2181
3489 8340
4673 1284
6491 1422
2625 7518
2067 8229
7141 9356
3751 9730
4600 8215
9004 119
7161 3868
7805 2421
9753 2978
9969 1004
7351 6488
7658 3108
8669 1148
1449 3342
2432 7941
4764 5057
5459 6831
3287 2601
6187 7038
2331 788
5254 1335
908 2415
5204 8714
4837 4958
1692 4806
5962 9044
1294 3621
2153 9964
4769 3602
3306 7201
1543 8071
2259 7003
4903 5547
9604 1091
2585 1935
1880 7840
3271 2788
256 8475
1502 5093
3433 3195
9900 9396
2240 1194
3017 4393
1158 7786
7996 4465
4988 9539
2537 7247
6542 7440
2794 6146
8531 5380
8082 412
3220 1353
3200 3477
9829 4703
8570 3262
7899 8470
2659 140
9665 5677
4534 824
3463 2530
5290 8451
2069 7827
5699 8612
5268 8493
4758 3799
3874 2841
4212 7094
4194 7412
572 4023
2116 9142
7286 16
7613 9946
156 7279
5623 4690
8103 9086
7220 3394
7538 9290
1221 3238
7902 6489
1732 2661
289 5606
5502 4501
2701 9697
1914 3273
3721 4031
2415 1007
4047 29
953 4203
7308 6576
8894 5412
5663 6114
8806 3202
5405 28
6441 3307
6518 8173
5968 6808
3779 1471
1310 6480
1168 3224
9754 4889
7256 2170
5897 1303
2199 6851
5507 9508
3428 4401
4921 9092
516 3728
2295 5921
3756 8736
9229 275
6909 5198
7083 689
6669 8393
7170 7838
1618 6924
2728 8874
9094 8625
178 1294
5476 5685
802 8905
87 5723
7997 603
9451 292
6525 3208
9028 5754
3483 5938
952 567
6627 7622
8960 3797
5460 579
721 8188
9454 9816
6814 9632
1110 2291
5317 1913
1196 5404
7637 9193
6008 7088
9485 2533
297 8514
8288 3781
4452 9241
4348 1079
6863 3309
4877 2324
3888 5599
513 3342
5415 7327
2974 6526
9618 8292
8439 815
3696 6076
8 9705
3165 9494
2239 3462
8008 527
7243 2461
9768 1592
3541 6632
4901 8418
8956 8789
4017 9469
2132 9432
6797 5107
5958 6416
3399 4398
7231 7096
474 7239
6801 3640
6734 9041
7102 4743
9568 4346
7204 9337
5938 745
5970 839
9163 4927
9629 3180
4397 1761
2613 1194
6869 8572
7610 268
2970 4841
7364 3445
2081 4166
7085 8815
3207 4188
3558 2776
8535 763
2114 4474
1508 8084
5313 672
3011 4943
3853 7408
6705 6466
8603 3574
5039 6213
3842 8009
1055 1207
1455 3137
5374 8541
1953 8581
2729 5512
1358 1264
6275 3472
5738 7784
1556 1052
8456 4568
5996 2309
1977 2701
8775 580
6276 3815
6794 119
1825 7850
1326 3280
988 6700
1821 2941
5282 4551
8453 6640
5815 4729
113 1554
2513 1670
2607 969
6238 8603
3278 8216
1305 2054
8797 7582
5869 5592
7701 7694
3443 9027
975 4431
5728 2796
7372 1011
7347 5826
7652 3163
555 7765
4718 3069
9435 7326
4038 5674
5930 7317
3891 7236
9372 2688
4818 5242
8281 2519
2937 1724
1547 3912
6155 7276
6709 3528
8287 4057
9354 5940
7221 9910
3705 1939
2979 3141
9266 7018
8816 5196
4335 2708
2432 3708
5397 7251
8950 3678
9770 1887
5403 1318
5799 1558
8594 2508
5087 6882
6565 4442
2822 3786
4352 6528
5726 7332
9670 4993
4351 8487
189 8687
1195 2622
2395 6592
9874 1345
270 9644
3232 5673
962 9032
7232 9557
1541 2319
6439 8106
6762 9262
1893 1114
5790 7620
8447 5461
2613 2799
3948 2803
1486 5143
5426 3881
1736 5300
5227 2007
4945 8460
7681 5907
7492 4914
5465 9033
7234 1904
7140 3996
1166 9034
5111 6957
6654 3558
2418 9268
6357 6367
2072 7844
1511 7498
1726 3247
2798 6953
5255 7743
5413 2936
3651 2905
7850 9116
1939 5084
1021 9079
9080 2188
8113 4191
9145 4768
7750 1564
4037 4108
7931 6109
1952 9443
3608 3679
2691 6407
632 7946
4150 6046
883 7802
8951 8733
6919 891
3818 7941
9970 2899
129 8084
7091 9274
2853 4841
839 6890
8950 8771
2999 903
8214 6607
4582 905
3014 5215
8852 7165
1261 9735
4968 213
8469 1888
1104 2288
9829 1075
5187 9958
9159 2278
9233 2012
7120 72
8902 6071
8843 1902
