1000 2
1395 2184
4967 708
3091 842
2877 301
9891 9356
9937 6459
3396 2311
2711 1444
6685 5292
8416 3665
8822 9289
9176 5939
6737 8774
2632 6679
2641 6491
4705 4037
8675 9672
4745 1767
514 7623
2069 406
6979 2006
6865 375
4318 9577
1819 1003
4869 236
4669 3692
9525 3845
9631 6263
2619 2264
2942 5261
8755 7647
9298 7431
7320 4044
9198 7835
1667 1267
8242 8647
3274 5107
9022 7592
4685 842
8596 9554
1078 3266
3247 604
7111 2878
6867 9731
5143 9810
4993 3898
7457 4292
1329 4778
8336 528
2613 4
1795 856
8652 5069
5964 7674
2662 649
8516 1258
204 9595
4525 3451
199 1636
6330 7067
1368 1473
6877 6361
5372 4334
654 6702
9113 8991
7230 1727
8995 9025
2583 7647
4095 8547
5322 6757
9196 3839
8016 9401
3434 2541
2852 3634
4178 9183
701 5546
656 7578
1908 6029
1913 2562
2731 1026
1553 9961
2754 549
8986 5337
8197 3082
3885 3520
9839 3081
7359 7855
2483 794
397 5335
4428 4575
4519 5130
122 5175
2708 2031
1204 4622
4594 3936
5649 6148
3897 8403
6698 2884
3740 4896
5966 7626
8416 5806
708 5776
3662 3191
6571 4059
8527 1000
8634 3046
6130 8757
8221 8839
788 9426
3461 5382
3363 9110
1531 7260
7513 8229
145 1254
3125 6112
8880 1542
1918 9588
7318 5580
2780 3889
9639 1307
4889 8274
4353 1020
7031 2575
9859 7820
2002 3320
3203 5365
2430 4734
2626 9944
2963 2771
1199 6089
8883 79
7631 802
9668 4949
6382 2448
8839 6022
3755 3729
4296 8109
4749 1328
684 4609
9148 2686
7929 2351
8051 360
7086 677
305 50
3449 1504
6139 2333
1584 3770
3135 1253
8720 9518
3702 7560
5540 7458
1290 9837
5567 6039
1165 6251
649 314
8938 8578
2666 6989
8939 9752
7667 9244
9802 1117
749 5942
3450 2333
9713 6586
3586 8434
6104 7289
5994 1645
4747 7284
1483 314
3324 2649
6566 3973
2963 5504
2552 5630
2494 1491
5382 161
736 5185
1279 1485
1128 4729
3818 841
1316 7405
9275 7420
4694 5270
9066 9441
2555 549
9756 5880
3198 6322
9854 6162
1826 2406
1792 4320
3898 7175
4482 4634
2361 5761
6120 3489
491 9939
4331 1807
7344 3607
9228 2039
8877 8294
1481 1433
8844 1238
7313 2042
7560 7168
8205 9387
9575 9997
3707 3473
7172 8190
8108 9534
3951 4228
3023 4443
4167 7354
6250 1512
962 5478
3552 9839
3773 5034
1273 2617
6272 8587
4660 3832
5755 2865
3220 5330
2863 6927
8803 36
5118 6912
9570 9069
1141 2594
3512 5309
9949 9763
6821 911
5242 374
751 9016
5408 2024
1634 1681
611 6294
5514 6366
9160 8734
1696 2024
5662 500
2060 780
7413 1631
9850 8554
4225 3362
3863 4174
3126 685
5086 8368
1059 5837
7385 6468
7861 9019
8150 8473
5314 3664
4839 4474
2398 6536
6498 8061
7037 8559
8841 4450
190 8691
3004 4416
2054 6867
8591 5181
7553 3677
3550 8613
9514 935
5082 7376
9954 3232
5849 5268
6896 689
9743 9295
7225 6242
7356 4262
4801 6198
8712 4992
4889 1717
9408 6944
8585 7999
2125 6138
1676 5675
4751 1191
6610 9833
8567 6565
3065 4417
1833 9962
5106 1577
9258 2331
7819 6615
6594 2620
2813 5307
7612 7703
7024 7021
4647 5609
5021 6773
1748 6698
2449 6500
7889 9059
6333 6457
5625 9399
874 7459
9362 5980
9036 8620
8312 6855
5235 4907
9475 8049
214 7088
5752 7239
4110 400
2849 9131
7174 4597
5829 9623
1097 3719
8683 7431
176 4308
6831 1050
1767 6193
7031 803
4814 5344
7659 49
251 7134
8099 465
4223 3852
7705 8334
4252 554
7465 1427
5152 3295
1050 6249
7014 9733
3681 7190
4042 512
8241 5810
6705 5273
6613 1520
617 4272
1570 869
1407 9669
1335 5631
3521 9040
3966 7774
9594 1431
9201 4747
4727 252
997 1741
9986 4678
8932 4028
5191 7173
9839 1897
2446 6453
3417 3064
726 4987
3933 2134
4656 5268
7765 8177
4309 1731
5952 3904
3163 5153
8651 7890
5406 9648
9632 5392
4326 8564
9421 9517
5737 9260
1414 8184
5713 4831
1249 6439
9819 5182
8573 4475
451 6339
2653 4760
8071 8605
8664 1235
3759 7316
9126 9165
6964 8758
4558 1291
7323 3980
808 3061
3240 2223
1245 8954
7055 2495
5394 6874
7678 3968
1350 8130
308 4003
2890 8380
2609 1555
9615 6368
8871 8742
5534 5835
7501 93
7126 4824
4073 7935
7885 7313
159 9131
6268 7215
1626 1662
4089 9305
5630 5439
7435 5939
9443 325
4319 2052
1881 3934
8420 753
2677 3955
6589 178
4048 3716
5002 8121
1651 2888
5434 1811
2019 1703
9026 3646
3365 3116
2951 8996
8555 386
4935 7998
712 9254
50 2594
3189 8471
3347 5866
2426 9936
6045 6474
3652 1048
4596 5304
3936 31
7115 5956
1734 6142
9603 5099
9258 2555
4096 7813
2941 9032
5812 3654
8286 5863
6248 1476
4334 9595
7343 6761
9532 3388
3236 3184
4436 7832
8489 8373
7863 5604
4330 9597
1747 3933
4697 1005
6488 8794
8819 9430
7826 4632
3084 6113
495 9332
7589 4830
8928 4932
1592 8460
8321 4828
1645 2757
2660 134
1131 524
5739 5461
122 7486
9394 4819
8492 5883
3614 7311
5313 1440
1944 8397
7553 2439
7730 5143
7270 6659
75 8862
5119 8397
3690 6764
1154 6351
6898 2286
6875 2638
7747 6998
124 7141
1818 8616
3024 5432
5928 8338
6873 7872
6735 4426
312 4466
9570 7582
1125 9646
6444 6245
8043 135
3009 9198
6487 9908
1484 3363
2546 9231
361 2671
6373 2179
1288 9398
7611 7216
7736 4484
5089 4472
8911 5401
8938 8481
2984 64
8127 9429
6309 6170
9564 9318
5368 6051
9227 6853
9414 1774
6084 9776
4446 2457
1955 5734
1855 9566
2951 9591
4051 8040
4064 2962
3442 3002
1444 6426
3066 9572
5855 9375
5743 5420
8694 1112
1472 7922
7965 887
9697 4049
663 4143
6507 2618
9877 8362
2185 2829
7954 6237
869 2018
9200 4311
5021 644
738 8088
217 6594
7464 5960
2014 6159
7072 3486
4081 5038
4374 3779
9087 5037
7922 5594
7656 7800
3957 9842
629 1911
6079 1499
3930 5279
5811 8952
5924 6549
7040 6141
3143 4504
2102 5158
663 9175
8644 4745
4213 3019
8524 3300
8056 6447
8895 5713
4247 2852
5555 4876
4764 1634
6375 8695
6914 2186
7647 2839
8736 4688
8981 1880
9192 1083
7038 9856
259 5683
4602 4472
8702 3126
7773 6758
9573 6668
2471 3821
9521 8027
8697 4286
9661 5073
2981 6576
7260 629
9415 5997
5317 8397
7877 4510
9481 4915
4366 9740
598 8968
4212 9301
2095 1985
6059 1668
8654 8531
5490 8176
6559 4187
2462 6220
9261 5444
2797 6522
6073 2213
2519 1391
610 396
5901 91
5312 267
9831 5911
9236 4044
5212 1331
6030 1272
3000 4684
9804 8490
2860 6363
2678 5323
2584 1939
767 5381
8461 6841
7595 981
8232 8205
1378 4133
8297 6691
4401 8129
2602 3637
2173 7815
4969 8203
9087 7969
2888 8892
6459 5749
5255 9137
1073 7840
1076 1840
3221 9538
8682 817
520 6915
9023 1898
1049 7320
8589 5450
5449 1192
9088 7623
9007 4057
5826 8094
2026 8715
6986 8486
4464 2242
7623 5538
82 8700
7378 3304
8239 6061
4121 8759
2976 3144
658 4025
465 9248
9476 5914
441 8565
3538 9448
2623 9364
7543 4650
8080 4530
3136 2545
6773 760
8083 6855
9460 5462
160 7700
1523 4281
6460 4500
7426 7119
8526 7891
6368 8003
3806 6809
6569 7344
6258 9192
6709 3801
3842 4790
8332 6979
7335 5105
7739 5419
1961 7200
881 2121
4900 2405
6402 1360
6906 3829
8480 5432
1721 4848
3435 5528
1657 4
2872 7915
9197 9582
1717 3040
4372 49
19 1708
5154 7759
7127 7115
4959 8009
9236 9860
415 5639
1220 7321
9469 9700
2753 1190
4549 6189
6718 6206
6194 9591
4121 5392
9174 5838
8432 3547
5888 8451
5256 1042
6210 2384
8158 1170
393 7395
1030 808
3035 2251
8129 2504
1952 883
3695 6501
7073 414
2707 3267
5 6829
8659 9180
2668 7091
2727 8556
5543 7983
9599 1754
368 7758
2924 761
5154 3955
1570 8189
6206 9700
694 8158
583 4389
4659 7657
4803 7367
924 4809
4197 9584
3990 6865
6676 6717
5422 2220
4701 5021
3974 5069
2780 6899
5831 7934
855 7402
6123 7061
7102 6817
5220 7686
1207 9880
5343 6011
7247 6268
820 1444
5852 4810
8310 2529
1528 3732
4749 6230
8754 8724
1300 1534
5624 7131
9468 6479
4533 5592
3541 1636
2409 8761
9322 3617
8641 4666
9628 5889
934 449
7333 6787
5260 5644
9316 6788
9376 4066
3019 8130
2791 4319
9664 8416
1451 9133
4896 5985
4725 8437
7622 7135
7199 6944
752 5840
1610 380
1729 2545
830 9063
9332 6090
4707 8649
2879 4084
2716 5898
2215 5507
218 1880
3924 1670
1013 8820
7656 5738
7258 5278
2874 4457
2223 3626
298 3834
4007 2027
6379 4837
1091 5711
928 5799
4360 3807
9883 7076
9706 2099
2584 9925
3979 6509
1596 4992
5330 9252
731 2588
4531 3605
7046 6754
7232 7344
588 1240
9371 6967
6078 463
2679 7006
6263 7040
814 6147
4117 520
8246 6701
445 2225
3211 2041
7217 8541
1294 7948
1130 5825
1554 8176
2579 8787
5520 3168
27 4892
136 6105
5355 2815
3111 1618
9855 3925
7765 3972
4446 6011
674 4892
8236 3885
6934 5454
2427 8228
3403 3557
4054 4957
1733 6634
3745 7253
9802 3772
2145 9938
9877 7501
2753 2989
9119 2609
6914 6885
6581 1361
2897 7255
6253 1133
1141 3187
6588 3568
1415 9991
7125 5469
4949 8858
2104 8694
6112 1906
2467 8257
1845 2344
5758 4599
5333 4878
7208 2248
1763 3790
3609 4661
1046 9863
5795 2187
3050 2383
5756 4466
2375 2882
9936 7325
1741 2040
6019 7853
3946 8486
6111 5792
831 1870
391 6165
6748 7600
8413 8512
1390 2023
3173 2436
1886 8968
4624 4937
1352 380
9403 3727
3262 9340
1052 5004
1380 7072
2857 5327
5559 8968
1119 6390
839 1511
2555 7587
9111 969
6100 501
2992 9274
2938 4879
8243 7562
9817 9595
7943 9221
3322 1206
8561 4375
6210 9941
1447 9067
5269 7006
8036 6389
3397 8875
7900 5952
6463 7011
6921 2564
7513 9914
1838 451
4794 81
8014 4612
9676 5957
3833 2999
7164 2394
7374 3374
2336 8822
2442 7605
5829 479
3994 9226
9355 1895
5178 5818
8906 2100
8383 6420
2015 221
6872 6810
302 4886
1422 9979
844 5255
2979 8008
7650 353
1383 9986
9176 3825
7592 5005
4305 1587
4231 3660
3482 9410
9479 2389
1511 7862
8810 3527
8083 5682
337 8386
568 1760
8366 1412
7015 1345
9421 4666
1699 804
4652 875
4630 2245
5881 8935
3832 113
2595 7315
9524 2074
9705 1035
9937 8515
4562 8021
4197 4900
6407 4766
6660 4774
6179 3676
6119 5600
8342 7818
6405 2995
8694 1035
5240 4575
9970 9073
4689 2565
6389 4213
4640 6095
5248 4578
4610 9811
2599 8808
4712 9007
3574 1372
3781 9753
5049 9900
5354 3391
7719 1760
6387 6413
2795 1628
989 2765
702 5678
5331 7091
9891 9972
3186 5140
4550 7797
4952 7149
6605 9664
6157 180
1037 9938
9933 6086
9838 5288
9478 7557
7048 5865
3971 9844
7493 4960
2610 8195
639 7942
5287 530
7914 8474
5670 2465
6271 623
9615 2877
287 5772
3057 1324
5710 2991
7411 5549
8279 6889
3107 5328
2755 7078
5173 249
2039 7783
8445 2678
5725 3733
3209 3640
2207 8879
6105 8479
9502 5720
1356 9790
1493 4413
1115 7203
7404 8526
2753 5684
5416 5860
