0.013908 0.005681
0.024917 0.004201
0.009690 0.006644
0.025936 0.151862
0.022525 0.083791
0.127198 0.063504
0.014205 0.107627
0.073386 0.010078
0.085874 0.009110
0.049074 0.012560
0.029214 0.006421
0.009264 0.006318
0.029848 0.004381
0.034375 0.012318
0.010980 0.004743
0.027114 0.004685
0.040563 0.006885
0.148765 0.012298
0.015519 0.108714
0.120726 0.019489
0.049979 0.010196
0.032458 0.009981
0.103014 0.034772
0.020363 0.059603
0.082768 0.010118
0.064626 0.005435
0.012364 0.005952
0.085651 0.105028
0.011778 0.050273
0.120442 0.020636
0.035521 0.012733
0.020967 0.009243
0.034494 0.073494
0.019878 0.006091
0.020174 0.009339
0.034774 0.007624
0.033686 0.007641
0.135121 0.093815
0.065184 0.007653
0.182062 0.010234
0.071298 0.010073
0.028297 0.004438
0.154363 0.020413
0.064832 0.009658
0.095336 0.096555
0.013166 0.006195
0.066275 0.005031
0.189824 0.009173
0.076860 0.012557
0.033826 0.008810
0.024096 0.009748
0.091074 0.006947
0.082210 0.007654
0.033908 0.005409
0.038377 0.005462
0.023185 0.068873
0.183332 0.119770
0.060813 0.064243
0.039323 0.007625
0.032542 0.009649
0.061497 0.009978
0.103436 0.005991
0.092012 0.007472
0.052825 0.009895
0.069134 0.024900
0.081955 0.038026
0.011313 0.005430
0.046513 0.005762
0.060504 0.120209
0.095499 0.008433
0.167585 0.017938
0.061764 0.009655
0.056065 0.032043
0.061483 0.036471
0.100791 0.006441
0.012121 0.138084
0.022730 0.007260
0.011426 0.004608
0.010113 0.030606
0.021253 0.009872
0.065725 0.009803
0.035098 0.052726
0.137743 0.055133
0.117948 0.025688
0.012458 0.006658
0.031110 0.042445
0.214100 0.019478
0.023927 0.074573
0.008382 0.056035
0.035942 0.009224
0.041562 0.009397
0.068833 0.009884
0.186456 0.011807
0.215292 0.010085
0.012859 0.004968
0.041062 0.005167
0.011234 0.005430
0.076820 0.027866
0.018478 0.046221
0.071438 0.008927
