0.018323 0.006767
0.021700 0.005047
0.011025 0.027469
0.010419 0.005786
0.032577 0.006265
0.091289 0.011738
0.077456 0.019151
0.058100 0.074923
0.114162 0.073742
0.033271 0.005056
0.010422 0.017495
0.142849 0.028964
0.027213 0.010055
0.021729 0.009330
0.052431 0.008306
0.065671 0.009718
0.070344 0.010145
0.120561 0.033898
0.038242 0.009493
0.028189 0.003920
0.008610 0.003847
0.033462 0.004084
0.008609 0.149593
0.012154 0.006282
0.095146 0.007272
0.039164 0.009522
0.074712 0.006215
0.187425 0.028091
0.027965 0.013710
0.033569 0.006604
0.043616 0.008947
0.022415 0.005810
0.009145 0.209570
0.012856 0.005380
0.161830 0.071431
0.021811 0.086241
0.086657 0.009845
0.021450 0.004485
0.009066 0.015760
0.009018 0.004087
0.011781 0.029356
0.067787 0.012178
0.108134 0.025957
0.170033 0.149281
0.030627 0.009438
0.036553 0.005935
0.021122 0.004900
0.012862 0.166375
0.100090 0.072065
0.024311 0.026769
0.020205 0.031671
0.015212 0.006627
0.137555 0.041387
0.076911 0.012853
0.058062 0.080727
0.283717 0.035803
0.023643 0.065696
0.106288 0.005137
0.032455 0.080710
0.178499 0.038708
0.058533 0.009190
0.013210 0.062153
0.039088 0.014503
0.020325 0.083304
0.074690 0.101110
0.016279 0.042087
0.027488 0.008296
0.180071 0.011745
0.031363 0.007379
0.062526 0.059619
0.186346 0.035879
0.092076 0.008853
0.038206 0.009774
0.071432 0.009269
0.041487 0.005869
0.065702 0.008574
0.096582 0.198132
0.053256 0.028029
0.069180 0.009847
0.027801 0.005278
0.063289 0.008788
0.062241 0.010112
0.037043 0.008118
0.043702 0.009322
0.076469 0.009252
0.035632 0.009585
0.028084 0.004471
0.068530 0.007053
0.040086 0.006818
0.010445 0.026678
0.163376 0.038141
0.042930 0.013537
0.047304 0.009088
0.098552 0.021762
0.030479 0.007527
0.022834 0.021599
0.080828 0.009246
0.077557 0.007991
0.086782 0.082944
0.091190 0.009993
