0.002327 0.000968
0.002187 0.001027
0.002301 0.001019
0.001759 0.000748
0.001113 0.000546
0.001102 0.000471
0.001080 0.000540
0.001068 0.000640
0.001534 0.000766
0.001148 0.000531
0.001008 0.000426
0.000845 0.000428
0.000888 0.000376
0.000798 0.000378
0.000846 0.000326
0.000790 0.000333
0.002098 0.000840
0.002161 0.000949
0.001910 0.000923
0.003919 0.001910
0.002543 0.001024
0.003929 0.001688
0.003479 0.001605
0.002341 0.001025
0.002412 0.001004
0.002288 0.001120
0.058598 0.001695
0.002217 0.000802
0.004702 0.002009
0.004025 0.002004
0.003980 0.001706
0.004514 0.001930
0.002362 0.001102
0.001918 0.000990
0.002021 0.000976
0.002438 0.000777
0.004437 0.001804
0.073275 0.001859
0.068984 0.001739
0.004507 0.001840
0.004551 0.002411
0.005030 0.001946
0.005176 0.001857
0.004057 0.001780
0.003753 0.002781
0.003937 0.002071
0.004569 0.001682
0.037710 0.001787
0.004304 0.001660
0.002327 0.000921
0.030647 0.001210
0.001853 0.000837
0.001900 0.000656
0.001017 0.000452
0.004272 0.001604
0.037438 0.000875
0.001861 0.000916
0.002000 0.000969
0.002029 0.000863
0.030735 0.000867
0.001868 0.000930
0.001704 0.000839
0.001269 0.000507
0.001296 0.000558
0.001136 0.000571
0.001251 0.000506
0.001174 0.000524
0.001194 0.000508
0.001338 0.000575
0.001130 0.000513
0.000990 0.000422
0.001849 0.000921
0.001828 0.000820
0.002204 0.000890
0.003757 0.001563
0.001820 0.000768
0.003515 0.001672
0.003528 0.001703
0.003438 0.001588
0.002498 0.000949
0.002196 0.001023
0.002423 0.001096
0.002553 0.001004
0.007618 0.001045
0.002234 0.000964
0.002340 0.001269
0.001626 0.000808
0.001309 0.000691
0.001323 0.000642
0.001576 0.000650
0.001347 0.000633
0.001451 0.000630
0.001430 0.000559
0.001449 0.000563
0.001308 0.000630
0.001881 0.000871
0.001839 0.000935
0.002198 0.000920
0.003894 0.001983
0.004285 0.001706
