0.001853 0.000852
0.003269 0.000840
0.001889 0.001178
0.002740 0.001114
0.001351 0.000544
0.001187 0.000509
0.066528 0.001764
0.003668 0.001546
0.059367 0.001989
0.003486 0.001588
0.001953 0.000902
0.001870 0.000833
0.001416 0.000733
0.001585 0.000708
0.001008 0.000449
0.000846 0.000397
0.001859 0.000902
0.002206 0.000851
0.003763 0.001456
0.001857 0.000803
0.001264 0.000591
0.001647 0.000725
0.001199 0.000511
0.001000 0.000463
0.000928 0.000435
0.001983 0.000851
0.002067 0.000886
0.001880 0.000700
0.000988 0.000497
0.001037 0.000431
0.000935 0.000434
0.001095 0.000600
0.001089 0.000544
0.001010 0.000433
0.001032 0.000437
0.001031 0.000488
0.001963 0.000914
0.001996 0.000858
0.001552 0.000710
0.001948 0.000905
0.002361 0.000861
0.002243 0.000799
0.001086 0.000454
0.000984 0.000437
0.001061 0.000480
0.061847 0.004024
0.074858 0.001921
0.004657 0.001419
0.001280 0.000561
0.000960 0.000612
0.000864 0.034992
0.002081 0.000831
0.001877 0.000609
0.058111 0.000597
0.000777 0.000337
0.000732 0.000420
0.000776 0.000343
0.000808 0.000367
0.000816 0.000337
0.000790 0.000399
0.001024 0.000568
0.040779 0.000823
0.002025 0.001203
0.002244 0.001091
0.001257 0.000483
0.001047 0.000375
0.000875 0.000461
0.000860 0.000374
0.000772 0.000385
0.001860 0.000942
0.002015 0.000872
0.001680 0.000698
0.001296 0.000538
0.001137 0.000806
0.001878 0.000640
0.001559 0.000787
0.001243 0.000509
0.001211 0.000440
0.002043 0.000877
0.002036 0.000865
0.001406 0.000675
0.000974 0.000508
0.000944 0.000833
0.000958 0.000635
0.000969 0.017366
0.001367 0.000527
0.001144 0.000521
0.001029 0.000494
0.001581 0.000743
0.001085 0.000464
0.001046 0.000433
0.001799 0.000609
0.001621 0.000449
0.069866 0.000829
0.001886 0.000798
0.002415 0.000840
0.001485 0.000692
0.001900 0.001397
0.001904 0.000889
0.002909 0.000838
