1000 2
2936 4968
5454 6583
645 2680
8376 5394
367 8896
540 1985
6396 8126
7917 4227
4890 5607
6569 479
4004 7074
9949 9990
9536 4785
9006 3107
992 105
1210 3929
5073 6664
512 5719
9345 8889
1114 9712
7785 1654
1697 4182
9781 9615
8409 4671
5222 4979
5151 9227
2053 5100
9217 1590
9885 8223
4698 878
8329 5908
4808 3402
2573 5320
9122 1918
4209 236
1631 1995
1891 3328
6177 1672
2944 4587
6344 8166
9567 1495
7394 1621
6596 6611
3211 6482
4835 7909
7361 3164
3818 2169
6567 6391
7489 5689
8310 1699
5926 9941
3695 7817
3270 9873
9490 6214
4461 5834
4381 4029
7330 1775
5650 3927
8386 8862
410 3222
6771 7771
6386 590
9940 2953
6981 7430
8643 5292
9130 4569
5233 2826
2387 8503
2699 1877
4718 7161
7712 9100
1190 5043
875 6840
8971 9262
5702 9381
2484 2474
7152 8870
3065 7093
1824 47
4523 467
5339 3654
5036 572
6480 7424
9076 9180
9302 3795
6341 7015
2895 7531
2058 3771
4372 1029
3033 75
410 5518
2550 7563
4389 5615
4656 6213
5662 9180
6681 1001
2835 1718
1573 9315
9142 650
8495 8445
4445 4837
5460 7340
2369 7518
1111 6742
8548 4145
6817 8959
9664 9367
6522 4054
4982 1179
268 645
360 6949
1646 3195
8667 3220
2511 7810
3870 1006
6255 8316
5844 1715
5657 8214
9234 6769
4956 7783
914 1774
6742 579
1141 3265
4634 6124
4445 4902
6769 4805
1852 8416
8001 519
1636 512
8330 5507
1519 4585
3823 7363
6301 9480
5578 5536
6249 534
3319 7164
2308 61
7744 3450
3326 2378
9575 7772
7280 6345
2577 9132
4761 578
9652 6398
1091 7983
1906 2610
2569 5729
9974 8870
5210 5552
4406 1460
6086 7726
8624 8395
7787 6368
1846 1114
8747 1421
8886 6027
7767 1464
5160 2528
2043 4813
8927 3134
2797 833
5744 5366
6563 5718
4237 1773
1270 8644
3233 7357
6370 1858
5752 4157
8227 7598
5272 6974
9020 4158
3002 6787
5623 8163
9316 7666
2977 8244
801 5774
9077 6546
1140 5641
2264 5377
7414 3535
4021 648
893 392
2507 6645
4549 735
4244 9821
7709 3265
3980 712
52 9604
8876 9369
7271 1853
7613 8072
7627 6690
4618 8767
2331 6883
4145 9746
419 8167
395 1312
8559 2903
7958 3109
3638 2202
2931 1347
5467 6912
2060 5520
6516 936
4889 3787
2789 2502
1859 417
9193 6478
9184 1525
3361 3330
1272 3781
1498 1668
5093 57
4571 3051
3166 8209
5254 6098
9557 722
3010 1617
6242 9526
2554 1132
3314 5343
3635 5174
5761 2829
1652 4946
4354 5014
8276 5627
8795 9774
7295 3888
9832 1866
6940 2998
75 2194
9097 9633
2916 2107
1250 9159
1633 3805
292 4947
9149 3927
122 4910
6756 1774
9856 1111
6789 8132
6738 5584
7907 4034
9473 7739
5900 6414
738 5976
8608 9835
5609 1525
1942 6860
685 3576
665 977
8524 9814
4905 8646
4725 1662
421 4581
2773 7210
2714 9512
2795 621
3546 2269
8361 9447
8683 9099
5423 7292
8935 1033
8817 878
7894 9503
4455 8559
480 2979
8374 5386
1626 3100
7048 2048
7681 9822
9259 395
9335 2054
1017 2881
4324 9378
2329 3007
8478 7752
299 7413
8786 9117
8292 6680
8620 2747
5240 9101
5727 3615
4487 7354
6715 1536
9402 4396
1358 8661
4792 693
716 5809
3575 5040
5187 5904
8048 3666
3657 8347
1079 2444
7465 9372
9124 6086
2119 4365
5188 7847
7981 9676
5201 4696
1212 4604
9093 2571
3266 3885
3265 3982
9695 6841
9022 4883
2745 7071
8549 6403
5418 9628
8848 2884
9001 7973
8971 1120
2338 4159
8968 319
3835 4169
5016 5048
8773 4109
7619 2039
7995 885
6022 7690
7726 5045
2573 472
2116 1122
6876 7535
751 5724
420 9752
3697 9391
873 6036
3551 9841
6355 7387
4011 1371
2435 2785
5481 55
4825 3476
940 847
1167 8667
5893 3741
9139 8009
4863 6015
5545 5615
1740 5965
5368 5437
5356 6242
1473 8907
6084 7829
6294 95
9201 8730
2881 4682
8786 7706
8159 9727
8554 9327
8394 4447
3068 7534
2457 7932
3549 8002
3548 5289
3967 8916
727 9324
5158 2201
8232 1242
30 4527
1338 9231
3258 4219
3914 2044
1926 2074
1771 480
1401 166
4928 4469
7700 7385
2402 1249
5388 5950
6539 9356
4866 7267
8680 25
9468 6913
1268 9498
1441 2607
8730 4699
6826 2644
6744 8753
4718 8515
9233 6120
8681 4161
590 6381
1547 2992
7631 6935
8942 4171
6291 3809
1438 4972
3835 907
1886 5104
406 3327
7711 9136
8027 4538
1781 4771
3291 6500
3286 2525
2620 1968
6686 3210
8350 8233
6202 5981
5169 5145
153 1460
8955 1592
6433 2790
2499 8319
7894 2906
1646 5606
2043 9673
145 3824
4444 3436
325 7731
5962 2945
9700 2648
6156 8050
882 2359
4032 6052
7505 4185
7512 6460
5778 3946
9250 8278
2265 7145
1184 3912
2752 3227
3586 2897
7052 8030
6334 7377
5762 2296
323 5462
4945 6479
3512 5827
8839 7544
1879 6344
1730 9392
2804 7509
3338 2055
5787 5604
9200 6971
9516 1953
199 3102
4850 7251
1133 1184
4629 6895
3481 4952
2358 8426
1432 5871
4254 271
3416 6134
6615 5146
5526 9419
2655 8865
1475 8443
4469 676
5415 3986
2629 5614
7089 7479
2866 8222
8664 7495
5118 2145
2447 7476
571 3880
3347 4825
4151 6763
960 766
1910 6486
186 4566
5352 1661
3009 9822
2337 8424
3808 4966
4039 897
2446 6905
9120 1111
4400 4238
3256 6848
1715 3828
728 5062
8654 4880
1826 9614
5646 3737
6101 5833
8303 1453
7495 1313
1276 9832
9738 5085
4799 3777
5983 7246
682 5103
8357 5083
9342 1613
1932 1057
5442 2661
6120 4096
7541 7946
3710 3188
1684 9812
9021 9987
1265 6516
1301 2542
6349 1039
7627 1149
4816 3610
8395 5499
8714 6752
582 8056
8366 2515
9113 3809
5176 5233
7905 2717
3180 1616
5905 4864
1428 4927
4852 2694
1444 6154
5236 7794
7193 2864
8943 2010
6474 7338
7509 5188
4091 8092
3244 2458
607 2358
6267 5783
7592 4173
8501 773
5789 4407
5637 7218
9335 490
9913 779
6645 5150
8573 3838
8014 7516
5849 4489
4855 3358
9677 8947
1451 2922
1405 2058
5281 7673
7842 2873
1846 6343
3646 7636
751 9284
4855 86
9775 4769
865 6420
9919 9439
259 7934
6955 6108
2423 1811
9467 2100
759 918
5023 2165
2976 304
9838 819
3178 1685
7162 6824
9322 7914
6108 4178
8000 5884
8947 8865
2304 8867
8305 2563
6801 5261
8671 9224
7072 8138
1325 7831
9057 6349
9996 2033
6653 9835
2853 9831
1520 15
6656 843
7930 2765
5021 5930
8649 3969
4796 953
2836 3101
3517 9637
8362 2189
8862 5435
327 187
3266 9385
6536 3263
1419 3190
3098 4272
3022 4619
4288 9678
5463 2218
2444 484
8148 1093
4453 2944
2047 7290
6046 5564
6927 4408
7753 5789
9843 8081
5977 3110
7466 2514
6374 8886
5705 9473
3158 8727
4092 7446
8406 9555
9664 850
40 7813
1944 4494
757 3992
1784 6804
9557 8712
1212 7310
4502 1056
5392 479
4167 2859
2994 541
1745 8699
14 4904
7427 4107
2350 5833
3663 2014
6684 3704
9827 8629
8198 585
2621 9982
7390 2178
8695 8603
9489 3197
9659 4882
3676 3827
7741 6671
4369 9487
5370 4383
4391 2797
8491 6742
8631 2154
8756 5315
5858 8584
3945 4057
9170 6567
4040 6560
8745 2735
5163 8235
5932 4823
3117 9609
8651 859
6280 3020
347 1650
7404 4738
4448 5895
1480 3079
8050 237
8395 3909
8822 2340
7966 7993
8908 2007
4554 7653
4742 9718
5889 675
4541 9006
284 3192
9866 6564
6213 213
8215 3617
4952 2663
9512 6433
5743 7563
6671 4139
1472 5494
6479 9439
3487 5387
1446 8041
3041 6189
7759 8930
6864 2301
7937 7149
5494 7804
3714 1707
8017 1929
5325 2970
4593 4837
9403 337
2401 6074
4476 3873
1568 956
3313 5056
6344 4760
3098 9385
949 858
8316 7814
3160 6254
4963 8654
4058 8677
362 2076
607 5687
5046 5200
525 4450
5537 2926
525 13
6800 2094
969 114
7150 7313
4874 249
6699 5824
1107 5016
3638 4268
1271 8601
2922 5330
7279 3285
7406 7886
8972 2453
3087 9497
6904 8625
2424 7429
8638 9225
9523 9608
9339 6674
6922 4213
6924 3622
37 8032
8639 3676
2300 9910
2278 5222
5240 9557
8507 2647
7444 7480
5101 531
6978 2005
9156 9403
9434 7795
8628 8958
7404 7967
5633 4327
2181 2557
7949 2219
589 6588
5895 2889
6499 8174
8112 1739
7732 6620
4387 5176
4100 9488
5708 1079
1493 4865
482 928
2660 9110
9886 65
7078 5519
4392 9259
8076 2341
1479 8666
8930 7374
1555 5429
5549 9667
7169 3281
6287 1556
8458 388
1044 4166
1467 2538
9031 1949
3466 1692
1060 3352
1758 8138
8872 6150
7397 6949
8492 8876
5615 7422
6251 7171
2852 1801
6838 21
5082 3126
1577 3541
3515 2622
7707 4982
5160 6739
6932 8627
8432 7992
1980 190
6130 852
6340 3528
7802 4832
2405 3418
2255 8657
589 5107
458 7428
5128 5541
554 6706
9082 4069
9329 6790
9052 4490
3530 5984
3117 1962
3977 5097
2153 107
5950 8494
3636 3752
3327 6042
7170 5582
4699 7759
690 5158
5187 5819
699 5742
2525 9782
9812 1855
6573 8864
6345 103
4848 9462
2066 8826
4560 4219
8934 510
2713 2570
4262 6041
8612 1433
1623 3312
9192 2314
8470 4380
8133 9170
122 659
8953 9934
2514 5526
8799 8859
5629 3648
8322 7695
2474 2882
1915 1408
3393 4629
3979 7656
670 2591
9089 2293
5904 8282
4608 4375
2662 2741
3546 2785
3400 2499
2720 5915
8026 1519
4775 3655
5168 3097
1351 7642
5980 3266
9050 9374
7895 3029
7030 8566
5621 6119
859 1526
4401 5467
5901 7064
8209 9447
9850 1609
1947 2570
7525 9973
4090 2300
3629 9258
5398 4980
6901 1379
8247 5952
753 6143
8982 7783
4709 4604
3902 5569
6130 8304
1037 2032
5368 9247
1480 5218
857 3427
7789 8382
3400 1879
682 7030
1138 6081
2011 8040
7460 259
3992 8213
6403 2974
5997 1113
7578 9899
6682 3709
8204 7720
5741 3572
6967 7221
8791 7824
648 6580
6206 4049
8460 6889
1080 9599
2970 3091
7639 431
3350 1632
8644 9753
4606 4641
866 2185
4541 7549
5894 2745
5270 1636
6318 2237
8857 5110
62 9506
1690 6269
3556 151
3158 4636
9750 6129
7728 7390
6560 1078
9022 5205
832 3629
9847 1699
5815 4389
9249 1709
7135 4519
3346 3453
6757 2203
8563 6819
1710 254
3088 5267
406 6247
9903 157
2377 7632
7547 8938
8711 6570
4144 9543
199 3991
1243 6014
8381 492
7724 5516
5011 1070
8970 1769
3274 7534
8588 4984
7788 1677
252 8195
7925 155
8352 303
7788 5899
9241 6499
2470 3386
6043 2669
7377 7286
8684 5759
7779 6409
1275 2791
7480 246
4560 754
7780 3149
5739 5569
4826 5991
3764 2752
6147 2116
3055 3936
8016 2297
435 486
5683 6478
3156 3061
3765 1840
8820 1544
8250 96
4336 5730
342 8896
6485 8123
2046 2225
3692 6872
8217 7456
9625 4365
9573 2681
8301 7589
4979 8737
8075 662
5215 1231
3724 8981
3072 2545
526 1323
2642 4862
7054 2985
3759 3539
1108 5805
5765 4800
2678 3983
2257 2303
8348 1830
4985 6650
9420 9964
5387 7495
626 603
8727 4351
9584 1800
6897 110
3123 9539
4973 177
2524 8732
3717 3632
4537 9483
8433 7215
3466 691
9519 1815
2522 4504
8465 1942
4468 3852
9438 5095
4456 8165
9447 4040
9965 6344
4151 3089
5883 9124
3266 8408
