1000 2
5188 7847
4816 3610
2866 8222
8386 8862
9652 6398
7726 5045
9447 4040
1438 4972
4792 693
7150 7313
2720 5915
8000 5884
5215 1231
6344 4760
3393 4629
8554 9327
1472 5494
2329 3007
9234 6769
4244 9821
2853 9831
6897 110
5460 7340
259 7934
40 7813
2264 5377
7842 2873
3041 6189
3638 4268
7949 2219
8433 7215
5272 6974
6981 7430
682 5103
9695 6841
1846 6343
5169 5145
8667 3220
3033 75
5983 7246
8001 519
3724 8981
8848 2884
2331 6883
4288 9678
1715 3828
6374 8886
75 2194
751 9284
6130 8304
7592 4173
2338 4159
2470 3386
4209 236
4560 754
1697 4182
8711 6570
8276 5627
6924 3622
7162 6824
3274 7534
5727 3615
7512 6460
2423 1811
6156 8050
3515 2622
914 1774
9192 2314
8458 388
9335 490
8292 6680
7907 4034
2447 7476
327 187
526 1323
5011 1070
268 645
4262 6041
1419 3190
1568 956
2713 2570
6522 4054
8159 9727
2474 2882
3914 2044
3466 1692
6789 8132
2066 8826
410 3222
6864 2301
3350 1632
9965 6344
7271 1853
8683 9099
5650 3927
1740 5965
3314 5343
8465 1942
3967 8916
1108 5805
6596 6611
8329 5908
1852 8416
727 9324
759 918
7700 7385
5073 6664
1784 6804
4445 4902
1017 2881
4554 7653
873 6036
1270 8644
5904 8282
3980 712
2153 107
8971 1120
7193 2864
5187 5904
3979 7656
9342 1613
4167 2859
395 1312
1432 5871
757 3992
8395 3909
8075 662
3156 3061
5815 4389
3266 3885
5883 9124
3823 7363
3361 3330
7995 885
2642 4862
2358 8426
2446 6905
6563 5718
9949 9990
4011 1371
9557 8712
3098 9385
6349 1039
4090 2300
7937 7149
5858 8584
9832 1866
3676 3827
8695 8603
5905 4864
6560 1078
8643 5292
8026 1519
8631 2154
2278 5222
8148 1093
8908 2007
4826 5991
4040 6560
5849 4489
6800 2094
6267 5783
6108 4178
3512 5827
8747 1421
9575 7772
5662 9180
8491 6742
525 13
9201 8730
5368 9247
5036 572
589 5107
2944 4587
7480 246
8330 5507
1577 3541
8714 6752
5233 2826
4336 5730
7728 7390
4369 9487
7779 6409
1633 3805
1140 5641
5021 5930
6567 6391
645 2680
8817 878
9750 6129
7404 7967
4401 5467
2789 2502
665 977
5894 2745
8872 6150
7767 1464
8381 492
6744 8753
7135 4519
4324 9378
582 8056
3977 5097
5016 5048
5578 5536
4982 1179
699 5742
9827 8629
4850 7251
3466 691
7078 5519
3291 6500
6817 8959
1358 8661
7427 4107
4945 6479
122 659
9249 1709
7724 5516
8588 4984
3286 2525
4808 3402
8376 5394
6645 5150
3717 3632
5423 7292
4742 9718
6202 5981
6386 590
1276 9832
8559 2903
420 9752
9052 4490
5752 4157
6396 8126
8927 3134
4092 7446
3160 6254
5743 7563
9057 6349
9170 6567
5844 1715
62 9506
4718 8515
6671 4139
8076 2341
1428 4927
5646 3737
7627 6690
6536 3263
8820 1544
3256 6848
9402 4396
9089 2293
2377 7632
8215 3617
8492 8876
7780 3149
6978 2005
1824 47
1401 166
4698 878
3270 9873
9233 6120
8786 7706
7509 5188
2976 304
3657 8347
8608 9835
4985 6650
4456 8165
9120 1111
1636 512
1555 5429
9420 9964
1114 9712
1212 4604
5352 1661
2514 5526
7788 5899
8649 3969
3327 6042
5210 5552
1730 9392
4656 6213
6686 3210
8507 2647
122 4910
1891 3328
8470 4380
7169 3281
3549 8002
323 5462
4952 2663
8955 1592
5387 7495
6251 7171
8639 3676
5789 4407
299 7413
5093 57
8971 9262
6826 2644
6656 843
2994 541
5281 7673
9339 6674
8322 7695
7958 3109
2047 7290
2629 5614
9885 8223
8352 303
5765 4800
8982 7783
2116 1122
7444 7480
3158 4636
4560 4219
8301 7589
199 3991
8930 7374
2836 3101
6922 4213
4389 5615
6499 8174
4372 1029
3002 6787
3319 7164
2881 4682
5046 5200
5702 9381
4254 271
7785 1654
4523 467
5545 5615
2931 1347
9403 337
8217 7456
3902 5569
6370 1858
5895 2889
3400 1879
7330 1775
8227 7598
2525 9782
2922 5330
6479 9439
2337 8424
7394 1621
1441 2607
7930 2765
4476 3873
9335 2054
5708 1079
3945 4057
1626 3100
2660 9110
7709 3265
9856 1111
1250 9159
8876 9369
7707 4982
2522 4504
6213 213
5778 3946
8681 4161
7054 2985
716 5809
5442 2661
3055 3936
5623 8163
8644 9753
4502 1056
2484 2474
3759 3539
6345 103
9659 4882
292 4947
8573 3838
6715 1536
2265 7145
8730 4699
4541 7549
4928 4469
9781 9615
6291 3809
2255 8657
435 486
2457 7932
3835 907
9113 3809
3313 5056
6838 21
4537 9483
7894 2906
4699 7759
7404 4738
3338 2055
1271 8601
8460 6889
9490 6214
6932 8627
9200 6971
2424 7429
5101 531
7753 5789
5950 8494
9512 6433
4634 6124
8970 1769
2060 5520
4354 5014
607 2358
7295 3888
342 8896
9082 4069
9886 65
2300 9910
2573 5320
3009 9822
406 3327
3695 7817
1451 2922
1944 4494
8027 4538
7732 6620
2569 5729
2507 6645
7377 7286
2387 8503
8886 6027
8671 9224
5526 9419
960 766
458 7428
6043 2669
8628 8958
2795 621
6904 8625
7465 9372
480 2979
14 4904
590 6381
8495 8445
9700 2648
30 4527
4863 6015
589 6588
2699 1877
9149 3927
2621 9982
4629 6895
3714 1707
6341 7015
4381 4029
2835 1718
1942 6860
8935 1033
866 2185
865 6420
2046 2225
9322 7914
252 8195
5467 6912
1631 1995
3258 4219
7048 2048
1190 5043
5481 55
1338 9231
3764 2752
1480 3079
3635 5174
5609 1525
3546 2269
4905 8646
6120 4096
7894 9503
8727 4351
5023 2165
9573 2681
5368 5437
9022 5205
9523 9608
9838 819
8394 4447
4237 1773
2852 1801
2573 472
3692 6872
3992 8213
4151 3089
8822 2340
3072 2545
5398 4980
8857 5110
5240 9101
8651 859
1932 1057
2577 9132
8664 7495
7925 155
4571 3051
2499 8319
6287 1556
6046 5564
1079 2444
6681 1001
607 5687
5537 2926
4021 648
8680 25
2058 3771
6539 9356
3548 5289
7711 9136
5163 8235
7905 2717
571 3880
9567 1495
9021 9987
3123 9539
6334 7377
3575 5040
8048 3666
5633 4327
6615 5146
9001 7973
2662 2741
4866 7267
3266 8408
8942 4171
8773 4109
7744 3450
5254 6098
5980 3266
1044 4166
6480 7424
4799 3777
1690 6269
3636 3752
1980 190
875 6840
3117 1962
3586 2897
6318 2237
1351 7642
8361 9447
1684 9812
9536 4785
801 5774
1111 6742
8684 5759
9139 8009
5151 9227
9940 2953
9302 3795
8972 2453
8549 6403
6769 4805
5615 7422
5463 2218
3697 9391
3347 4825
3178 1685
7279 3285
2970 3091
482 928
199 3102
5977 3110
8362 2189
9489 3197
9584 1800
8654 4880
1781 4771
2304 8867
4963 8654
3088 5267
7089 7479
1243 6014
8198 585
360 6949
9438 5095
8795 9774
3010 1617
5787 5604
9996 2033
4725 1662
6101 5833
1268 9498
2350 5833
7525 9973
9919 9439
6255 8316
3265 3982
9625 4365
6516 936
5236 7794
8247 5952
1037 2032
832 3629
4455 8559
8862 5435
3158 8727
1167 8667
5901 7064
52 9604
8050 237
5118 2145
512 5719
5370 4383
4796 953
8745 2735
1133 1184
2745 7071
1915 1408
2405 3418
153 1460
3416 6134
2119 4365
2011 8040
6757 2203
6801 5261
738 5976
5158 2201
9020 4158
7460 259
7030 8566
4100 9488
1091 7983
7466 2514
9775 4769
5415 3986
7547 8938
9076 9180
8133 9170
8947 8865
8204 7720
8612 1433
9142 650
1493 4865
3551 9841
1444 6154
9664 850
1859 417
6433 2790
670 2591
2977 8244
4448 5895
8432 7992
367 8896
3629 9258
1758 8138
8943 2010
5741 3572
8357 5083
5889 675
4039 897
6771 7771
9467 2100
8756 5315
9184 1525
857 3427
6301 9480
992 105
2916 2107
9913 779
4890 5607
7541 7946
8620 2747
1405 2058
4973 177
1926 2074
5160 6739
8524 9814
5705 9473
4400 4238
2655 8865
8232 1242
2257 2303
4852 2694
1446 8041
1519 4585
3087 9497
3546 2785
4593 4837
8112 1739
6653 9835
2511 7810
9850 1609
3487 5387
37 8032
7895 3029
4608 4375
1947 2570
8017 1929
9903 157
2554 1132
8968 319
8305 2563
9738 5085
1906 2610
6084 7829
2550 7563
969 114
9022 4883
4618 8767
5388 5950
3530 5984
419 8167
1138 6081
4956 7783
325 7731
3065 7093
8953 9934
9156 9403
1826 9614
1184 3912
9434 7795
2435 2785
2895 7531
3117 9609
145 3824
6738 5584
6022 7690
8791 7824
2524 8732
9329 6790
540 1985
4709 4604
9345 8889
5176 5233
9974 8870
5621 6119
5160 2528
284 3192
6485 8123
4032 6052
1498 1668
682 7030
7917 4227
3808 4966
690 5158
940 847
4058 8677
6355 7387
2308 61
4468 3852
2401 6074
9664 9367
9468 6913
9847 1699
9031 1949
8014 7516
9241 6499
3556 151
525 4450
4387 5176
7802 4832
4391 2797
5325 2970
421 4581
2936 4968
4406 1460
1272 3781
8478 7752
362 2076
9124 6086
1107 5016
7627 1149
4445 4837
1520 15
9516 1953
5222 4979
4392 9259
2620 1968
5187 5819
3663 2014
6684 3704
4453 2944
1886 5104
6294 95
186 4566
5549 9667
5997 1113
6940 2998
4487 7354
7681 9822
6147 2116
7390 2178
6573 8864
8303 1453
7406 7886
2804 7509
8350 8233
9193 6478
1480 5218
7712 9100
2714 9512
685 3576
5356 6242
5082 3126
8016 2297
4775 3655
6344 8166
6927 4408
2752 3227
8209 9447
2181 2557
8563 6819
7052 8030
728 5062
554 6706
4144 9543
1623 3312
9077 6546
882 2359
949 858
1275 2791
1265 6516
7578 9899
4145 9746
8409 4671
753 6143
6682 3709
5454 6583
8406 9555
4541 9006
6742 579
7414 3535
4855 3358
7613 8072
7759 8930
7789 8382
8348 1830
1910 6486
1325 7831
8310 1699
6249 534
8374 5386
9259 395
6901 1379
6403 2974
1301 2542
8366 2515
9006 3107
4874 249
5739 5569
6876 7535
347 1650
2043 9673
3098 4272
5168 3097
3765 1840
8934 510
2773 7210
3710 3188
5339 3654
2797 833
406 6247
1475 8443
9677 8947
7787 6368
6177 1672
5637 7218
5926 9941
1771 480
8548 4145
7788 1677
7280 6345
9866 6564
2053 5100
5744 5366
1212 7310
4979 8737
3233 7357
6474 7338
9217 1590
9843 8081
4835 7909
7639 431
6086 7726
9130 4569
1646 3195
4549 735
7631 6935
9122 1918
410 5518
2402 1249
8250 96
3818 2169
7619 2039
626 603
1846 1114
3244 2458
751 5724
6280 3020
8395 5499
4848 9462
9557 722
3835 4169
3346 3453
4091 8092
4444 3436
4606 4641
1710 254
4889 3787
3166 8209
7495 1313
1879 6344
4761 578
3481 4952
9812 1855
5270 1636
4461 5834
7170 5582
7397 6949
8501 773
8638 9225
1473 8907
4004 7074
3068 7534
5418 9628
5762 2296
3211 6482
3326 2378
5893 3741
7361 3164
3022 4619
8316 7814
8799 8859
7072 8138
6955 6108
7966 7993
1573 9315
3646 7636
9316 7666
6967 7221
3400 2499
8624 8395
5932 4823
5240 9557
6130 852
7741 6671
4855 86
1479 8666
5962 2945
1652 4946
3870 1006
3517 9637
9519 1815
3638 2202
7981 9676
9250 8278
7489 5689
2043 4813
1646 5606
2678 3983
1060 3352
5657 8214
6340 3528
1547 2992
4151 6763
8839 7544
4469 676
4718 7161
6206 4049
9473 7739
6242 9526
8786 9117
1141 3265
5900 6414
6756 1774
1080 9599
6699 5824
2444 484
4825 3476
7505 4185
5392 479
7152 8870
859 1526
5494 7804
5128 5541
5683 6478
6569 479
1745 8699
3266 9385
3180 1616
5761 2829
5629 3648
893 392
2369 7518
5201 4696
1210 3929
648 6580
1467 2538
9093 2571
9050 9374
9097 9633
