1000 2
7406 7886
5662 9180
5526 9419
4699 7759
2620 1968
6826 2644
4571 3051
6656 843
7152 8870
3676 3827
4761 578
40 7813
7377 7286
859 1526
8276 5627
8507 2647
670 2591
1568 956
2720 5915
2577 9132
7525 9973
1472 5494
5901 7064
7330 1775
969 114
2970 3091
4825 3476
6927 4408
682 5103
6699 5824
5036 572
5900 6414
480 2979
3638 2202
875 6840
8014 7516
1017 2881
4021 648
7981 9676
9843 8081
2300 9910
3313 5056
342 8896
1547 2992
8209 9447
2444 484
4244 9821
1932 1057
9567 1495
6653 9835
4456 8165
992 105
8681 4161
2255 8657
8654 4880
9335 490
4796 953
3266 8408
284 3192
8927 3134
8786 7706
5657 8214
9170 6567
3517 9637
5702 9381
8310 1699
8348 1830
8395 5499
7613 8072
9403 337
9512 6433
6686 3210
4453 2944
9021 9987
3646 7636
6206 4049
2752 3227
3338 2055
8934 510
4541 7549
2836 3101
7917 4227
9885 8223
9302 3795
5762 2296
395 1312
4461 5834
4618 8767
8227 7598
1740 5965
2835 1718
2278 5222
8651 859
9781 9615
3065 7093
8000 5884
3123 9539
9234 6769
751 9284
4448 5895
7726 5045
7958 3109
9052 4490
4808 3402
2866 8222
5844 1715
2058 3771
9832 1866
4523 467
8624 8395
4324 9378
8491 6742
7361 3164
1212 7310
9664 850
7894 2906
7712 9100
6864 2301
7627 1149
5977 3110
3466 1692
186 4566
4848 9462
9467 2100
5744 5366
940 847
4963 8654
6294 95
3266 3885
1438 4972
3286 2525
3400 2499
6978 2005
3166 8209
4799 3777
5187 5904
458 7428
9124 6086
8955 1592
3823 7363
4389 5615
4725 1662
5168 3097
5356 6242
9575 7772
9217 1590
4445 4902
8817 878
6756 1774
8876 9369
4656 6213
8862 5435
8458 388
7578 9899
1141 3265
8322 7695
4455 8559
1784 6804
7280 6345
665 977
1826 9614
6955 6108
607 5687
6967 7221
7966 7993
873 6036
3714 1707
1886 5104
1626 3100
1275 2791
2795 621
3274 7534
7681 9822
5460 7340
4406 1460
8786 9117
3695 7817
4151 6763
738 5976
5388 5950
2773 7210
9738 5085
2944 4587
2629 5614
8386 8862
6744 8753
5352 1661
5761 2829
2265 7145
857 3427
9584 1800
5210 5552
4979 8737
5789 4407
8943 2010
2377 7632
3546 2785
2936 4968
7390 2178
5650 3927
3945 4057
960 766
6156 8050
9438 5095
3765 1840
4852 2694
2524 8732
2470 3386
9573 2681
9473 7739
4151 3089
2713 2570
5708 1079
2329 3007
6355 7387
8460 6889
2304 8867
4004 7074
1111 6742
3178 1685
9250 8278
5646 3737
8683 9099
9093 2571
5073 6664
5741 3572
6897 110
7072 8138
4209 236
8329 5908
7414 3535
5233 2826
7905 2717
2043 4813
4890 5607
7030 8566
6771 7771
7995 885
3347 4825
8822 2340
9156 9403
1210 3929
8649 3969
6567 6391
4032 6052
9142 650
7741 6671
2257 2303
949 858
4372 1029
1358 8661
801 5774
8631 2154
3551 9841
5727 3615
751 5724
4090 2300
2550 7563
7271 1853
6479 9439
4262 6041
1947 2570
8330 5507
7547 8938
3350 1632
9402 4396
9006 3107
2789 2502
3481 4952
582 8056
4369 9487
9076 9180
1859 417
1633 3805
525 4450
8316 7814
2350 5833
4698 878
8857 5110
3638 4268
7135 4519
7767 1464
347 1650
9695 6841
9625 4365
7444 7480
5254 6098
8643 5292
3717 3632
5023 2165
5578 5536
8684 5759
4709 4604
8357 5083
7619 2039
9838 819
122 4910
4606 4641
8730 4699
8215 3617
5849 4489
9847 1699
4537 9483
8159 9727
4866 7267
4091 8092
6345 103
7709 3265
323 5462
6084 7829
5118 2145
6242 9526
9316 7666
3072 2545
1519 4585
4718 8515
2977 8244
2797 833
2011 8040
30 4527
5904 8282
4985 6650
7639 431
5893 3741
5787 5604
8972 2453
5398 4980
6046 5564
3530 5984
3549 8002
5621 6119
3980 712
589 6588
3692 6872
6932 8627
1133 1184
122 659
2066 8826
7949 2219
2714 9512
406 3327
7404 7967
3319 7164
8478 7752
540 1985
4982 1179
9120 1111
7295 3888
419 8167
2423 1811
5215 1231
5418 9628
2678 3983
1044 4166
6318 2237
690 5158
2525 9782
6120 4096
571 3880
9057 6349
8495 8445
4167 2859
7759 8930
3835 4169
1846 6343
3586 2897
6573 8864
9122 1918
727 9324
2922 5330
2853 9831
5281 7673
4336 5730
8795 9774
4905 8646
9329 6790
1493 4865
3327 6042
9322 7914
4092 7446
6596 6611
5545 5615
7700 7385
252 8195
7937 7149
1684 9812
3977 5097
268 645
8406 9555
7724 5516
5415 3986
4816 3610
4549 735
2401 6074
2116 1122
3697 9391
8027 4538
9490 6214
1212 4604
5932 4823
6757 2203
6940 2998
1573 9315
8549 6403
7785 1654
7592 4173
1091 7983
2514 5526
8470 4380
9200 6971
5858 8584
9965 6344
9557 8712
8198 585
362 2076
1250 9159
5623 8163
8559 2903
9050 9374
2308 61
8839 7544
1942 6860
6499 8174
3992 8213
1944 4494
6904 8625
5705 9473
9022 4883
5339 3654
6280 3020
4476 3873
325 7731
5743 7563
2642 4862
4560 754
8381 492
512 5719
8612 1433
8075 662
6838 21
8573 3838
5889 675
7707 4982
5046 5200
1631 1995
3098 4272
4469 676
759 918
1271 8601
6349 1039
8409 4671
3629 9258
2358 8426
75 2194
4011 1371
9113 3809
5739 5569
8747 1421
1555 5429
3158 4636
7780 3149
9536 4785
6789 8132
1301 2542
2931 1347
3663 2014
9516 1953
1272 3781
1690 6269
526 1323
3636 3752
9233 6120
3487 5387
2895 7531
5163 8235
9345 8889
3759 3539
5467 6912
5683 6478
1080 9599
8292 6680
6715 1536
8620 2747
7170 5582
1891 3328
3087 9497
3657 8347
3979 7656
1441 2607
3914 2044
8374 5386
8465 1942
8492 8876
7089 7479
5629 3648
2655 8865
5950 8494
7842 2873
8366 2515
327 187
7505 4185
2484 2474
3009 9822
1781 4771
1879 6344
9974 8870
2573 5320
6800 2094
9750 6129
37 8032
5370 4383
6255 8316
2405 3418
3256 6848
3117 1962
9201 8730
8745 2735
5368 5437
5997 1113
1107 5016
5101 531
2804 7509
1480 3079
648 6580
4144 9543
753 6143
2424 7429
5983 7246
2554 1132
2446 6905
7627 6690
3266 9385
4945 6479
5765 4800
367 8896
3724 8981
626 603
7907 4034
8432 7992
7802 4832
3233 7357
5962 2945
7788 1677
8644 9753
7054 2985
4381 4029
406 6247
3466 691
3710 3188
7048 2048
6267 5783
1467 2538
8301 7589
2499 8319
1184 3912
9812 1855
3022 4619
5325 2970
5778 3946
882 2359
3180 1616
4855 3358
4237 1773
4058 8677
1636 512
6801 5261
4835 7909
2181 2557
7169 3281
3548 5289
8394 4447
7728 7390
4634 6124
9342 1613
3314 5343
3041 6189
1715 3828
1190 5043
8303 1453
3160 6254
6403 2974
6742 579
2153 107
9903 157
1697 4182
6396 8126
2369 7518
4400 4238
525 13
5883 9124
1243 6014
6539 9356
3512 5827
5151 9227
435 486
8350 8233
7193 2864
1710 254
5894 2745
5980 3266
5082 3126
5160 2528
8942 4171
1351 7642
9259 395
6249 534
3117 9609
6876 7535
1846 1114
1325 7831
6516 936
6563 5718
1419 3190
8112 1739
3158 8727
3902 5569
8680 25
6681 1001
1915 1408
699 5742
3764 2752
1730 9392
554 6706
2402 1249
607 2358
9940 2953
682 7030
6901 1379
832 3629
8554 9327
360 6949
2387 8503
5905 4864
4468 3852
9335 2054
8935 1033
4445 4837
6340 3528
1771 480
7753 5789
421 4581
4288 9678
3156 3061
6370 1858
4629 6895
8352 303
3515 2622
8395 3909
3835 907
7512 6460
8232 1242
7788 5899
866 2185
3244 2458
292 4947
8076 2341
5423 7292
2331 6883
9082 4069
914 1774
8953 9934
5222 4979
3818 2169
716 5809
4593 4837
5549 9667
8247 5952
9097 9633
7078 5519
8376 5394
6344 8166
2457 7932
9827 8629
3326 2378
5615 7422
9659 4882
4554 7653
9241 6499
482 928
7779 6409
9856 1111
7397 6949
2662 2741
5169 5145
3265 3982
299 7413
5387 7495
6130 8304
4889 3787
9249 1709
9193 6478
1108 5805
3967 8916
4973 177
9089 2293
8050 237
645 2680
6769 4805
8971 9262
8628 8958
2060 5520
589 5107
1138 6081
9677 8947
4742 9718
893 392
8638 9225
7789 8382
4863 6015
2046 2225
153 1460
7465 9372
1926 2074
7509 5188
4608 4375
9001 7973
8001 519
5609 1525
6474 7338
5093 57
5011 1070
2507 6645
145 3824
9913 779
5481 55
5158 2201
9700 2648
9996 2033
2474 2882
9489 3197
1432 5871
7744 3450
6344 4760
1079 2444
7489 5689
1646 5606
4775 3655
8026 1519
3055 3936
7279 3285
1906 2610
4502 1056
6682 3709
5368 9247
4392 9259
2745 7071
2522 4504
6043 2669
3575 5040
4100 9488
6924 3622
4560 4219
5752 4157
9020 4158
2569 5729
1268 9498
1980 190
9434 7795
9519 1815
1114 9712
8714 6752
8588 4984
8848 2884
2573 472
4040 6560
1652 4946
6569 479
5270 1636
7495 1313
1473 8907
1910 6486
6536 3263
5463 2218
7052 8030
3346 3453
7732 6620
1824 47
4039 897
4541 9006
3002 6787
5537 2926
6251 7171
4850 7251
6301 9480
1451 2922
6202 5981
3361 3330
9850 1609
6108 4178
6922 4213
3098 9385
7466 2514
728 5062
3211 6482
6433 2790
8148 1093
1037 2032
685 3576
1498 1668
4718 7161
6341 7015
3808 4966
7404 4738
7631 6935
6615 5146
6480 7424
5201 4696
8667 3220
8799 8859
1270 8644
7711 9136
410 3222
4254 271
6374 8886
1060 3352
62 9506
2264 5377
7925 155
9949 9990
3270 9873
5128 5541
4487 7354
9077 6546
6101 5833
9184 1525
3258 4219
3556 151
865 6420
5016 5048
1479 8666
8305 2563
4956 7783
2337 8424
5815 4389
8695 8603
9420 9964
4354 5014
1446 8041
5454 6583
9149 3927
8048 3666
8217 7456
5926 9941
6086 7726
4792 693
7895 3029
9139 8009
2338 4159
7150 7313
420 9752
8886 6027
8872 6150
2852 1801
6485 8123
6684 3704
8608 9835
5895 2889
8639 3676
8548 4145
1475 8443
4401 5467
2916 2107
8727 4351
3546 2269
5188 7847
6213 213
2043 9673
8664 7495
9031 1949
5637 7218
8204 7720
9523 9608
3068 7534
5021 5930
1577 3541
3291 6500
1167 8667
1140 5641
14 4904
8563 6819
1480 5218
6817 8959
5187 5819
8791 7824
1276 9832
3635 5174
1520 15
7162 6824
9447 4040
9919 9439
1745 8699
5442 2661
2435 2785
2994 541
9022 5205
6671 4139
5176 5233
5392 479
2119 4365
590 6381
757 3992
9775 4769
6147 2116
8756 5315
2447 7476
4391 2797
8433 7215
5240 9101
6291 3809
2053 5100
8947 8865
1646 3195
4952 2663
5236 7794
1428 4927
9339 6674
4928 4469
6287 1556
1405 2058
8133 9170
4387 5176
7894 9503
6386 590
8501 773
2976 304
5633 4327
8524 9814
8968 319
5240 9557
199 3102
6560 1078
8017 1929
3400 1879
7460 259
9468 6913
8982 7783
259 7934
6022 7690
7541 7946
5494 7804
8908 2007
1338 9231
1623 3312
9886 65
8671 9224
6738 5584
1852 8416
7787 6368
8970 1769
5272 6974
6981 7430
8362 2189
4826 5991
8250 96
7930 2765
4874 249
8930 7374
7480 246
2511 7810
8361 9447
9192 2314
5160 6739
1444 6154
8773 4109
2660 9110
3393 4629
9664 9367
6645 5150
6522 4054
1265 6516
3416 6134
3088 5267
2881 4682
8971 1120
410 5518
6334 7377
4145 9746
8711 6570
1758 8138
3010 1617
7394 1621
8820 1544
3033 75
6177 1672
9652 6398
6130 852
2699 1877
2621 9982
9130 4569
7427 4107
199 3991
9866 6564
1401 166
52 9604
3870 1006
2047 7290
8016 2297
4855 86
4444 3436
9557 722
