1000 2
8711 6570
9302 3795
4144 9543
949 858
859 1526
9052 4490
9886 65
2936 4968
6255 8316
8664 7495
5387 7495
7394 1621
6267 5783
1740 5965
1475 8443
8680 25
8876 9369
4502 1056
2720 5915
1520 15
2931 1347
3244 2458
1268 9498
4890 5607
6130 8304
8947 8865
14 4904
832 3629
1265 6516
5467 6912
5741 3572
4369 9487
5526 9419
6771 7771
7509 5188
2116 1122
7460 259
7930 2765
589 5107
6213 213
3347 4825
3914 2044
9050 9374
4718 7161
1859 417
360 6949
8908 2007
5270 1636
7054 2985
4058 8677
8549 6403
8460 6889
8638 9225
6940 2998
5021 5930
3692 6872
2053 5100
3346 3453
9850 1609
3361 3330
6249 534
3088 5267
3022 4619
3326 2378
5188 7847
1451 2922
8112 1739
759 918
9750 6129
9316 7666
1184 3912
4469 676
6499 8174
406 6247
8953 9934
7788 5899
1301 2542
5418 9628
2423 1811
5023 2165
5339 3654
9082 4069
1428 4927
4796 953
8667 3220
4952 2663
5388 5950
7744 3450
5368 9247
2046 2225
512 5719
2043 9673
8301 7589
7779 6409
3098 4272
5370 4383
9695 6841
6789 8132
3808 4966
8250 96
7709 3265
4091 8092
458 7428
7712 9100
753 6143
8745 2735
4461 5834
589 6588
9200 6971
5187 5819
3327 6042
327 187
7728 7390
5082 3126
1275 2791
2350 5833
3266 3885
8470 4380
3980 712
4039 897
4554 7653
3636 3752
9249 1709
8000 5884
3481 4952
7495 1313
7780 3149
5657 8214
8432 7992
325 7731
7958 3109
2265 7145
5629 3648
3166 8209
5744 5366
8507 2647
37 8032
4775 3655
4401 5467
7741 6671
3258 4219
9402 4396
3270 9873
9020 4158
992 105
153 1460
3546 2269
7465 9372
3256 6848
960 766
8820 1544
1846 6343
7724 5516
3350 1632
8133 9170
7787 6368
738 5976
1626 3100
7466 2514
8848 2884
8671 9224
2424 7429
554 6706
6955 6108
3823 7363
8683 9099
9625 4365
2066 8826
6738 5584
6202 5981
8714 6752
3724 8981
5883 9124
9322 7914
2550 7563
6901 1379
8822 2340
9885 8223
7681 9822
1114 9712
2338 4159
6318 2237
6838 21
3575 5040
3266 8408
8935 1033
8148 1093
482 928
6967 7221
5858 8584
7505 4185
3512 5827
914 1774
186 4566
7917 4227
540 1985
2866 8222
2660 9110
2804 7509
8159 9727
9575 7772
4618 8767
6242 9526
1633 3805
5368 5437
7390 2178
6932 8627
6294 95
3549 8002
5101 531
2278 5222
590 6381
626 603
3967 8916
7788 1677
757 3992
3548 5289
5950 8494
9919 9439
3033 75
3156 3061
7547 8938
2446 6905
4145 9746
8588 4984
1947 2570
7707 4982
8322 7695
3314 5343
6344 4760
6539 9356
6864 2301
2524 8732
8862 5435
3835 4169
8644 9753
5201 4696
9584 1800
3515 2622
3902 5569
8727 4351
3676 3827
3638 4268
5233 2826
4699 7759
4963 8654
6681 1001
1060 3352
2881 4682
2895 7531
5537 2926
9403 337
682 7030
122 659
342 8896
8608 9835
4445 4837
8631 2154
3068 7534
8681 4161
7162 6824
8232 1242
284 3192
1271 8601
2377 7632
8972 2453
8872 6150
9097 9633
9156 9403
4476 3873
728 5062
607 5687
1771 480
1891 3328
9057 6349
6147 2116
3517 9637
8352 303
7152 8870
8982 7783
2853 9831
6341 7015
2994 541
7512 6460
6022 7690
8395 5499
801 5774
7759 8930
480 2979
4021 648
6978 2005
5463 2218
9420 9964
1652 4946
1631 1995
8376 5394
6046 5564
8651 859
7711 9136
4391 2797
419 8167
5073 6664
8492 8876
1338 9231
6349 1039
9781 9615
5160 2528
9949 9990
9022 4883
62 9506
4455 8559
9089 2293
9573 2681
3274 7534
1017 2881
2944 4587
1573 9315
1080 9599
3338 2055
9467 2100
7627 6690
7295 3888
6344 8166
1758 8138
3123 9539
3266 9385
3586 2897
8554 9327
8204 7720
2264 5377
7489 5689
6715 1536
8795 9774
6480 7424
1932 1057
5254 6098
199 3991
7089 7479
6876 7535
2329 3007
2447 7476
4262 6041
6800 2094
1846 1114
8942 4171
3160 6254
2795 621
9077 6546
5621 6119
3211 6482
4336 5730
1133 1184
1243 6014
8247 5952
607 2358
2255 8657
5633 4327
7613 8072
8017 1929
4372 1029
5926 9941
1879 6344
3072 2545
7279 3285
4855 3358
4523 467
6801 5261
4928 4469
4629 6895
5623 8163
5739 5569
7030 8566
9516 1953
3319 7164
5240 9557
5016 5048
1480 5218
8943 2010
8348 1830
8026 1519
1910 6486
6573 8864
9447 4040
5980 3266
1824 47
6479 9439
751 9284
8968 319
4973 177
3117 1962
5494 7804
8374 5386
7726 5045
4151 3089
645 2680
8394 4447
875 6840
9130 4569
7427 4107
4725 1662
2043 4813
5646 3737
5901 7064
6043 2669
5240 9101
5905 4864
6086 7726
3556 151
4537 9483
3629 9258
5169 5145
8620 2747
4324 9378
3002 6787
8310 1699
5460 7340
5398 4980
9022 5205
6345 103
1250 9159
1784 6804
1270 8644
5176 5233
7627 1149
4698 878
2789 2502
6403 2974
8730 4699
9996 2033
1091 7983
6684 3704
5849 4489
2569 5729
1212 7310
6120 4096
9557 8712
6156 8050
5765 4800
5163 8235
6386 590
5662 9180
1473 8907
7135 4519
7578 9899
2525 9782
8495 8445
8406 9555
9093 2571
4848 9462
2620 1968
3117 9609
5118 2145
3400 2499
4445 4902
9812 1855
2369 7518
9259 395
8478 7752
1944 4494
7949 2219
6084 7829
7078 5519
6653 9835
2300 9910
4387 5176
8817 878
420 9752
5442 2661
4453 2944
4866 7267
8409 4671
5481 55
5454 6583
8799 8859
6927 4408
2405 3418
582 8056
145 3824
7397 6949
1826 9614
9866 6564
259 7934
5983 7246
1108 5805
5210 5552
9652 6398
6287 1556
7842 2873
5889 675
7377 7286
6474 7338
2970 3091
5708 1079
6981 7430
7404 7967
2745 7071
9241 6499
6686 3210
6756 1774
2119 4365
3835 907
4792 693
6769 4805
4905 8646
5215 1231
7150 7313
4634 6124
1212 4604
5325 2970
8886 6027
2514 5526
7541 7946
5578 5536
3065 7093
4541 9006
4381 4029
1079 2444
5609 1525
299 7413
8357 5083
7414 3535
6671 4139
4656 6213
3638 2202
9250 8278
8209 9447
9201 8730
9838 819
3717 3632
1272 3781
9903 157
893 392
525 4450
9335 490
8501 773
2797 833
5702 9381
9329 6790
1401 166
75 2194
8839 7544
2678 3983
4850 7251
7592 4173
9122 1918
1684 9812
8934 510
1942 6860
3233 7357
8316 7814
4151 6763
8215 3617
7802 4832
6826 2644
4354 5014
8955 1592
9149 3927
3870 1006
4606 4641
40 7813
8217 7456
5093 57
9913 779
1555 5429
8458 388
4956 7783
6280 3020
2655 8865
5789 4407
7330 1775
2977 8244
6108 4178
3010 1617
8048 3666
4209 236
4040 6560
525 13
8395 3909
1138 6081
5894 2745
8227 7598
1715 3828
5895 2889
2573 472
8643 5292
7052 8030
4593 4837
7619 2039
2577 9132
2511 7810
7894 9503
1140 5641
4549 735
1446 8041
4448 5895
1710 254
8027 4538
4288 9678
30 4527
1906 2610
9170 6567
6742 579
2922 5330
9120 1111
5962 2945
9523 9608
682 5103
5160 6739
4852 2694
7995 885
4835 7909
9031 1949
2331 6883
7767 1464
8786 7706
969 114
3759 3539
9677 8947
8639 3676
8654 4880
9434 7795
4244 9821
8329 5908
1886 5104
665 977
4985 6650
8970 1769
9076 9180
1577 3541
1646 3195
3286 2525
4004 7074
1852 8416
4982 1179
5637 7218
3818 2169
9345 8889
9567 1495
6334 7377
727 9324
2308 61
4945 6479
2699 1877
7789 8382
6101 5833
9843 8081
1167 8667
6567 6391
7732 6620
3695 7817
7700 7385
2444 484
1438 4972
2642 4862
8573 3838
395 1312
2257 2303
4742 9718
8559 2903
7639 431
5705 9473
5743 7563
410 5518
1926 2074
1325 7831
7404 4738
7361 3164
1111 6742
9827 8629
122 4910
8649 3969
5011 1070
2401 6074
571 3880
4571 3051
8786 9117
3657 8347
5761 2829
1498 1668
6922 4213
5415 3986
2976 304
865 6420
9965 6344
1044 4166
873 6036
3646 7636
8350 8233
9847 1699
7925 155
9139 8009
2752 3227
5762 2296
3416 6134
5683 6478
3530 5984
1432 5871
6355 7387
1107 5016
2522 4504
8612 1433
5236 7794
5222 4979
3098 9385
8361 9447
2499 8319
8773 4109
1441 2607
3764 2752
2387 8503
4874 249
882 2359
3765 1840
52 9604
1480 3079
8292 6680
4456 8165
9832 1866
4718 8515
6536 3263
5281 7673
347 1650
5977 3110
6560 1078
9557 722
4826 5991
9490 6214
1568 956
5187 5904
7480 246
5727 3615
2153 107
3979 7656
699 5742
9664 9367
4761 578
3178 1685
2554 1132
940 847
6682 3709
8330 5507
9234 6769
7169 3281
4799 3777
1745 8699
2060 5520
9664 850
8524 9814
8628 8958
670 2591
6301 9480
5932 4823
6924 3622
6699 5824
199 3102
3400 1879
5815 4389
8276 5627
6563 5718
4011 1371
6396 8126
6433 2790
8747 1421
5036 572
1547 2992
4032 6052
4608 4375
9775 4769
5356 6242
5615 7422
367 8896
3663 2014
7981 9676
1141 3265
9021 9987
7271 1853
1519 4585
3710 3188
7525 9973
4979 8737
1444 6154
1210 3929
1646 5606
9233 6120
7905 2717
4825 3476
4254 271
6904 8625
2621 9982
7785 1654
9659 4882
9001 7973
8386 8862
3466 1692
5272 6974
4406 1460
9512 6433
5650 3927
6596 6611
3158 8727
4889 3787
7280 6345
421 4581
8927 3134
5545 5615
3180 1616
2629 5614
2852 1801
3714 1707
5787 5604
9142 650
8001 519
2402 1249
9217 1590
2047 7290
7895 3029
3055 3936
8491 6742
648 6580
8684 5759
1730 9392
8971 9262
4444 3436
5893 3741
6656 843
8075 662
7937 7149
1467 2538
2058 3771
8198 585
3697 9391
8366 2515
4855 86
4092 7446
6757 2203
8016 2297
1980 190
2470 3386
6251 7171
9438 5095
410 3222
6370 1858
1405 2058
5423 7292
7193 2864
9192 2314
4487 7354
7444 7480
2835 1718
4560 754
3977 5097
8563 6819
5158 2201
716 5809
751 5724
2011 8040
7072 8138
9006 3107
5352 1661
4468 3852
6485 8123
4709 4604
8433 7215
6817 8959
4237 1773
6340 3528
8303 1453
5844 1715
6130 852
406 3327
4389 5615
2304 8867
9473 7739
8791 7824
3635 5174
4400 4238
9940 2953
4167 2859
9124 6086
526 1323
6615 5146
9700 2648
2916 2107
2457 7932
9489 3197
5151 9227
8756 5315
5752 4157
8857 5110
866 2185
1623 3312
3393 4629
4808 3402
1419 3190
7966 7993
268 645
1697 4182
3945 4057
6206 4049
857 3427
3313 5056
2714 9512
1493 4865
435 486
8971 1120
7753 5789
252 8195
2484 2474
5900 6414
8305 2563
3087 9497
8362 2189
3546 2785
9193 6478
5128 5541
2181 2557
6374 8886
4863 6015
2662 2741
9856 1111
292 4947
7170 5582
9738 5085
2713 2570
8014 7516
1190 5043
9519 1815
5046 5200
1915 1408
685 3576
9335 2054
2337 8424
6645 5150
7907 4034
9342 1613
8465 1942
1781 4771
2836 3101
3265 3982
9184 1525
4392 9259
5778 3946
3158 4636
5168 3097
3487 5387
3551 9841
323 5462
6516 936
5549 9667
5904 8282
1037 2032
2507 6645
2474 2882
1636 512
1276 9832
3009 9822
7048 2048
8076 2341
3992 8213
9339 6674
362 2076
8050 237
7406 7886
4560 4219
5392 479
690 5158
3466 691
5997 1113
4816 3610
8930 7374
2773 7210
2435 2785
6897 110
9113 3809
9974 8870
7894 2906
1351 7642
8695 8603
8548 4145
8381 492
6744 8753
4541 7549
3291 6500
8624 8395
6569 479
1479 8666
1358 8661
2358 8426
9536 4785
3041 6189
4100 9488
4090 2300
9468 6913
6522 4054
7631 6935
6177 1672
2573 5320
6291 3809
1690 6269
1472 5494
