1000 2
3657 8347
5036 572
4468 3852
6789 8132
5815 4389
5160 2528
1210 3929
4709 4604
8232 1242
1626 3100
1646 3195
6499 8174
482 928
8276 5627
1432 5871
5460 7340
3338 2055
37 8032
9557 722
582 8056
6838 21
1915 1408
1037 2032
2944 4587
8016 2297
410 5518
1784 6804
3530 5984
5423 7292
5187 5904
6341 7015
648 6580
1275 2791
4537 9483
4445 4902
3087 9497
7905 2717
8942 4171
1684 9812
2522 4504
1480 3079
9812 1855
9093 2571
1358 8661
3350 1632
3487 5387
1926 2074
3002 6787
4560 4219
8886 6027
9949 9990
3980 712
284 3192
4629 6895
2484 2474
9838 819
1190 5043
8048 3666
4400 4238
1910 6486
9434 7795
8303 1453
9420 9964
5210 5552
8374 5386
751 5724
6340 3528
6280 3020
3979 7656
7495 1313
9250 8278
3835 907
9403 337
1498 1668
1270 8644
3266 8408
362 2076
6485 8123
2046 2225
9996 2033
9940 2953
2265 7145
7170 5582
6742 579
4523 467
3266 3885
8014 7516
5118 2145
3123 9539
1079 2444
9082 4069
9677 8947
2511 7810
1944 4494
6120 4096
5016 5048
7271 1853
2976 304
8394 4447
4541 9006
2836 3101
7193 2864
6715 1536
3258 4219
8822 2340
1111 6742
480 2979
1886 5104
685 3576
8756 5315
4699 7759
2655 8865
458 7428
1446 8041
9536 4785
893 392
7788 1677
259 7934
5858 8584
4761 578
4725 1662
2554 1132
1473 8907
292 4947
9201 8730
410 3222
2257 2303
3629 9258
5637 7218
4389 5615
2866 8222
8820 1544
2525 9782
8953 9934
8301 7589
4593 4837
1475 8443
5549 9667
7152 8870
4387 5176
8628 8958
9233 6120
4618 8767
2835 1718
7150 7313
8495 8445
3646 7636
9130 4569
6981 7430
1715 3828
3512 5827
4244 9821
4985 6650
2573 472
3327 6042
7613 8072
6287 1556
2853 9831
8352 303
435 486
5270 1636
5240 9101
2795 621
4560 754
8773 4109
7700 7385
9031 1949
4945 6479
2153 107
4448 5895
1519 4585
5997 1113
716 5809
5163 8235
6864 2301
4850 7251
4855 86
5370 4383
30 4527
2970 3091
8330 5507
1301 2542
9020 4158
2797 833
9738 5085
1932 1057
4040 6560
2116 1122
3156 3061
1140 5641
3818 2169
6344 4760
5222 4979
6403 2974
3638 4268
5201 4696
5233 2826
9832 1866
7802 4832
8681 4161
1212 4604
6940 2998
3393 4629
8492 8876
325 7731
8862 5435
5356 6242
969 114
4852 2694
9885 8223
8432 7992
2550 7563
2423 1811
7030 8566
6738 5584
5905 4864
360 6949
8747 1421
2444 484
9402 4396
1451 2922
5368 9247
8927 3134
7048 2048
2474 2882
670 2591
9335 2054
7894 2906
8198 585
8217 7456
5415 3986
7619 2039
3717 3632
4004 7074
3033 75
9695 6841
9329 6790
2337 8424
8316 7814
7054 2985
7895 3029
3400 2499
5046 5200
571 3880
1573 9315
5011 1070
940 847
3266 9385
6202 5981
3638 2202
5741 3572
8350 8233
2060 5520
5650 3927
4288 9678
7789 8382
2936 4968
9302 3795
1419 3190
7460 259
8799 8859
7414 3535
3967 8916
8631 2154
2369 7518
3992 8213
4476 3873
252 8195
6479 9439
2255 8657
7404 4738
5021 5930
682 5103
3870 1006
5983 7246
9184 1525
8667 3220
3823 7363
6897 110
5187 5819
2507 6645
9467 2100
7169 3281
9193 6478
9866 6564
7780 3149
1138 6081
9342 1613
52 9604
8460 6889
8554 9327
1428 4927
2629 5614
9122 1918
4905 8646
9050 9374
8649 3969
8970 1769
6560 1078
2499 8319
2338 4159
757 3992
7480 246
4952 2663
9021 9987
6156 8050
5778 3946
9468 6913
1480 5218
3764 2752
7465 9372
3265 3982
8620 2747
1017 2881
1276 9832
1401 166
4145 9746
8935 1033
8215 3617
526 1323
8362 2189
8017 1929
1493 4865
8971 9262
9335 490
9447 4040
8406 9555
5895 2889
8972 2453
8395 3909
8458 388
5977 3110
2678 3983
8133 9170
1942 6860
4011 1371
9001 7973
1631 1995
3244 2458
2264 5377
4406 1460
6084 7829
5787 5604
5392 479
3010 1617
5082 3126
9965 6344
9438 5095
9886 65
145 3824
6536 3263
9573 2681
3211 6482
3765 1840
3575 5040
8322 7695
1405 2058
1906 2610
6826 2644
9142 650
3117 9609
1212 7310
6480 7424
690 5158
8563 6819
5168 3097
4874 249
6043 2669
3636 3752
4092 7446
2043 9673
8624 8395
859 1526
3902 5569
62 9506
1268 9498
8409 4671
753 6143
6255 8316
6978 2005
5683 6478
8376 5394
6681 1001
3055 3936
1652 4946
7489 5689
6522 4054
512 5719
5101 531
6177 1672
3361 3330
7631 6935
2358 8426
8348 1830
8204 7720
6291 3809
1441 2607
6355 7387
6516 936
5545 5615
9903 157
6396 8126
9322 7914
3098 4272
1091 7983
6334 7377
5789 4407
7404 7967
6046 5564
8305 2563
8839 7544
8651 859
3914 2044
6474 7338
4254 271
751 9284
5849 4489
3068 7534
5526 9419
4816 3610
589 6588
8470 4380
5727 3615
8968 319
4401 5467
6771 7771
4890 5607
6671 4139
3551 9841
1555 5429
5388 5950
14 4904
2514 5526
199 3102
6573 8864
3072 2545
525 13
6147 2116
6433 2790
6569 479
3466 1692
1690 6269
2435 2785
9750 6129
4336 5730
9850 1609
8638 9225
6756 1774
7505 4185
7525 9973
738 5976
3313 5056
7709 3265
5904 8282
9575 7772
3466 691
3009 9822
7949 2219
5215 1231
3160 6254
9077 6546
2577 9132
554 6706
9584 1800
9089 2293
8573 3838
2524 8732
4606 4641
3676 3827
6876 7535
8507 2647
3158 4636
1272 3781
3546 2269
6213 213
7966 7993
4835 7909
2300 9910
9124 6086
9843 8081
8683 9099
9490 6214
1758 8138
1472 5494
4090 2300
8478 7752
7767 1464
949 858
9139 8009
6345 103
6563 5718
5418 9628
2043 4813
8730 4699
9241 6499
4444 3436
8227 7598
2377 7632
7787 6368
873 6036
7711 9136
7958 3109
3098 9385
1568 956
7707 4982
406 6247
607 2358
4698 878
8786 9117
6267 5783
2660 9110
1740 5965
1114 9712
3270 9873
5494 7804
9192 2314
1141 3265
40 7813
3416 6134
3319 7164
8876 9369
5481 55
4634 6124
7639 431
2405 3418
6108 4178
5950 8494
5883 9124
3481 4952
8247 5952
6927 4408
75 2194
4799 3777
4456 8165
2916 2107
4032 6052
395 1312
7052 8030
2895 7531
2470 3386
4973 177
2922 5330
5467 6912
5160 6739
4554 7653
9259 395
1351 7642
1520 15
6022 7690
4825 3476
419 8167
2994 541
9523 9608
645 2680
9519 1815
9097 9633
9113 3809
7728 7390
5454 6583
5739 5569
6744 8753
7078 5519
4167 2859
1060 3352
9652 6398
682 7030
9664 850
7681 9822
4151 6763
3233 7357
7907 4034
9170 6567
4866 7267
4826 5991
5662 9180
8491 6742
9557 8712
3400 1879
9856 1111
9345 8889
8643 5292
7759 8930
5578 5536
4889 3787
4855 3358
8745 2735
9775 4769
6653 9835
1250 9159
9052 4490
4718 7161
5900 6414
5609 1525
3556 151
9149 3927
186 4566
4792 693
6101 5833
5272 6974
5629 3648
3635 5174
5368 5437
8714 6752
540 1985
727 9324
6757 2203
3549 8002
2977 8244
9120 1111
3180 1616
8465 1942
960 766
2773 7210
6615 5146
4039 897
2620 1968
9022 5205
8112 1739
7547 8938
5752 4157
3326 2378
5844 1715
4775 3655
1271 8601
3041 6189
6769 4805
8786 7706
8695 8603
2424 7429
7894 9503
9339 6674
8908 2007
7741 6671
857 3427
2662 2741
2047 7290
4982 1179
525 4450
8848 2884
6656 843
268 645
7089 7479
4608 4375
8971 1120
8795 9774
4445 4837
7930 2765
5325 2970
5463 2218
5398 4980
5980 3266
7394 1621
5073 6664
7541 7946
8644 9753
3166 8209
122 4910
3517 9637
7397 6949
5657 8214
1547 2992
5623 8163
9781 9615
4237 1773
4391 2797
7627 6690
4956 7783
9022 4883
6904 8625
9847 1699
5093 57
3714 1707
7724 5516
7925 155
914 1774
866 2185
6130 8304
1479 8666
1623 3312
8612 1433
3546 2785
5894 2745
4928 4469
4372 1029
7509 5188
5705 9473
8310 1699
8026 1519
4369 9487
4021 648
759 918
6967 7221
3697 9391
865 6420
5352 1661
5169 5145
8027 4538
5743 7563
1697 4182
9200 6971
4979 8737
2881 4682
7592 4173
8292 6680
2569 5729
1745 8699
7390 2178
2278 5222
2720 5915
7726 5045
6349 1039
3256 6848
4863 6015
7712 9100
8639 3676
342 8896
4381 4029
7377 7286
3065 7093
8395 5499
199 3991
7279 3285
2304 8867
4324 9378
5188 7847
5932 4823
6801 5261
1080 9599
4656 6213
4455 8559
5926 9941
9156 9403
7135 4519
9006 3107
607 5687
8000 5884
875 6840
4144 9543
8943 2010
7917 4227
421 4581
9567 1495
9625 4365
7937 7149
7162 6824
8711 6570
1710 254
7995 885
5023 2165
3695 7817
9919 9439
8654 4880
3586 2897
9489 3197
7753 5789
9827 8629
5646 3737
882 2359
5176 5233
7981 9676
8817 878
6539 9356
6386 590
5765 4800
5762 2296
4091 8092
6596 6611
3314 5343
7627 1149
122 659
589 5107
8329 5908
5893 3741
2447 7476
2066 8826
9974 8870
1107 5016
8001 519
4469 676
8955 1592
2745 7071
832 3629
2804 7509
9913 779
5889 675
3088 5267
5615 7422
6922 4213
8381 492
1891 3328
3515 2622
8548 4145
323 5462
8366 2515
1646 5606
1444 6154
6567 6391
5128 5541
7295 3888
8501 773
1577 3541
2931 1347
1184 3912
7779 6409
2181 2557
8857 5110
6686 3210
2621 9982
1467 2538
3286 2525
1044 4166
6206 4049
2402 1249
1243 6014
6251 7171
2714 9512
5702 9381
5442 2661
8148 1093
8934 510
2058 3771
2053 5100
5537 2926
2789 2502
2331 6883
6374 8886
1108 5805
8386 8862
8872 6150
5151 9227
6682 3709
9234 6769
7427 4107
4354 5014
7512 6460
9473 7739
327 187
6242 9526
3759 3539
4796 953
2457 7932
9249 1709
1859 417
1781 4771
4502 1056
4808 3402
3835 4169
3724 8981
3945 4057
2699 1877
6086 7726
1633 3805
6130 852
8608 9835
8671 9224
8930 7374
3274 7534
6294 95
5158 2201
5633 4327
153 1460
5901 7064
8588 4984
1824 47
9700 2648
4151 3089
8209 9447
2011 8040
347 1650
6301 9480
6800 2094
8680 25
367 8896
9512 6433
2752 3227
3291 6500
3692 6872
7406 7886
8050 237
1265 6516
3710 3188
3158 8727
626 603
728 5062
8664 7495
3808 4966
4100 9488
992 105
2119 4365
1133 1184
4848 9462
7785 1654
3663 2014
5387 7495
5708 1079
1636 512
5962 2945
5761 2829
1980 190
8524 9814
9516 1953
7578 9899
9664 9367
1947 2570
1438 4972
7788 5899
6318 2237
8559 2903
4963 8654
7466 2514
8791 7824
4541 7549
6817 8959
1338 9231
3178 1685
1846 6343
5281 7673
420 9752
1852 8416
6645 5150
8947 8865
590 6381
2329 3007
1846 1114
1325 7831
5339 3654
6901 1379
1826 9614
2852 1801
6955 6108
6249 534
8727 4351
7361 3164
4262 6041
4058 8677
2642 4862
8159 9727
4487 7354
3117 1962
7744 3450
3977 5097
6370 1858
406 3327
7732 6620
4392 9259
7330 1775
9316 7666
7072 8138
4461 5834
5621 6119
6699 5824
1771 480
8361 9447
2387 8503
3346 3453
8433 7215
2308 61
5254 6098
4209 236
8982 7783
8076 2341
9659 4882
8549 6403
8250 96
6924 3622
8684 5759
699 5742
9217 1590
2401 6074
2573 5320
5240 9557
7842 2873
6684 3704
2446 6905
6932 8627
299 7413
2350 5833
3548 5289
1167 8667
4453 2944
9057 6349
8357 5083
6344 8166
7444 7480
4742 9718
1879 6344
4549 735
9076 9180
4718 8515
665 977
801 5774
3022 4619
5236 7794
8075 662
1730 9392
5744 5366
4571 3051
3347 4825
7280 6345
2713 2570
