1000 2
6516 936
3575 5040
3546 2269
1758 8138
2444 484
4237 1773
6345 103
685 3576
3724 8981
5176 5233
5392 479
2866 8222
1140 5641
1270 8644
2331 6883
8612 1433
1944 4494
8563 6819
7150 7313
6370 1858
6403 2974
5240 9557
2577 9132
4863 6015
6386 590
3870 1006
8643 5292
6563 5718
199 3102
4593 4837
6499 8174
1942 6860
1432 5871
1498 1668
5900 6414
1451 2922
199 3991
5858 8584
4905 8646
5368 5437
525 13
4775 3655
5442 2661
9113 3809
5637 7218
8839 7544
9149 3927
4100 9488
8386 8862
1633 3805
5158 2201
2620 1968
1060 3352
5460 7340
8204 7720
2116 1122
8406 9555
2835 1718
4406 1460
8395 5499
590 6381
4209 236
2804 7509
2621 9982
2713 2570
2181 2557
4956 7783
8651 859
2660 9110
4852 2694
3266 9385
5046 5200
5160 2528
6043 2669
7842 2873
3274 7534
9512 6433
4391 2797
3992 8213
3638 2202
268 645
626 603
727 9324
5849 4489
670 2591
960 766
3657 8347
3629 9258
7894 2906
4816 3610
2511 7810
7627 1149
3714 1707
9919 9439
3041 6189
7525 9973
5240 9101
7917 4227
8730 4699
7135 4519
9468 6913
589 5107
8217 7456
458 7428
873 6036
4021 648
3265 3982
3977 5097
3902 5569
6955 6108
9447 4040
8292 6680
367 8896
8017 1929
8773 4109
7089 7479
7271 1853
3835 907
4090 2300
2043 4813
2053 5100
9403 337
5210 5552
4874 249
4808 3402
6536 3263
4369 9487
2662 2741
5398 4980
914 1774
2797 833
7330 1775
3098 4272
7404 4738
9089 2293
1111 6742
2058 3771
5093 57
5787 5604
4389 5615
6817 8959
8247 5952
4387 5176
5889 675
7495 1313
9402 4396
8524 9814
525 4450
4796 953
1138 6081
7981 9676
4725 1662
2773 7210
8501 773
2573 472
9781 9615
2257 2303
4608 4375
8820 1544
9664 850
6349 1039
3180 1616
5187 5819
4039 897
5883 9124
9827 8629
1446 8041
6084 7829
6967 7221
6653 9835
682 5103
2655 8865
3635 5174
969 114
4381 4029
3065 7093
2308 61
8727 4351
7613 8072
4324 9378
5215 1231
7465 9372
3158 4636
4982 1179
6715 1536
122 659
7054 2985
2264 5377
7619 2039
5950 8494
1358 8661
9949 9990
6560 1078
5901 7064
8361 9447
1480 3079
6249 534
7787 6368
8394 4447
875 6840
2499 8319
6927 4408
7995 885
8329 5908
7949 2219
4560 4219
865 6420
1472 5494
6156 8050
857 3427
7280 6345
8409 4671
1268 9498
6046 5564
327 187
6522 4054
1210 3929
1438 4972
6177 1672
1910 6486
8465 1942
2435 2785
2300 9910
9050 9374
8075 662
7480 246
145 3824
3326 2378
759 918
5281 7673
9886 65
3823 7363
2119 4365
8478 7752
9316 7666
1826 9614
9233 6120
5160 6739
1646 5606
2752 3227
5011 1070
3979 7656
3764 2752
2714 9512
6280 3020
5895 2889
9156 9403
5467 6912
8310 1699
9093 2571
3549 8002
2524 8732
9342 1613
7905 2717
8664 7495
5743 7563
4855 86
6213 213
5339 3654
6826 2644
7279 3285
8316 7814
5741 3572
5983 7246
347 1650
2401 6074
52 9604
362 2076
5702 9381
2011 8040
8381 492
8548 4145
6294 95
186 4566
9750 6129
4973 177
3350 1632
6904 8625
8943 2010
5980 3266
4058 8677
2895 7531
5151 9227
9200 6971
8198 585
1947 2570
1108 5805
6267 5783
360 6949
1114 9712
3530 5984
6301 9480
6573 8864
9557 722
6686 3210
1886 5104
8048 3666
6757 2203
6756 1774
1301 2542
8232 1242
8714 6752
7780 3149
1926 2074
6202 5981
1473 8907
9903 157
7406 7886
5222 4979
4468 3852
5537 2926
3314 5343
1631 1995
8620 2747
1710 254
8791 7824
589 6588
299 7413
3319 7164
4445 4837
4401 5467
2922 5330
716 5809
4718 7161
3088 5267
3233 7357
2789 2502
2484 2474
512 5719
75 2194
5325 2970
7578 9899
2387 8503
2944 4587
5545 5615
6744 8753
3945 4057
3156 3061
8684 5759
9575 7772
4444 3436
4523 467
480 2979
4448 5895
9677 8947
949 858
8470 4380
7505 4185
8822 2340
6897 110
8624 8395
6251 7171
571 3880
9020 4158
1405 2058
1879 6344
8554 9327
8507 2647
4606 4641
554 6706
1824 47
5705 9473
8695 8603
1080 9599
882 2359
5463 2218
9856 1111
5016 5048
4151 3089
4487 7354
1479 8666
3347 4825
5021 5930
9192 2314
1859 417
7639 431
751 9284
3636 3752
3022 4619
2936 4968
1846 6343
2853 9831
6922 4213
3759 3539
4445 4902
2916 2107
1141 3265
8654 4880
2550 7563
751 5724
8209 9447
9885 8223
4372 1029
1167 8667
9302 3795
1351 7642
6771 7771
5997 1113
7627 6690
7444 7480
5578 5536
1079 2444
8050 237
7377 7286
284 3192
9335 2054
1044 4166
9523 9608
3211 6482
8559 2903
7394 1621
4742 9718
3266 8408
940 847
482 928
3400 2499
6086 7726
9847 1699
5454 6583
1852 8416
2976 304
7732 6620
7404 7967
406 3327
8711 6570
9519 1815
5609 1525
9201 8730
3072 2545
4560 754
4476 3873
5187 5904
2358 8426
4618 8767
8955 1592
8026 1519
4469 676
8876 9369
3166 8209
1555 5429
6340 3528
6120 4096
5101 531
6374 8886
8395 3909
8638 9225
6569 479
5962 2945
4848 9462
7509 5188
9130 4569
893 392
6474 7338
5646 3737
4151 6763
1577 3541
2304 8867
8148 1093
342 8896
4455 8559
6341 7015
607 5687
5254 6098
9659 4882
8786 9117
37 8032
7361 3164
2337 8424
8250 96
9077 6546
3002 6787
1338 9231
3338 2055
3393 4629
6108 4178
122 4910
7788 5899
6242 9526
1444 6154
2514 5526
4709 4604
526 1323
2329 3007
3512 5827
4855 3358
3068 7534
8588 4984
8432 7992
4890 5607
5778 3946
4167 2859
9021 9987
4011 1371
7072 8138
30 4527
5082 3126
420 9752
3487 5387
1784 6804
1730 9392
6671 4139
6681 1001
2046 2225
8799 8859
8756 5315
9467 2100
4262 6041
9076 9180
1846 1114
7726 5045
6485 8123
8014 7516
4799 3777
540 1985
7711 9136
2066 8826
9812 1855
2265 7145
1493 4865
5765 4800
1891 3328
5236 7794
9438 5095
3087 9497
8303 1453
6287 1556
2745 7071
8215 3617
3646 7636
1037 2032
1441 2607
1781 4771
8968 319
2569 5729
1475 8443
1745 8699
7789 8382
3361 3330
607 2358
5977 3110
9838 819
3313 5056
62 9506
8305 2563
6940 2998
2720 5915
6130 8304
8947 8865
4244 9821
2994 541
9339 6674
757 3992
9866 6564
7547 8938
4541 9006
7397 6949
9913 779
4952 2663
3556 151
4456 8165
3710 3188
1401 166
8433 7215
2977 8244
5662 9180
1652 4946
2446 6905
4945 6479
2629 5614
9775 4769
9652 6398
5423 7292
2457 7932
2507 6645
8608 9835
648 6580
8681 4161
4354 5014
6738 5584
6901 1379
9250 8278
4826 5991
5370 4383
4453 2944
2369 7518
5623 8163
8680 25
9434 7795
8376 5394
7802 4832
682 7030
5657 8214
421 4581
1697 4182
5727 3615
4835 7909
8016 2297
9700 2648
2047 7290
6684 3704
1272 3781
4288 9678
1573 9315
2423 1811
4850 7251
1623 3312
9940 2953
728 5062
2447 7476
6022 7690
4571 3051
3914 2044
8362 2189
3586 2897
1690 6269
8942 4171
5356 6242
3818 2169
8644 9753
5118 2145
3967 8916
9120 1111
9557 8712
3546 2785
1906 2610
8352 303
9031 1949
1646 3195
6480 7424
8671 9224
3286 2525
7414 3535
3980 712
7966 7993
325 7731
1636 512
4144 9543
2338 4159
4145 9746
5633 4327
5549 9667
4979 8737
3692 6872
7767 1464
3765 1840
1915 1408
7193 2864
7170 5582
3676 3827
1250 9159
3697 9391
2642 4862
690 5158
8573 3838
8027 4538
7700 7385
8930 7374
1017 2881
6344 8166
7707 4982
5036 572
4634 6124
2405 3418
3009 9822
3178 1685
859 1526
6344 4760
5272 6974
3291 6500
7681 9822
5201 4696
4629 6895
7728 7390
645 2680
801 5774
8112 1739
8857 5110
323 5462
5739 5569
7078 5519
5629 3648
9184 1525
8366 2515
6769 4805
3117 1962
832 3629
7390 2178
699 5742
5893 3741
4392 9259
5481 55
8492 8876
4698 878
3835 4169
5128 5541
9664 9367
6130 852
7052 8030
5905 4864
1771 480
2474 2882
4825 3476
9249 1709
7925 155
9567 1495
4889 3787
5169 5145
7937 7149
4656 6213
866 2185
6800 2094
6355 7387
4554 7653
5894 2745
6101 5833
5815 4389
6801 5261
2852 1801
9420 9964
9142 650
5615 7422
4963 8654
4461 5834
3346 3453
6255 8316
7894 9503
5168 3097
9001 7973
9170 6567
3033 75
419 8167
5904 8282
5744 5366
2043 9673
3327 6042
9329 6790
1419 3190
9335 490
6838 21
4928 4469
5188 7847
8786 7706
753 6143
9217 1590
2795 621
8795 9774
6147 2116
6742 579
8970 1769
6334 7377
6932 8627
9490 6214
582 8056
1520 15
7788 1677
4549 735
3256 6848
992 105
1547 2992
8460 6889
3638 4268
4040 6560
8953 9934
7162 6824
4032 6052
7779 6409
2525 9782
8862 5435
8491 6742
1626 3100
6789 8132
6596 6611
7631 6935
7785 1654
8649 3969
9695 6841
1467 2538
7030 8566
9345 8889
5621 6119
3548 5289
7512 6460
7152 8870
1568 956
7541 7946
9625 4365
2060 5520
8631 2154
6615 5146
8458 388
3515 2622
14 4904
3695 7817
665 977
4004 7074
8322 7695
3466 691
2573 5320
8747 1421
5752 4157
8549 6403
2402 1249
9052 4490
3117 9609
7709 3265
252 8195
8848 2884
6981 7430
9259 395
8908 2007
6978 2005
5233 2826
7489 5689
7712 9100
8972 2453
9974 8870
4091 8092
7958 3109
6291 3809
8276 5627
2278 5222
1932 1057
1184 3912
6656 843
1428 4927
8886 6027
9850 1609
4537 9483
9122 1918
9022 5205
9082 4069
3717 3632
6864 2301
9057 6349
410 3222
2881 4682
7753 5789
8001 519
8817 878
3663 2014
6479 9439
5023 2165
40 7813
7295 3888
7048 2048
8745 2735
8982 7783
6682 3709
7169 3281
9843 8081
3258 4219
4502 1056
6699 5824
9124 6086
5932 4823
435 486
8348 1830
5844 1715
5415 3986
8159 9727
9965 6344
5708 1079
3270 9873
410 5518
5073 6664
5352 1661
8927 3134
395 1312
1212 7310
8639 3676
9139 8009
1190 5043
3808 4966
8076 2341
6318 2237
406 6247
1276 9832
9996 2033
4092 7446
3098 9385
7744 3450
9022 4883
1091 7983
3466 1692
153 1460
3551 9841
3158 8727
9097 9633
9473 7739
1271 8601
2350 5833
2970 3091
6924 3622
2377 7632
4541 7549
4985 6650
292 4947
2554 1132
7466 2514
4699 7759
8971 9262
7741 6671
5418 9628
738 5976
8357 5083
1133 1184
9006 3107
8330 5507
1519 4585
6539 9356
2255 8657
9322 7914
5270 1636
3055 3936
8872 6150
8495 8445
8683 9099
5388 5950
4336 5730
4400 4238
1684 9812
2470 3386
5762 2296
4718 8515
8374 5386
1480 5218
7895 3029
2931 1347
9489 3197
8934 510
5650 3927
7592 4173
1980 190
8133 9170
8000 5884
3481 4952
9584 1800
2424 7429
3400 1879
6433 2790
1740 5965
6396 8126
9573 2681
7907 4034
9738 5085
9193 6478
7724 5516
5526 9419
7930 2765
8971 1120
2836 3101
2522 4504
9832 1866
6645 5150
1325 7831
5163 8235
3266 3885
5789 4407
8301 7589
4792 693
4254 271
8628 8958
8350 8233
1107 5016
7759 8930
4761 578
1715 3828
5683 6478
8227 7598
7460 259
9241 6499
259 7934
9516 1953
5387 7495
3010 1617
6206 4049
5368 9247
6567 6391
8935 1033
8667 3220
5926 9941
3123 9539
1265 6516
9536 4785
5494 7804
3517 9637
4866 7267
2153 107
7427 4107
5761 2829
3160 6254
1243 6014
1275 2791
1212 4604
2699 1877
9234 6769
6876 7535
2678 3983
3244 2458
3416 6134
