1000 2
2660 9110
969 114
2554 1132
682 5103
4011 1371
4039 897
2524 8732
122 4910
9489 3197
7930 2765
1079 2444
3117 9609
6596 6611
3980 712
7048 2048
9652 6398
482 928
8432 7992
3646 7636
2474 2882
8460 6889
6084 7829
5392 479
6671 4139
4144 9543
4709 4604
7631 6935
1745 8699
4956 7783
1493 4865
7802 4832
5789 4407
3835 907
6396 8126
4855 3358
8747 1421
3714 1707
1915 1408
7465 9372
9866 6564
6653 9835
1475 8443
9536 4785
3835 4169
7894 9503
8227 7598
5980 3266
6101 5833
2484 2474
8076 2341
2662 2741
8026 1519
4718 8515
7089 7479
1275 2791
7404 7967
1212 4604
5905 4864
259 7934
5270 1636
406 3327
5163 8235
2116 1122
9447 4040
5168 3097
9335 490
8955 1592
3327 6042
875 6840
5368 9247
1944 4494
4808 3402
9886 65
2699 1877
5023 2165
7700 7385
4391 2797
5176 5233
7295 3888
480 2979
3416 6134
2402 1249
1401 166
4796 953
7150 7313
5629 3648
6291 3809
5128 5541
6681 1001
6345 103
4032 6052
6756 1774
4254 271
2507 6645
5708 1079
4718 7161
4091 8092
8001 519
3992 8213
5082 3126
8773 4109
5526 9419
2338 4159
3178 1685
8820 1544
5454 6583
2060 5520
3977 5097
4336 5730
9022 4883
4453 2944
857 3427
4982 1179
1636 512
5900 6414
4090 2300
4476 3873
5254 6098
6355 7387
8362 2189
2835 1718
9113 3809
8215 3617
6340 3528
4372 1029
1428 4927
1472 5494
8549 6403
4571 3051
3530 5984
9557 8712
4058 8677
5705 9473
199 3991
9259 395
5151 9227
2511 7810
512 5719
3088 5267
3676 3827
3710 3188
7619 2039
6485 8123
7280 6345
8588 4984
8148 1093
7709 3265
1270 8644
8638 9225
1479 8666
3657 8347
893 392
3466 691
4209 236
8930 7374
4850 7251
4389 5615
8395 3909
8305 2563
6267 5783
9659 4882
4816 3610
3695 7817
8409 4671
2308 61
2655 8865
7466 2514
7905 2717
728 5062
7917 4227
186 4566
4354 5014
8786 7706
2499 8319
6202 5981
5325 2970
4444 3436
6864 2301
5481 55
6251 7171
7937 7149
5849 4489
2304 8867
1932 1057
5537 2926
6213 213
9664 9367
8786 9117
5093 57
4866 7267
7639 431
9438 5095
5858 8584
5893 3741
859 1526
525 4450
582 8056
6499 8174
3338 2055
8000 5884
7726 5045
4445 4902
9089 2293
3314 5343
8791 7824
8968 319
2804 7509
1577 3541
5021 5930
5883 9124
3808 4966
9467 2100
2550 7563
9234 6769
153 1460
3914 2044
5997 1113
8745 2735
9329 6790
6699 5824
3967 8916
8348 1830
3233 7357
7894 2906
3160 6254
8301 7589
4387 5176
2970 3091
9885 8223
6156 8050
6280 3020
3575 5040
9077 6546
2514 5526
8684 5759
9490 6214
5494 7804
8316 7814
2181 2557
6249 534
3556 151
6386 590
5011 1070
4469 676
607 2358
6370 1858
4560 4219
682 7030
5889 675
2852 1801
9170 6567
525 13
9050 9374
7193 2864
6744 8753
362 2076
5650 3927
6294 95
8458 388
2569 5729
2881 4682
9124 6086
5609 1525
3350 1632
6684 3704
716 5809
7785 1654
7525 9973
5101 531
6817 8959
5387 7495
5281 7673
6876 7535
6967 7221
9031 1949
1167 8667
8376 5394
6927 4408
1980 190
3244 2458
1573 9315
1646 5606
801 5774
8554 9327
7404 4738
5418 9628
3286 2525
8352 303
1190 5043
199 3102
8681 4161
2931 1347
3347 4825
1467 2538
6955 6108
6287 1556
2620 1968
1351 7642
2447 7476
145 3824
8276 5627
751 5724
9575 7772
8017 1929
8935 1033
4985 6650
9342 1613
9695 6841
2043 4813
6940 2998
1947 2570
4145 9746
7390 2178
1480 3079
420 9752
9557 722
7627 1149
8330 5507
4401 5467
4502 1056
7460 259
9149 3927
2255 8657
9850 1609
882 2359
3629 9258
8631 2154
6433 2790
7712 9100
1080 9599
9250 8278
9903 157
5236 7794
2797 833
2713 2570
5977 3110
5901 7064
1784 6804
1879 6344
1405 2058
4549 735
2745 7071
7753 5789
3087 9497
5926 9941
6757 2203
8492 8876
9573 2681
554 6706
949 858
9022 5205
8357 5083
1446 8041
589 6588
7981 9676
5423 7292
9184 1525
2795 621
4656 6213
540 1985
7330 1775
1846 1114
8799 8859
2350 5833
9402 4396
9567 1495
9812 1855
7054 2985
3346 3453
6516 936
3517 9637
6479 9439
8478 7752
347 1650
8133 9170
3156 3061
5904 8282
914 1774
5762 2296
8862 5435
751 9284
2642 4862
2047 7290
1852 8416
3546 2785
1623 3312
3697 9391
4487 7354
8680 25
1740 5965
8644 9753
2678 3983
4468 3852
1184 3912
4392 9259
6838 21
3724 8981
3158 4636
2401 6074
1243 6014
9093 2571
7495 1313
9775 4769
2053 5100
4456 8165
873 6036
9076 9180
14 4904
8872 6150
2387 8503
8366 2515
8639 3676
7480 246
3765 1840
648 6580
9142 650
2944 4587
9052 4490
8465 1942
6046 5564
2300 9910
3638 4268
8159 9727
5118 2145
3361 3330
2119 4365
6130 852
9664 850
4400 4238
7279 3285
9738 5085
5467 6912
3551 9841
7789 8382
9130 4569
8671 9224
6301 9480
2522 4504
9403 337
5036 572
5983 7246
6022 7690
2331 6883
8292 6680
1419 3190
6800 2094
753 6143
2369 7518
6901 1379
8848 2884
866 2185
3010 1617
1138 6081
7759 8930
5932 4823
410 5518
7489 5689
3487 5387
4593 4837
7728 7390
8711 6570
1690 6269
6539 9356
8507 2647
1141 3265
7741 6671
8350 8233
3158 8727
8112 1739
2836 3101
8559 2903
8563 6819
5727 3615
395 1312
9965 6344
1444 6154
3823 7363
9949 9990
5368 5437
7767 1464
2789 2502
7377 7286
8524 9814
3065 7093
1037 2032
8982 7783
5623 8163
4699 7759
3313 5056
8014 7516
2046 2225
699 5742
5201 4696
7681 9822
7707 4982
4979 8737
3870 1006
9156 9403
3274 7534
1438 4972
8386 8862
1519 4585
832 3629
4262 6041
1859 417
6147 2116
5894 2745
8501 773
5233 2826
5240 9557
1358 8661
7397 6949
4324 9378
4040 6560
5160 2528
7925 155
1626 3100
4523 467
5752 4157
2423 1811
9201 8730
9519 1815
3258 4219
3638 2202
8971 9262
1133 1184
1568 956
4835 7909
8048 3666
8217 7456
4945 6479
5743 7563
6344 4760
6349 1039
8573 3838
9120 1111
6130 8304
7732 6620
5895 2889
1631 1995
3945 4057
2621 9982
1108 5805
7711 9136
1268 9498
6242 9526
5662 9180
9339 6674
2329 3007
5073 6664
8876 9369
1250 9159
2629 5614
6560 1078
4445 4837
9856 1111
3072 2545
7744 3450
1480 5218
2936 4968
9139 8009
9584 1800
1432 5871
2377 7632
2994 541
759 918
4889 3787
4848 9462
5272 6974
665 977
8943 2010
3663 2014
3759 3539
4825 3476
4554 7653
7627 6690
3180 1616
1942 6860
5744 5366
5545 5615
3098 4272
5339 3654
4725 1662
1441 2607
6645 5150
526 1323
9974 8870
8756 5315
3041 6189
4167 2859
9335 2054
1451 2922
9832 1866
8795 9774
8016 2297
2525 9782
9473 7739
3211 6482
5158 2201
9700 2648
2922 5330
5210 5552
3033 75
6897 110
7958 3109
9420 9964
7078 5519
7592 4173
419 8167
3270 9873
292 4947
8491 6742
5160 6739
3326 2378
4100 9488
8027 4538
2577 9132
865 6420
8209 9447
7135 4519
1633 3805
1781 4771
2444 484
6771 7771
6922 4213
284 3192
3586 2897
6255 8316
5356 6242
5187 5819
5683 6478
5415 3986
3400 2499
4928 4469
4634 6124
410 3222
8953 9934
2895 7531
7788 1677
9468 6913
2457 7932
3717 3632
8232 1242
9001 7973
3266 9385
7512 6460
6801 5261
960 766
8942 4171
4455 8559
9345 8889
5962 2945
5633 4327
5187 5904
8727 4351
2773 7210
5741 3572
7427 4107
5188 7847
5370 4383
6826 2644
1498 1668
2916 2107
6563 5718
435 486
1697 4182
7394 1621
3319 7164
4963 8654
7406 7886
75 2194
5240 9101
1891 3328
9996 2033
2446 6905
268 645
1114 9712
4775 3655
6567 6391
8927 3134
122 659
7361 3164
2153 107
9200 6971
4952 2663
1652 4946
2011 8040
4369 9487
1091 7983
325 7731
2066 8826
8608 9835
1140 5641
8971 1120
626 603
992 105
1111 6742
8361 9447
9512 6433
727 9324
6536 3263
6682 3709
9940 2953
6206 4049
8839 7544
406 6247
4021 648
1044 4166
4606 4641
2573 5320
3979 7656
6924 3622
3481 4952
5016 5048
8394 4447
4406 1460
7613 8072
5215 1231
690 5158
3549 8002
8857 5110
670 2591
4855 86
7152 8870
5761 2829
4004 7074
7966 7993
3009 9822
3636 3752
6981 7430
5702 9381
7072 8138
6789 8132
7271 1853
7779 6409
40 7813
1325 7831
252 8195
7030 8566
1824 47
8470 4380
7052 8030
1520 15
9249 1709
607 5687
2265 7145
7541 7946
9827 8629
8548 4145
2752 3227
8612 1433
5739 5569
5442 2661
9097 9633
738 5976
4698 878
9434 7795
2976 304
4863 6015
3635 5174
5844 1715
8649 3969
645 2680
2257 2303
4742 9718
6344 8166
7505 4185
8204 7720
6086 7726
8495 8445
7780 3149
5222 4979
8947 8865
7787 6368
6932 8627
2043 9673
940 847
1906 2610
8730 4699
6615 5146
1926 2074
9843 8081
1210 3929
7842 2873
3002 6787
4092 7446
2405 3418
5549 9667
7895 3029
6686 3210
1710 254
52 9604
3692 6872
6656 843
62 9506
6738 5584
8395 5499
1555 5429
5352 1661
8886 6027
9523 9608
9006 3107
8654 4880
8329 5908
3393 4629
6374 8886
9241 6499
4448 5895
8643 5292
3515 2622
6403 2974
4761 578
3548 5289
2573 472
8381 492
6318 2237
9021 9987
6978 2005
1646 3195
2278 5222
1547 2992
7788 5899
9122 1918
6569 479
3266 8408
6715 1536
4890 5607
9750 6129
6120 4096
8620 2747
8624 8395
8683 9099
5657 8214
4461 5834
8651 859
2358 8426
30 4527
3068 7534
4799 3777
4792 693
9082 4069
7907 4034
4381 4029
1684 9812
2977 8244
3466 1692
3098 9385
2264 5377
1473 8907
9919 9439
1338 9231
9838 819
9020 4158
5169 5145
2435 2785
7169 3281
5815 4389
6480 7424
5950 8494
9316 7666
5615 7422
1271 8601
5460 7340
8050 237
5046 5200
342 8896
1276 9832
5388 5950
6177 1672
3266 3885
8198 585
6522 4054
9193 6478
4905 8646
6474 7338
3902 5569
4852 2694
2714 9512
9516 1953
8322 7695
3256 6848
1886 5104
4537 9483
3818 2169
3512 5827
8075 662
1771 480
1910 6486
757 3992
6769 4805
3123 9539
6334 7377
8714 6752
6108 4178
1826 9614
3546 2269
9057 6349
2337 8424
9625 4365
4973 177
8822 2340
6742 579
7170 5582
589 5107
3265 3982
1212 7310
9322 7914
458 7428
2853 9831
9217 1590
1265 6516
8374 5386
5621 6119
4874 249
8310 1699
360 6949
6341 7015
8908 2007
4560 754
37 8032
1715 3828
8817 878
1017 2881
7724 5516
9233 6120
2470 3386
4244 9821
2058 3771
323 5462
571 3880
2424 7429
7949 2219
1730 9392
4541 9006
1846 6343
8628 8958
327 187
8303 1453
3166 8209
3055 3936
9677 8947
8695 8603
8250 96
6043 2669
5463 2218
4608 4375
2720 5915
367 8896
9192 2314
3400 1879
8406 9555
7414 3535
4151 3089
6904 8625
4629 6895
7578 9899
1301 2542
8972 2453
4826 5991
4541 7549
1272 3781
9781 9615
3291 6500
4151 6763
421 4581
3764 2752
5578 5536
7509 5188
8433 7215
8667 3220
7444 7480
3117 1962
1107 5016
7995 885
590 6381
4288 9678
9302 3795
1758 8138
7547 8938
8934 510
5398 4980
5787 5604
3022 4619
8970 1769
7162 6824
5646 3737
5765 4800
299 7413
8664 7495
5637 7218
9913 779
9847 1699
1060 3352
685 3576
2866 8222
5778 3946
6573 8864
8247 5952
4618 8767
4237 1773
