1000 2
7048 2048
9249 1709
9113 3809
3638 4268
8968 319
3117 9609
4324 9378
3123 9539
7894 2906
3266 9385
3549 8002
525 13
7619 2039
1697 4182
3697 9391
4456 8165
1140 5641
8330 5507
7169 3281
5926 9941
4476 3873
2446 6905
8820 1544
5844 1715
3291 6500
9076 9180
3158 8727
9345 8889
3010 1617
6022 7690
3274 7534
1926 2074
7700 7385
6681 1001
4058 8677
7390 2178
1910 6486
122 659
4725 1662
7726 5045
2931 1347
4634 6124
8711 6570
857 3427
8215 3617
8198 585
1037 2032
6684 3704
753 6143
5609 1525
2789 2502
7894 9503
8460 6889
757 3992
9022 5205
362 2076
9201 8730
9827 8629
5901 7064
9557 722
8276 5627
5423 7292
4468 3852
1111 6742
1646 5606
5281 7673
5744 5366
6573 8864
8791 7824
2444 484
8822 2340
284 3192
4560 754
9149 3927
3033 75
801 5774
2836 3101
8501 773
1479 8666
9700 2648
8947 8865
2662 2741
3629 9258
9516 1953
5629 3648
8631 2154
8680 25
8942 4171
5036 572
3098 4272
1405 2058
1781 4771
2699 1877
9156 9403
8076 2341
9031 1949
2866 8222
7525 9973
8972 2453
4606 4641
8695 8603
6742 579
8374 5386
8886 6027
6569 479
7981 9676
1944 4494
8643 5292
9200 6971
7788 1677
4354 5014
6291 3809
9519 1815
2047 7290
3546 2785
6756 1774
6242 9526
5325 2970
5352 1661
2745 7071
2435 2785
5932 4823
1133 1184
2424 7429
4040 6560
1438 4972
9575 7772
4369 9487
7937 7149
8563 6819
8671 9224
1451 2922
969 114
8786 7706
9241 6499
3002 6787
6294 95
5752 4157
1275 2791
8644 9753
5615 7422
4889 3787
4469 676
2629 5614
7709 3265
1555 5429
682 5103
589 6588
3992 8213
3512 5827
9843 8081
9093 2571
1646 3195
8930 7374
62 9506
2423 1811
3098 9385
8406 9555
7681 9822
4209 236
8588 4984
1715 3828
3256 6848
5894 2745
7404 7967
5683 6478
7707 4982
3393 4629
9184 1525
2066 8826
5578 5536
6981 7430
8026 1519
2795 621
5545 5615
7711 9136
3361 3330
8862 5435
6757 2203
2377 7632
5623 8163
1060 3352
4092 7446
3065 7093
7162 6824
9124 6086
5176 5233
5101 531
9021 9987
3346 3453
3636 3752
6386 590
607 2358
5900 6414
8786 9117
1444 6154
1631 1995
2153 107
1114 9712
1947 2570
2713 2570
6403 2974
7547 8938
626 603
2308 61
4963 8654
8982 7783
6738 5584
7744 3450
8971 1120
8433 7215
4890 5607
7712 9100
3258 4219
2053 5100
8628 8958
1824 47
1017 2881
7966 7993
5849 4489
2358 8426
8934 510
9438 5095
5073 6664
3717 3632
5128 5541
2525 9782
3466 691
6355 7387
8795 9774
9903 157
7394 1621
2569 5729
4167 2859
9050 9374
8667 3220
6334 7377
7907 4034
8507 2647
3400 1879
145 3824
4392 9259
4826 5991
3041 6189
1623 3312
9335 2054
458 7428
8159 9727
914 1774
3286 2525
1891 3328
2369 7518
3714 1707
3265 3982
1212 4604
8624 8395
3156 3061
2514 5526
5368 5437
8876 9369
8971 9262
6924 3622
6715 1536
8395 5499
2642 4862
186 4566
3314 5343
9335 490
6249 534
1480 5218
3657 8347
6396 8126
8651 859
4444 3436
8524 9814
4629 6895
342 8896
5356 6242
949 858
2573 5320
8684 5759
8204 7720
6474 7338
5272 6974
435 486
9057 6349
1915 1408
5526 9419
1859 417
6940 2998
699 5742
8573 3838
5765 4800
2402 1249
7444 7480
3088 5267
7279 3285
6479 9439
6744 8753
7427 4107
9001 7973
5151 9227
252 8195
8495 8445
6699 5824
4400 4238
8756 5315
2257 2303
8554 9327
7280 6345
40 7813
7780 3149
1684 9812
7361 3164
9139 8009
2405 3418
8620 2747
8148 1093
7414 3535
7505 4185
3180 1616
2046 2225
4032 6052
3072 2545
8350 8233
589 5107
9473 7739
3158 4636
3548 5289
9130 4569
7905 2717
1942 6860
2337 8424
6370 1858
1846 6343
6344 4760
5950 8494
6130 8304
5398 4980
9402 4396
2621 9982
4855 3358
6374 8886
6838 21
4982 1179
9866 6564
6345 103
2043 4813
8017 1929
5370 4383
1271 8601
4389 5615
6147 2116
1108 5805
1351 7642
3022 4619
367 8896
4699 7759
9316 7666
2852 1801
5741 3572
4874 249
9233 6120
6826 2644
5163 8235
6516 936
406 3327
4445 4902
1636 512
5983 7246
2338 4159
9940 2953
4448 5895
7397 6949
5621 6119
2447 7476
6800 2094
5997 1113
2331 6883
9302 3795
9523 9608
9775 4769
9512 6433
7466 2514
410 3222
1268 9498
670 2591
4021 648
3266 3885
9738 5085
6202 5981
52 9604
4792 693
9677 8947
9664 9367
6922 4213
2265 7145
5633 4327
268 645
5160 6739
6046 5564
9949 9990
8361 9447
6287 1556
1498 1668
327 187
8250 96
347 1650
8478 7752
5270 1636
1730 9392
554 6706
2720 5915
3319 7164
2977 8244
5201 4696
7842 2873
5727 3615
2524 8732
9097 9633
5705 9473
8075 662
7404 4738
9170 6567
6267 5783
9447 4040
7787 6368
7480 246
420 9752
9467 2100
2895 7531
1573 9315
6927 4408
4796 953
6536 3263
6206 4049
9434 7795
4011 1371
2976 304
5893 3741
8316 7814
9250 8278
2470 3386
3764 2752
1493 4865
4541 7549
9965 6344
5962 2945
1690 6269
1338 9231
7728 7390
3530 5984
8209 9447
7193 2864
7330 1775
5815 4389
6084 7829
6645 5150
8839 7544
6932 8627
6251 7171
3178 1685
5240 9557
4445 4837
6539 9356
9584 1800
8357 5083
7895 3029
960 766
8943 2010
5158 2201
4372 1029
3663 2014
4656 6213
1446 8041
8458 388
8799 8859
7639 431
7377 7286
540 1985
4905 8646
6341 7015
5415 3986
406 6247
5778 3946
8683 9099
9490 6214
419 8167
5858 8584
7030 8566
3270 9873
1265 6516
9342 1613
6560 1078
8935 1033
7753 5789
8301 7589
9850 1609
7509 5188
1190 5043
9885 8223
9652 6398
5236 7794
7958 3109
4973 177
3515 2622
8362 2189
4825 3476
8247 5952
9750 6129
4608 4375
7295 3888
7789 8382
590 6381
2752 3227
4866 7267
2119 4365
2264 5377
8773 4109
8133 9170
37 8032
5537 2926
4144 9543
6897 110
9329 6790
8027 4538
6653 9835
8649 3969
1107 5016
4288 9678
7788 5899
8292 6680
690 5158
4985 6650
4863 6015
873 6036
4554 7653
9089 2293
8352 303
1480 3079
9192 2314
2511 7810
7732 6620
2994 541
665 977
3068 7534
9625 4365
6789 8132
5904 8282
571 3880
9659 4882
3009 9822
8376 5394
122 4910
1210 3929
7072 8138
4004 7074
2773 7210
8608 9835
4537 9483
1358 8661
5549 9667
7495 1313
5662 9180
9403 337
3338 2055
4381 4029
3313 5056
3160 6254
5650 3927
832 3629
5739 5569
1212 7310
3244 2458
5905 4864
3117 1962
3646 7636
8872 6150
6499 8174
4541 9006
685 3576
6901 1379
2329 3007
7089 7479
4523 467
2522 4504
4453 2944
1091 7983
875 6840
3724 8981
3211 6482
9557 8712
2011 8040
5980 3266
8381 492
7925 155
3551 9841
9567 1495
1577 3541
4571 3051
1079 2444
6967 7221
2300 9910
6671 4139
866 2185
1473 8907
3575 5040
8927 3134
1467 2538
8548 4145
893 392
4391 2797
3327 6042
9781 9615
4387 5176
5762 2296
4549 735
3087 9497
292 4947
738 5976
6101 5833
2255 8657
8217 7456
3556 151
1633 3805
5187 5904
4618 8767
6344 8166
7078 5519
8848 2884
4928 4469
6108 4178
4593 4837
3266 8408
859 1526
3835 4169
5481 55
9122 1918
8470 4380
1710 254
8817 878
2804 7509
8227 7598
8908 2007
4979 8737
1138 6081
4145 9746
3586 2897
3692 6872
1846 1114
7592 4173
3676 3827
2181 2557
7541 7946
8465 1942
480 2979
9847 1699
727 9324
2944 4587
5187 5819
7631 6935
5254 6098
4091 8092
6349 1039
1886 5104
6130 852
199 3102
3835 907
1428 4927
3466 1692
2350 5833
482 928
7627 1149
4718 7161
6522 4054
6771 7771
8366 2515
5169 5145
395 1312
4742 9718
8000 5884
6177 1672
7741 6671
5637 7218
4090 2300
5016 5048
2620 1968
2116 1122
7460 259
882 2359
8014 7516
3808 4966
5082 3126
2678 3983
9077 6546
7150 7313
3166 8209
7767 1464
6978 2005
4244 9821
4039 897
4852 2694
1475 8443
9996 2033
2916 2107
648 6580
1243 6014
8727 4351
8310 1699
4952 2663
3979 7656
751 5724
9919 9439
4254 271
1250 9159
2401 6074
5895 2889
6563 5718
3055 3936
2970 3091
4855 86
5743 7563
716 5809
4151 3089
5368 9247
5646 3737
6301 9480
9832 1866
1519 4585
1652 4946
1932 1057
2550 7563
3902 5569
1184 3912
6433 2790
1980 190
5883 9124
5761 2829
410 5518
8232 1242
7578 9899
940 847
645 2680
9664 850
1879 6344
6876 7535
2304 8867
4761 578
682 7030
5387 7495
8348 1830
6596 6611
759 918
8714 6752
6318 2237
9468 6913
6043 2669
5789 4407
5021 5930
6156 8050
325 7731
8639 3676
3977 5097
3326 2378
4262 6041
9322 7914
6686 3210
512 5719
1626 3100
526 1323
9193 6478
6485 8123
1044 4166
4945 6479
1167 8667
5222 4979
5118 2145
7930 2765
6213 213
3400 2499
582 8056
4151 6763
7627 6690
1441 2607
1745 8699
9052 4490
5388 5950
4487 7354
1740 5965
1852 8416
153 1460
7949 2219
6955 6108
8048 3666
5889 675
4816 3610
2714 9512
6801 5261
3710 3188
8747 1421
9339 6674
3638 2202
7271 1853
2060 5520
7054 2985
8730 4699
5702 9381
2043 9673
7613 8072
360 6949
7724 5516
2457 7932
8491 6742
5046 5200
9022 4883
199 3991
6682 3709
9974 8870
1141 3265
6280 3020
3980 712
5708 1079
5240 9101
8654 4880
1419 3190
4401 5467
1784 6804
7759 8930
9838 819
8016 2297
4709 4604
5418 9628
9006 3107
8050 237
9913 779
6904 8625
1270 8644
5233 2826
7406 7886
2278 5222
2474 2882
323 5462
7785 1654
2577 9132
8386 8862
3818 2169
1432 5871
3945 4057
3347 4825
9812 1855
8305 2563
5442 2661
3759 3539
8394 4447
7170 5582
5168 3097
7465 9372
7779 6409
2554 1132
8112 1739
9259 395
5093 57
5787 5604
2881 4682
1276 9832
2387 8503
607 5687
4336 5730
4698 878
1771 480
9120 1111
3635 5174
6255 8316
6615 5146
6567 6391
8395 3909
3870 1006
1401 166
7995 885
9695 6841
3823 7363
1568 956
3350 1632
4461 5834
9234 6769
5460 7340
2660 9110
5977 3110
4455 8559
525 4450
8638 9225
6817 8959
5011 1070
8329 5908
1758 8138
2573 472
14 4904
3546 2269
7917 4227
7152 8870
9420 9964
7135 4519
6340 3528
1301 2542
4775 3655
1272 3781
4848 9462
4560 4219
8612 1433
3695 7817
8409 4671
9020 4158
1520 15
7052 8030
8322 7695
2922 5330
3914 2044
8303 1453
2499 8319
7802 4832
1080 9599
8745 2735
8664 7495
5657 8214
6769 4805
3233 7357
2058 3771
9489 3197
2655 8865
9142 650
8559 2903
8681 4161
9082 4069
4808 3402
9886 65
8001 519
2936 4968
3967 8916
3481 4952
4406 1460
4502 1056
2853 9831
2507 6645
9856 1111
8549 6403
5160 2528
5188 7847
1906 2610
9573 2681
8953 9934
5463 2218
6480 7424
5454 6583
8492 8876
728 5062
8955 1592
4237 1773
9217 1590
8970 1769
6864 2301
2484 2474
259 7934
2797 833
6656 843
4956 7783
5023 2165
6120 4096
5392 479
7489 5689
865 6420
1325 7831
6086 7726
4100 9488
30 4527
4799 3777
3517 9637
3416 6134
2835 1718
5210 5552
3765 1840
8857 5110
75 2194
992 105
8432 7992
3487 5387
4718 8515
5467 6912
4835 7909
7512 6460
4850 7251
5494 7804
421 4581
1826 9614
1472 5494
1547 2992
9536 4785
5215 1231
751 9284
299 7413
5339 3654
