1000 2
3158 4636
5705 9473
9664 9367
7054 2985
5210 5552
9996 2033
153 1460
7394 1621
6084 7829
8747 1421
6242 9526
4963 8654
1520 15
7639 431
1910 6486
6479 9439
3546 2785
7592 4173
9536 4785
685 3576
9781 9615
7150 7313
4502 1056
1270 8644
3466 691
5270 1636
1784 6804
1210 3929
1212 7310
5392 479
3033 75
6130 8304
2447 7476
9573 2681
9234 6769
3313 5056
5633 4327
3808 4966
4389 5615
5983 7246
9695 6841
9342 1613
2444 484
4982 1179
4850 7251
5222 4979
1480 5218
7427 4107
1697 4182
8433 7215
9512 6433
2554 1132
5370 4383
4167 2859
5702 9381
3098 9385
1472 5494
4151 6763
6967 7221
6771 7771
4606 4641
8982 7783
6101 5833
4945 6479
6474 7338
6978 2005
3319 7164
1438 4972
5160 6739
5905 4864
5454 6583
9949 9990
8292 6680
3326 2378
6756 1774
1419 3190
6202 5981
8549 6403
5467 6912
4092 7446
1268 9498
9093 2571
6656 843
1947 2570
3123 9539
5739 5569
1444 6154
589 6588
1690 6269
9259 395
3347 4825
8711 6570
893 392
8027 4538
5151 9227
9523 9608
8953 9934
347 1650
6757 2203
2714 9512
8559 2903
6864 2301
9241 6499
1745 8699
2524 8732
2852 1801
75 2194
3088 5267
6267 5783
5609 1525
9677 8947
9489 3197
1272 3781
6349 1039
9335 2054
420 9752
4698 878
682 5103
2358 8426
7789 8382
9974 8870
9077 6546
2377 7632
3517 9637
9076 9180
1467 2538
6345 103
1859 417
4445 4837
2797 833
5621 6119
8620 2747
5233 2826
4593 4837
8817 878
8548 4145
4387 5176
801 5774
6403 2974
1138 6081
6715 1536
7460 259
4608 4375
9856 1111
1441 2607
122 4910
1646 5606
4560 754
199 3991
4237 1773
9584 1800
4863 6015
645 2680
6344 4760
3256 6848
8935 1033
7489 5689
7724 5516
8305 2563
1846 1114
992 105
7744 3450
9089 2293
3638 2202
7627 6690
6334 7377
406 6247
626 603
6177 1672
5893 3741
9850 1609
2470 3386
5011 1070
3870 1006
7905 2717
7048 2048
4391 2797
9022 4883
6686 3210
3178 1685
3823 7363
6569 479
2060 5520
4629 6895
2642 4862
6615 5146
9700 2648
8501 773
410 5518
9031 1949
8664 7495
3692 6872
3835 907
2046 2225
9193 6478
1338 9231
1740 5965
5549 9667
1715 3828
1684 9812
8573 3838
1480 3079
6684 3704
3002 6787
1944 4494
4928 4469
9447 4040
670 2591
5118 2145
1432 5871
2994 541
1044 4166
4288 9678
1133 1184
6120 4096
5744 5366
5741 3572
2255 8657
4855 3358
7512 6460
2387 8503
1271 8601
832 3629
5980 3266
7788 1677
571 3880
6086 7726
5926 9941
753 6143
4718 8515
8684 5759
5727 3615
3266 8408
8227 7598
9124 6086
6563 5718
9050 9374
3646 7636
4725 1662
4369 9487
6645 5150
1626 3100
3710 3188
9468 6913
8357 5083
1573 9315
9170 6567
1351 7642
9473 7739
690 5158
4487 7354
857 3427
8352 303
3695 7817
8848 2884
8395 5499
949 858
6516 936
6108 4178
8310 1699
6499 8174
7404 7967
37 8032
8465 1942
30 4527
4956 7783
5646 3737
5201 4696
5815 4389
8395 3909
9567 1495
7330 1775
6932 8627
8376 5394
4401 5467
5046 5200
7152 8870
1710 254
1184 3912
1730 9392
9403 337
3586 2897
8822 2340
5901 7064
2153 107
6433 2790
3759 3539
5169 5145
7509 5188
9827 8629
6251 7171
9965 6344
7712 9100
6817 8959
5368 5437
5016 5048
738 5976
5356 6242
7030 8566
3098 4272
2511 7810
5160 2528
7361 3164
3156 3061
1926 2074
4855 86
2446 6905
9316 7666
3065 7093
9940 2953
5240 9557
5765 4800
9886 65
4808 3402
2866 8222
6876 7535
9345 8889
2265 7145
5236 7794
7444 7480
2881 4682
8491 6742
3765 1840
8638 9225
5082 3126
6940 2998
5128 5541
4874 249
9339 6674
5752 4157
5849 4489
8478 7752
6904 8625
7753 5789
3967 8916
5215 1231
4448 5895
866 2185
7958 3109
3530 5984
6801 5261
4100 9488
1781 4771
9249 1709
5657 8214
8971 1120
6206 4049
2499 8319
8563 6819
8329 5908
5789 4407
1250 9159
3072 2545
8927 3134
7728 7390
6789 8132
6744 8753
8001 519
9022 5205
1493 4865
4254 271
5962 2945
1519 4585
3009 9822
9097 9633
6370 1858
8432 7992
5481 55
3724 8981
1473 8907
9200 6971
4541 9006
5683 6478
3327 6042
8588 4984
5894 2745
751 5724
4039 897
751 9284
8857 5110
8644 9753
62 9506
5240 9101
145 3824
5787 5604
2936 4968
4742 9718
4985 6650
5352 1661
8651 859
8654 4880
1037 2032
8406 9555
4523 467
6738 5584
607 2358
1265 6516
7377 7286
7525 9973
9438 5095
3551 9841
52 9604
2181 2557
5423 7292
5021 5930
4461 5834
2970 3091
2525 9782
7193 2864
2278 5222
8014 7516
8250 96
7619 2039
5101 531
2066 8826
7937 7149
2621 9982
3902 5569
1577 3541
8791 7824
4537 9483
395 1312
3657 8347
3979 7656
5761 2829
554 6706
2474 2882
7162 6824
9812 1855
9156 9403
1879 6344
3764 2752
2804 7509
4209 236
8773 4109
5650 3927
9750 6129
5281 7673
4372 1029
5387 7495
8148 1093
4560 4219
1212 4604
2922 5330
1646 3195
4799 3777
6043 2669
2337 8424
2058 3771
5629 3648
7949 2219
4571 3051
4244 9821
7170 5582
2300 9910
9516 1953
8016 2297
7627 1149
1824 47
9149 3927
4456 8165
5163 8235
6955 6108
2401 6074
2338 4159
4848 9462
2435 2785
665 977
323 5462
7280 6345
8112 1739
6927 4408
5708 1079
2304 8867
7072 8138
292 4947
4453 2944
284 3192
7279 3285
1141 3265
8366 2515
2944 4587
7406 7886
1886 5104
7169 3281
9519 1815
8470 4380
2116 1122
6800 2094
4761 578
2573 472
8554 9327
7894 2906
7466 2514
1633 3805
6838 21
8458 388
3266 9385
2308 61
582 8056
4792 693
4040 6560
1140 5641
8695 8603
367 8896
2405 3418
5187 5819
7741 6671
3977 5097
7404 4738
4400 4238
1108 5805
6922 4213
8671 9224
5623 8163
1846 6343
1568 956
2569 5729
3346 3453
3160 6254
6301 9480
1475 8443
4541 7549
8076 2341
6287 1556
6386 590
5889 675
7788 5899
2424 7429
6826 2644
727 9324
14 4904
2484 2474
5368 9247
421 4581
1446 8041
6981 7430
7925 155
3481 4952
5460 7340
3233 7357
9467 2100
9557 8712
2699 1877
2514 5526
2789 2502
3914 2044
458 7428
8714 6752
5325 2970
6560 1078
3835 4169
6924 3622
7135 4519
8322 7695
1852 8416
3575 5040
6022 7690
6480 7424
7780 3149
2423 1811
8409 4671
325 7731
7787 6368
3635 5174
3180 1616
4091 8092
4890 5607
9652 6398
8680 25
9913 779
6344 8166
5168 3097
4554 7653
6682 3709
3265 3982
480 2979
8198 585
3270 9873
6485 8123
6396 8126
7495 1313
3636 3752
9184 1525
5463 2218
299 7413
8026 1519
5615 7422
7465 9372
4469 676
2931 1347
9557 722
5176 5233
9903 157
4796 953
5977 3110
1017 2881
2043 9673
6671 4139
3416 6134
3244 2458
3400 2499
7966 7993
8795 9774
8886 6027
8507 2647
7681 9822
7711 9136
9052 4490
8247 5952
9120 1111
3400 1879
1114 9712
9659 4882
252 8195
3266 3885
525 13
4852 2694
9122 1918
8075 662
9434 7795
362 2076
2836 3101
8970 1769
482 928
2853 9831
7078 5519
3055 3936
435 486
5254 6098
8972 2453
6567 6391
4825 3476
3512 5827
4476 3873
3697 9391
3487 5387
3549 8002
8862 5435
7981 9676
8209 9447
6280 3020
2752 3227
1276 9832
5778 3946
4866 7267
3717 3632
1771 480
8934 510
8820 1544
3291 6500
4699 7759
8908 2007
6536 3263
3117 1962
8232 1242
8394 4447
8942 4171
6355 7387
7480 246
3068 7534
7709 3265
1325 7831
9402 4396
4324 9378
8631 2154
9302 3795
8786 7706
3945 4057
2678 3983
5494 7804
8667 3220
8639 3676
8872 6150
3548 5289
7089 7479
4262 6041
9775 4769
3211 6482
8947 8865
9006 3107
4709 4604
327 187
9113 3809
4445 4902
7052 8030
4905 8646
8204 7720
9843 8081
1623 3312
40 7813
728 5062
9832 1866
2550 7563
7613 8072
3087 9497
2331 6883
8495 8445
5388 5950
8361 9447
5537 2926
5545 5615
3466 1692
8133 9170
342 8896
8276 5627
8492 8876
8727 4351
8362 2189
9866 6564
3166 8209
2977 8244
9139 8009
2655 8865
3041 6189
1275 2791
4973 177
9838 819
8000 5884
3992 8213
6539 9356
9625 4365
9335 490
1932 1057
6046 5564
7414 3535
5662 9180
8303 1453
8786 9117
7578 9899
3010 1617
4336 5730
9664 850
914 1774
8301 7589
8159 9727
5895 2889
9217 1590
8350 8233
2573 5320
1826 9614
7547 8938
9575 7772
5762 2296
1091 7983
2916 2107
589 5107
8930 7374
6156 8050
3022 4619
8839 7544
2043 4813
9420 9964
8955 1592
2522 4504
716 5809
2047 7290
2119 4365
3158 8727
7700 7385
6596 6611
4090 2300
4468 3852
2976 304
5093 57
1405 2058
5932 4823
4151 3089
9885 8223
8524 9814
1060 3352
8017 1929
5578 5536
875 6840
4718 7161
6291 3809
1401 166
8943 2010
2011 8040
2795 621
8386 8862
2662 2741
4775 3655
3286 2525
9020 4158
5883 9124
873 6036
8215 3617
3393 4629
8460 6889
199 3102
8217 7456
2329 3007
1636 512
607 5687
186 4566
1479 8666
1906 2610
960 766
410 3222
6653 9835
8330 5507
4826 5991
5188 7847
1111 6742
8971 9262
5900 6414
5036 572
8649 3969
6522 4054
9082 4069
3676 3827
7785 1654
7732 6620
3117 9609
6901 1379
7397 6949
3980 712
6294 95
4032 6052
7505 4185
5844 1715
4549 735
2457 7932
526 1323
2507 6645
5073 6664
3350 1632
2053 5100
7842 2873
9001 7973
4406 1460
512 5719
268 645
1891 3328
699 5742
6130 852
4381 4029
406 3327
7779 6409
5526 9419
3515 2622
3258 4219
6213 213
8381 492
3818 2169
2257 2303
7541 7946
1080 9599
4004 7074
6318 2237
5858 8584
3546 2269
8876 9369
865 6420
4816 3610
6897 110
969 114
3361 3330
8730 4699
8683 9099
3556 151
759 918
8348 1830
5272 6974
7759 8930
5442 2661
7295 3888
419 8167
3663 2014
2835 1718
1915 1408
8316 7814
7271 1853
6249 534
8048 3666
2402 1249
3274 7534
8608 9835
4835 7909
7802 4832
882 2359
6147 2116
7917 4227
5339 3654
5158 2201
1301 2542
4354 5014
4952 2663
4145 9746
1980 190
9142 650
3714 1707
5950 8494
1428 4927
6340 3528
8681 4161
9847 1699
8799 8859
2895 7531
9329 6790
8624 8395
7390 2178
9322 7914
859 1526
7995 885
9130 4569
1498 1668
6573 8864
4634 6124
1243 6014
4392 9259
6374 8886
9490 6214
259 7934
4144 9543
9738 5085
6341 7015
9250 8278
1758 8138
682 7030
3338 2055
9919 9439
7930 2765
1942 6860
360 6949
4058 8677
1652 4946
2629 5614
1190 5043
9192 2314
6681 1001
1547 2992
757 3992
5904 8282
5637 7218
2350 5833
2369 7518
525 4450
1167 8667
2577 9132
940 847
9057 6349
9201 8730
2720 5915
1358 8661
5023 2165
4011 1371
8612 1433
8643 5292
7907 4034
1451 2922
3314 5343
4455 8559
648 6580
4444 3436
8745 2735
5997 1113
4656 6213
2264 5377
5187 5904
8374 5386
5398 4980
1107 5016
7726 5045
540 1985
6769 4805
5743 7563
8968 319
590 6381
7895 3029
8628 8958
2660 9110
6742 579
1631 1995
8050 237
9021 9987
3638 4268
7631 6935
4979 8737
9233 6120
122 659
2773 7210
8756 5315
7767 1464
2713 2570
1555 5429
6699 5824
3629 9258
7894 9503
5418 9628
1079 2444
4021 648
5415 3986
2745 7071
2620 1968
4618 8767
6255 8316
7707 4982
4889 3787
