1000 2
1710 254
9302 3795
3033 75
7377 7286
8848 2884
8198 585
3902 5569
2265 7145
4336 5730
6771 7771
1250 9159
8620 2747
1210 3929
526 1323
1519 4585
3347 4825
5752 4157
6569 479
3764 2752
122 659
882 2359
7361 3164
3068 7534
8458 388
1493 4865
8432 7992
7592 4173
8227 7598
9097 9633
3233 7357
3765 1840
8588 4984
1947 2570
8394 4447
6086 7726
6800 2094
8330 5507
4469 676
8971 9262
7741 6671
3346 3453
801 5774
1472 5494
327 187
1479 8666
9664 9367
7785 1654
949 858
6940 2998
8727 4351
7271 1853
9200 6971
1080 9599
482 928
5387 7495
757 3992
292 4947
5163 8235
1268 9498
5646 3737
2853 9831
1684 9812
3244 2458
5629 3648
9625 4365
8876 9369
6932 8627
4699 7759
1473 8907
1577 3541
626 603
9903 157
9584 1800
6318 2237
9124 6086
3717 3632
4852 2694
9403 337
8292 6680
5962 2945
8930 7374
6485 8123
4040 6560
8649 3969
3158 4636
5549 9667
8638 9225
5281 7673
4629 6895
2181 2557
4874 249
1784 6804
8027 4538
3487 5387
682 7030
607 5687
2662 2741
5187 5904
6927 4408
2550 7563
4406 1460
3657 8347
9259 395
4151 3089
8352 303
3166 8209
7509 5188
7724 5516
9113 3809
5494 7804
4541 9006
6826 2644
6374 8886
3160 6254
7525 9973
1745 8699
3724 8981
7937 7149
2569 5729
6370 1858
4476 3873
6516 936
7193 2864
4445 4902
1140 5641
3072 2545
9201 8730
6349 1039
3266 3885
3967 8916
9345 8889
2881 4682
1467 2538
8982 7783
832 3629
9184 1525
2773 7210
4799 3777
8329 5908
8683 9099
3361 3330
8573 3838
5849 4489
7512 6460
9523 9608
540 1985
3256 6848
4761 578
2573 5320
5789 4407
5370 4383
6084 7829
5016 5048
7390 2178
9130 4569
589 6588
6684 3704
2424 7429
1270 8644
4468 3852
268 645
1690 6269
9139 8009
4541 7549
3481 4952
5418 9628
7905 2717
859 1526
7162 6824
7406 7886
5762 2296
5708 1079
8756 5315
5609 1525
1325 7831
9052 4490
2058 3771
9170 6567
3117 1962
5272 6974
1824 47
6978 2005
7753 5789
7078 5519
5233 2826
30 4527
5339 3654
1781 4771
2444 484
1037 2032
4549 735
5623 8163
5160 2528
4808 3402
8839 7544
3695 7817
6838 21
2713 2570
5467 6912
8971 1120
5187 5819
7712 9100
9812 1855
7480 246
8651 859
7152 8870
435 486
9082 4069
3980 712
3123 9539
3291 6500
9536 4785
4324 9378
5893 3741
751 5724
367 8896
5741 3572
8947 8865
3400 2499
7709 3265
4863 6015
1852 8416
6522 4054
480 2979
9022 5205
9193 6478
6301 9480
2300 9910
1631 1995
7966 7993
299 7413
8465 1942
8348 1830
7397 6949
4608 4375
3517 9637
1141 3265
9940 2953
5463 2218
3586 2897
8048 3666
9856 1111
5388 5950
3977 5097
6922 4213
571 3880
3546 2269
8548 4145
3010 1617
4979 8737
5023 2165
4288 9678
4593 4837
5270 1636
9076 9180
5442 2661
1243 6014
6403 2974
4850 7251
6480 7424
8016 2297
7779 6409
4092 7446
7495 1313
6340 3528
419 8167
7627 6690
1520 15
5637 7218
7465 9372
6267 5783
4560 4219
6864 2301
6876 7535
8507 2647
512 5719
6341 7015
7279 3285
875 6840
5926 9941
9249 1709
2457 7932
1428 4927
1652 4946
9575 7772
420 9752
9775 4769
4502 1056
857 3427
1573 9315
8554 9327
362 2076
4262 6041
2377 7632
5739 5569
4100 9488
284 3192
5761 2829
9142 650
5702 9381
4698 878
8301 7589
4381 4029
4982 1179
3266 8408
8322 7695
1568 956
14 4904
6801 5261
2308 61
9832 1866
3945 4057
7072 8138
8350 8233
8791 7824
360 6949
5650 3927
8654 4880
2714 9512
3178 1685
1910 6486
5545 5615
8817 878
8310 1699
3530 5984
1401 166
1980 190
2944 4587
3002 6787
9031 1949
8001 519
9659 4882
3663 2014
8631 2154
3714 1707
9700 2648
9021 9987
590 6381
2350 5833
6615 5146
5904 8282
7925 155
347 1650
9434 7795
3211 6482
8862 5435
5578 5536
2994 541
727 9324
5778 3946
8050 237
9519 1815
3009 9822
4718 7161
8968 319
9886 65
582 8056
2435 2785
5460 7340
5901 7064
9750 6129
3400 1879
6567 6391
9093 2571
6499 8174
8612 1433
5240 9557
7726 5045
3835 907
2257 2303
9316 7666
8857 5110
5210 5552
4835 7909
6744 8753
5980 3266
4554 7653
1419 3190
8908 2007
1859 417
4445 4837
3180 1616
3270 9873
5158 2201
8492 8876
759 918
1275 2791
2119 4365
9233 6120
873 6036
410 3222
6177 1672
2922 5330
1044 4166
6817 8959
8159 9727
7707 4982
6897 110
3098 4272
4905 8646
2446 6905
1111 6742
866 2185
7048 2048
7627 1149
3914 2044
2931 1347
7578 9899
9234 6769
525 4450
3992 8213
5815 4389
75 2194
3350 1632
2423 1811
1826 9614
4144 9543
2066 8826
4354 5014
8217 7456
5222 4979
8133 9170
2745 7071
9050 9374
8799 8859
690 5158
4487 7354
2621 9982
7631 6935
2977 8244
3638 4268
2264 5377
7842 2873
7681 9822
6251 7171
40 7813
4742 9718
1697 4182
6645 5150
6433 2790
3635 5174
6596 6611
9329 6790
3556 151
8644 9753
5356 6242
2402 1249
5128 5541
8276 5627
2304 8867
3098 9385
1432 5871
7995 885
6573 8864
4656 6213
1212 4604
323 5462
8395 3909
2660 9110
4369 9487
5368 9247
1646 3195
6536 3263
9156 9403
7466 2514
4952 2663
4889 3787
6344 8166
1301 2542
8250 96
7895 3029
1017 2881
3823 7363
8563 6819
9402 4396
2514 5526
7489 5689
2153 107
9913 779
2499 8319
1942 6860
2507 6645
2046 2225
8970 1769
5352 1661
4444 3436
8886 6027
1480 5218
7170 5582
3416 6134
153 1460
2116 1122
4209 236
3629 9258
3313 5056
145 3824
3326 2378
2401 6074
3266 9385
8680 25
9006 3107
1879 6344
9695 6841
1271 8601
9652 6398
6789 8132
9467 2100
7295 3888
7917 4227
4455 8559
8714 6752
1079 2444
6955 6108
670 2591
8014 7516
406 3327
4391 2797
8357 5083
8795 9774
648 6580
3158 8727
969 114
8927 3134
1446 8041
7788 1677
4244 9821
4725 1662
5997 1113
9489 3197
8786 7706
4058 8677
6756 1774
8215 3617
6563 5718
5168 3097
6560 1078
4387 5176
8386 8862
1886 5104
5254 6098
5176 5233
8366 2515
893 392
753 6143
7894 9503
2835 1718
6769 4805
9420 9964
1846 6343
4400 4238
6742 579
2405 3418
1441 2607
4606 4641
8232 1242
3117 9609
5662 9180
4389 5615
5398 4980
6280 3020
3636 3752
645 2680
4372 1029
1212 7310
5423 7292
5021 5930
7404 7967
685 3576
9342 1613
9781 9615
5236 7794
2836 3101
8017 1929
4237 1773
5765 4800
9192 2314
5036 572
6334 7377
4928 4469
4855 3358
9567 1495
2699 1877
8745 2735
6043 2669
6474 7338
8148 1093
7394 1621
607 2358
2804 7509
7054 2985
2043 9673
3022 4619
406 6247
5894 2745
992 105
4718 8515
9850 1609
8374 5386
3286 2525
8942 4171
8559 2903
3575 5040
8667 3220
8934 510
9677 8947
2522 4504
2255 8657
738 5976
6981 7430
8684 5759
1091 7983
9512 6433
5325 2970
8955 1592
682 5103
7135 4519
2011 8040
8470 4380
8671 9224
5744 5366
2358 8426
3088 5267
4090 2300
6022 7690
9122 1918
7639 431
2970 3091
865 6420
4963 8654
4945 6479
554 6706
3835 4169
8247 5952
9838 819
3265 3982
2484 2474
7744 3450
4392 9259
7505 4185
4091 8092
9468 6913
8643 5292
1276 9832
3548 5289
9217 1590
6213 213
8773 4109
7759 8930
9241 6499
1646 5606
8664 7495
8460 6889
7789 8382
9473 7739
6355 7387
5101 531
8026 1519
2329 3007
8361 9447
5537 2926
8624 8395
2795 621
1636 512
8524 9814
2524 8732
1184 3912
8549 6403
6147 2116
3393 4629
3314 5343
4792 693
7150 7313
940 847
6242 9526
7089 7479
5169 5145
8943 2010
1060 3352
9965 6344
8303 1453
2976 304
1555 5429
1358 8661
8639 3676
6539 9356
9738 5085
3638 2202
5683 6478
2525 9782
52 9604
2577 9132
3338 2055
7460 259
5705 9473
4151 6763
5858 8584
6699 5824
9322 7914
2474 2882
3156 3061
6156 8050
6287 1556
5215 1231
6294 95
4145 9746
4021 648
410 5518
4032 6052
4985 6650
5011 1070
5481 55
7981 9676
9089 2293
6686 3210
2447 7476
5844 1715
4523 467
7787 6368
8711 6570
325 7731
3327 6042
6130 852
1758 8138
199 3102
3808 4966
2554 1132
3512 5827
2573 472
4039 897
8820 1544
9490 6214
8376 5394
7613 8072
6202 5981
4848 9462
7547 8938
8972 2453
7052 8030
5201 4696
2620 1968
9557 8712
7427 4107
1932 1057
9996 2033
6479 9439
3065 7093
7894 2906
1451 2922
9335 2054
8872 6150
5073 6664
2642 4862
3551 9841
3676 3827
5415 3986
4826 5991
7788 5899
2511 7810
6671 4139
5889 675
252 8195
2895 7531
4448 5895
2043 4813
5905 4864
8935 1033
6901 1379
7958 3109
3710 3188
9885 8223
3697 9391
5895 2889
1846 1114
421 4581
4004 7074
4254 271
1475 8443
5983 7246
5368 5437
1138 6081
9077 6546
2655 8865
2060 5520
5900 6414
3041 6189
7169 3281
1633 3805
3258 4219
9001 7973
2752 3227
1480 3079
8000 5884
3087 9497
2369 7518
8316 7814
1167 8667
8786 9117
9020 4158
122 4910
4956 7783
1730 9392
259 7934
5932 4823
4634 6124
8112 1739
2852 1801
6120 4096
6682 3709
3818 2169
4825 3476
960 766
4011 1371
4453 2944
525 13
5392 479
2387 8503
8204 7720
7541 7946
9447 4040
4456 8165
6396 8126
1623 3312
2338 4159
5977 3110
3549 8002
1351 7642
8501 773
7280 6345
6345 103
5454 6583
3466 1692
1498 1668
4167 2859
4401 5467
5787 5604
7907 4034
1133 1184
4618 8767
7767 1464
458 7428
2470 3386
5657 8214
1771 480
9573 2681
6924 3622
5151 9227
5743 7563
9974 8870
8409 4671
7700 7385
6255 8316
1405 2058
9250 8278
8822 2340
3319 7164
3546 2785
2789 2502
395 1312
4973 177
5046 5200
342 8896
1944 4494
1108 5805
1272 3781
1891 3328
6108 4178
2866 8222
3979 7656
728 5062
6386 590
2629 5614
7444 7480
3870 1006
6653 9835
8305 2563
62 9506
4571 3051
2047 7290
6291 3809
914 1774
5633 4327
1915 1408
5621 6119
751 9284
8076 2341
8747 1421
1114 9712
186 4566
9339 6674
3466 691
2278 5222
7728 7390
8381 492
9120 1111
6206 4049
7949 2219
6046 5564
7930 2765
1190 5043
37 8032
7732 6620
665 977
9843 8081
1444 6154
699 5742
3055 3936
9438 5095
5188 7847
7030 8566
6249 534
5615 7422
8495 8445
8730 4699
3646 7636
6130 8304
2053 5100
8362 2189
2720 5915
4866 7267
3759 3539
1906 2610
6101 5833
3274 7534
5950 8494
3515 2622
9919 9439
4816 3610
9949 9990
8608 9835
9057 6349
8209 9447
1626 3100
9335 490
716 5809
4796 953
9866 6564
8395 5499
9022 4883
589 5107
5727 3615
6757 2203
7404 4738
5526 9419
1438 4972
7711 9136
9847 1699
1715 3828
9827 8629
8681 4161
6681 1001
1265 6516
4775 3655
3692 6872
9557 722
5118 2145
1926 2074
8075 662
8433 7215
8406 9555
8478 7752
7802 4832
199 3991
6715 1536
5082 3126
9516 1953
1740 5965
4560 754
8628 8958
2916 2107
6738 5584
8695 8603
1547 2992
7780 3149
8491 6742
2936 4968
4890 5607
4709 4604
1107 5016
6344 4760
4537 9483
4461 5834
7619 2039
6904 8625
2678 3983
5240 9101
4855 86
9664 850
5093 57
5160 6739
1338 9231
5883 9124
2331 6883
7330 1775
6656 843
2797 833
9149 3927
7414 3535
2337 8424
8953 9934
6967 7221
