1000 2
8727 4351
8554 9327
9402 4396
5637 7218
7779 6409
8649 3969
2043 4813
9512 6433
6334 7377
4372 1029
8848 2884
8350 8233
1472 5494
8001 519
3835 4169
4237 1773
9097 9633
5901 7064
2446 6905
5962 2945
3244 2458
4826 5991
5623 8163
7785 1654
145 3824
3979 7656
3338 2055
7512 6460
7397 6949
9076 9180
4254 271
9249 1709
3010 1617
5160 2528
4391 2797
4461 5834
5128 5541
8639 3676
9468 6913
9557 8712
1846 6343
3466 1692
7193 2864
4151 3089
1358 8661
6396 8126
3098 9385
992 105
8352 303
6801 5261
5016 5048
8112 1739
3117 9609
1243 6014
8971 1120
8955 1592
327 187
5702 9381
9781 9615
8822 2340
6280 3020
3327 6042
685 3576
7937 7149
419 8167
4928 4469
3313 5056
3657 8347
7759 8930
2853 9831
690 5158
1697 4182
8908 2007
5739 5569
5526 9419
1451 2922
6255 8316
4850 7251
2573 472
3361 3330
1573 9315
1479 8666
5997 1113
9885 8223
8330 5507
3265 3982
1473 8907
199 3102
7707 4982
1401 166
8747 1421
5356 6242
6563 5718
4502 1056
7753 5789
3967 8916
8362 2189
3393 4629
3548 5289
1140 5641
1325 7831
7330 1775
8671 9224
6940 2998
6838 21
9335 2054
716 5809
3123 9539
9827 8629
8872 6150
1519 4585
875 6840
2447 7476
5160 6739
1467 2538
1646 5606
4469 676
9149 3927
9913 779
4629 6895
4855 3358
2836 3101
1480 5218
3022 4619
8017 1929
4952 2663
8470 4380
2976 304
325 7731
4866 7267
866 2185
9473 7739
1758 8138
8432 7992
5281 7673
6573 8864
6742 579
1932 1057
6301 9480
8204 7720
1652 4946
4571 3051
5467 6912
3487 5387
3546 2269
9093 2571
2350 5833
9996 2033
5762 2296
4889 3787
7744 3450
6684 3704
738 5976
3055 3936
1824 47
482 928
2621 9982
5980 3266
6671 4139
3646 7636
2337 8424
8795 9774
8148 1093
4606 4641
7444 7480
5415 3986
3902 5569
5201 4696
4209 236
4816 3610
6242 9526
3692 6872
2525 9782
1405 2058
6344 4760
6177 1672
5460 7340
5537 2926
9886 65
6817 8959
7981 9676
8357 5083
1555 5429
7894 2906
526 1323
3233 7357
7788 5899
7930 2765
2308 61
8972 2453
9664 9367
2058 3771
2402 1249
540 1985
8465 1942
1859 417
4354 5014
6653 9835
6927 4408
480 2979
268 645
5883 9124
8773 4109
5233 2826
1017 2881
7631 6935
1520 15
4890 5607
9536 4785
6922 4213
5187 5819
3586 2897
6757 2203
8433 7215
6756 1774
9447 4040
9847 1699
1826 9614
8501 773
6967 7221
3512 5827
759 918
4796 953
7709 3265
6084 7829
4021 648
3072 2545
3314 5343
9082 4069
7895 3029
4560 754
2620 1968
2066 8826
299 7413
3515 2622
2424 7429
7767 1464
3635 5174
8563 6819
682 7030
6156 8050
6596 6611
5815 4389
8943 2010
5494 7804
7170 5582
153 1460
753 6143
3002 6787
8714 6752
1771 480
7466 2514
6789 8132
6433 2790
7480 246
6344 8166
2119 4365
8198 585
2944 4587
7711 9136
2714 9512
7788 1677
367 8896
9812 1855
2752 3227
1265 6516
8628 8958
8478 7752
6485 8123
4004 7074
757 3992
9139 8009
4288 9678
7905 2717
4444 3436
607 5687
2922 5330
7732 6620
8839 7544
5036 572
3068 7534
9573 2681
4985 6650
5705 9473
1276 9832
2678 3983
4392 9259
5236 7794
2300 9910
8027 4538
52 9604
5752 4157
2569 5729
8250 96
3466 691
9919 9439
1079 2444
2804 7509
9584 1800
4852 2694
2499 8319
8016 2297
40 7813
4825 3476
6120 4096
3211 6482
7789 8382
648 6580
6897 110
5893 3741
4848 9462
6539 9356
7404 4738
7394 1621
9120 1111
3088 5267
2257 2303
6800 2094
5370 4383
8680 25
5254 6098
3638 4268
6738 5584
2795 621
1636 512
3764 2752
525 4450
421 4581
9259 395
4554 7653
5727 3615
1710 254
4982 1179
8548 4145
6349 1039
1184 3912
6901 1379
4698 878
1745 8699
8215 3617
5168 3097
9342 1613
5387 7495
1740 5965
1167 8667
5339 3654
5046 5200
5683 6478
5578 5536
4618 8767
5325 2970
5454 6583
8310 1699
7842 2873
9020 4158
5904 8282
8935 1033
5708 1079
2470 3386
6249 534
410 3222
6567 6391
5646 3737
6355 7387
1275 2791
9184 1525
4262 6041
4541 7549
9965 6344
7390 2178
1107 5016
9021 9987
9659 4882
2369 7518
8549 6403
9233 6120
3663 2014
8820 1544
3714 1707
5388 5950
2435 2785
9057 6349
2970 3091
9156 9403
6516 936
9838 819
4324 9378
6374 8886
1631 1995
8968 319
571 3880
8588 4984
4100 9488
8559 2903
6086 7726
5662 9180
4979 8737
5418 9628
9625 4365
1730 9392
1715 3828
7135 4519
3977 5097
1906 2610
5778 3946
1646 3195
5761 2829
5101 531
1419 3190
3638 2202
8620 2747
3266 3885
6108 4178
6480 7424
2329 3007
3530 5984
5270 1636
9329 6790
5549 9667
6386 590
7089 7479
9339 6674
5398 4980
3256 6848
7465 9372
5021 5930
3481 4952
186 4566
4549 735
1980 190
2011 8040
9022 5205
2053 5100
751 9284
6681 1001
3178 1685
882 2359
9420 9964
8608 9835
5011 1070
1633 3805
1190 5043
1428 4927
1141 3265
9170 6567
5932 4823
4144 9543
9652 6398
2331 6883
5073 6664
9192 2314
9031 1949
3697 9391
4537 9483
4593 4837
1138 6081
9403 337
1338 9231
6771 7771
3629 9258
1947 2570
5463 2218
893 392
8232 1242
4455 8559
406 3327
199 3991
3870 1006
5858 8584
6202 5981
2699 1877
8495 8445
9345 8889
5629 3648
122 4910
8934 510
1475 8443
9113 3809
7741 6671
4874 249
7619 2039
5900 6414
342 8896
3166 8209
3416 6134
8492 8876
5743 7563
1212 7310
7802 4832
9006 3107
5621 6119
410 5518
5392 479
3009 9822
7054 2985
5545 5615
420 9752
5176 5233
3517 9637
2338 4159
512 5719
4560 4219
2484 2474
8638 9225
8348 1830
873 6036
8048 3666
5272 6974
8050 237
5368 9247
2511 7810
8930 7374
9438 5095
6699 5824
9200 6971
6403 2974
9467 2100
2524 8732
554 6706
4718 8515
3676 3827
4945 6479
4091 8092
2047 7290
1690 6269
6569 479
8409 4671
969 114
2278 5222
8209 9447
7700 7385
62 9506
7547 8938
751 5724
2457 7932
4445 4837
1114 9712
4973 177
2835 1718
6474 7338
9124 6086
3823 7363
8786 9117
3914 2044
5657 8214
9089 2293
9856 1111
1623 3312
9122 1918
5151 9227
8947 8865
2554 1132
8971 9262
7279 3285
4725 1662
5118 2145
4808 3402
6978 2005
9843 8081
7894 9503
1942 6860
8684 5759
7728 7390
3759 3539
4863 6015
9335 490
3156 3061
3346 3453
699 5742
4058 8677
7404 7967
9322 7914
6955 6108
3400 1879
4456 8165
4905 8646
1784 6804
1926 2074
6130 852
7377 7286
2387 8503
7150 7313
362 2076
3180 1616
9974 8870
1915 1408
4336 5730
3636 3752
4401 5467
7592 4173
2720 5915
8683 9099
4406 1460
6345 103
7613 8072
1210 3929
3347 4825
1547 2992
3556 151
2773 7210
8651 859
3291 6500
3717 3632
3033 75
3546 2785
832 3629
5977 3110
4835 7909
4453 2944
122 659
7414 3535
6904 8625
8395 5499
8301 7589
7541 7946
4487 7354
4151 6763
5894 2745
626 603
7627 1149
4742 9718
670 2591
6294 95
5240 9101
5442 2661
1891 3328
5765 4800
4718 7161
4445 4902
3258 4219
7726 5045
9850 1609
1351 7642
4855 86
1886 5104
859 1526
5787 5604
2662 2741
2797 833
4699 7759
5889 675
5789 4407
8982 7783
7052 8030
9695 6841
865 6420
7030 8566
6522 4054
5158 2201
7427 4107
4011 1371
9750 6129
589 5107
4381 4029
5650 3927
2977 8244
8491 6742
4145 9746
1060 3352
2522 4504
9567 1495
1480 3079
8381 492
1212 4604
1577 3541
2474 2882
1301 2542
284 3192
7078 5519
6206 4049
5609 1525
2713 2570
3980 712
5352 1661
949 858
2881 4682
3326 2378
2745 7071
292 4947
4634 6124
6645 5150
3835 907
3695 7817
2629 5614
6656 843
4468 3852
1108 5805
4244 9821
4608 4375
1250 9159
6046 5564
7917 4227
3319 7164
5368 5437
1626 3100
5926 9941
360 6949
9022 4883
2153 107
7925 155
6615 5146
9866 6564
6043 2669
6499 8174
7712 9100
3041 6189
9316 7666
7162 6824
8876 9369
3710 3188
9434 7795
9940 2953
607 2358
7505 4185
3992 8213
2642 4862
5082 3126
2931 1347
8217 7456
682 5103
6318 2237
2046 2225
9250 8278
2358 8426
1910 6486
9575 7772
5163 8235
3400 2499
5240 9557
8366 2515
5093 57
2660 9110
8681 4161
2507 6645
4476 3873
7958 3109
8970 1769
6291 3809
2577 9132
3158 8727
8376 5394
940 847
6147 2116
5423 7292
2866 8222
3765 1840
7780 3149
6287 1556
582 8056
9302 3795
3098 4272
9523 9608
6341 7015
9490 6214
3286 2525
1781 4771
6251 7171
4448 5895
6876 7535
2916 2107
6022 7690
8631 2154
7295 3888
2550 7563
6826 2644
3724 8981
6340 3528
3818 2169
2116 1122
6924 3622
7072 8138
2895 7531
5741 3572
2514 5526
5849 4489
7907 4034
590 6381
5188 7847
914 1774
37 8032
5215 1231
9052 4490
4092 7446
9519 1815
4709 4604
5210 5552
6101 5833
8745 2735
4761 578
8227 7598
8886 6027
4656 6213
5023 2165
7280 6345
3274 7534
2181 2557
4792 693
9130 4569
9234 6769
9775 4769
5187 5904
7509 5188
7966 7993
9516 1953
8817 878
5895 2889
4389 5615
8695 8603
8329 5908
1846 1114
8524 9814
6686 3210
4400 4238
2423 1811
9557 722
857 3427
8862 5435
4090 2300
1270 8644
7525 9973
6130 8304
8711 6570
1272 3781
2264 5377
7361 3164
8303 1453
2852 1801
8276 5627
1684 9812
4032 6052
4541 9006
1944 4494
8026 1519
2255 8657
9949 9990
4039 897
5481 55
7048 2048
395 1312
9050 9374
960 766
8458 388
6769 4805
8305 2563
8664 7495
8643 5292
8953 9934
8730 4699
8386 8862
7995 885
1271 8601
7949 2219
665 977
9201 8730
3266 8408
323 5462
3945 4057
1438 4972
1268 9498
347 1650
6932 8627
6479 9439
6213 213
5983 7246
8406 9555
8394 4447
2377 7632
9193 6478
645 2680
3549 8002
7406 7886
3117 1962
4387 5176
5615 7422
1111 6742
8756 5315
5744 5366
7169 3281
7639 431
3160 6254
9241 6499
2789 2502
1568 956
8573 3838
8014 7516
4956 7783
7152 8870
8133 9170
6370 1858
9664 850
6715 1536
252 8195
2936 4968
5222 4979
728 5062
8791 7824
6864 2301
5844 1715
6744 8753
8075 662
8316 7814
9077 6546
3808 4966
435 486
2994 541
2405 3418
7681 9822
9001 7973
3350 1632
4523 467
3551 9841
1498 1668
7578 9899
458 7428
8247 5952
1432 5871
8460 6889
406 6247
1852 8416
2573 5320
8159 9727
1091 7983
8654 4880
8927 3134
9832 1866
8667 3220
8612 1433
7271 1853
1133 1184
4369 9487
3270 9873
1444 6154
2043 9673
9489 3197
1493 4865
4775 3655
9677 8947
8374 5386
9903 157
8644 9753
2655 8865
14 4904
5950 8494
30 4527
3158 4636
259 7934
2304 8867
1446 8041
8624 8395
4040 6560
2444 484
7489 5689
6560 1078
9738 5085
7460 259
727 9324
1044 4166
2401 6074
589 6588
5633 4327
1879 6344
8292 6680
1441 2607
8322 7695
7495 1313
8857 5110
1037 2032
3065 7093
8076 2341
5905 4864
1080 9599
4799 3777
3266 9385
4167 2859
801 5774
2060 5520
6536 3263
75 2194
8786 7706
8395 3909
8361 9447
3087 9497
9700 2648
7724 5516
2265 7145
6981 7430
8799 8859
8942 4171
9142 650
7627 6690
5169 5145
6682 3709
9217 1590
4963 8654
6267 5783
8507 2647
525 13
3575 5040
8000 5884
7787 6368
