1000 2
323 5462
4866 7267
6287 1556
4541 7549
8507 2647
6255 8316
645 2680
3244 2458
940 847
1710 254
1555 5429
1428 4927
2300 9910
6932 8627
2058 3771
3160 6254
5163 8235
1947 2570
5765 4800
2629 5614
4618 8767
8563 6819
7712 9100
3546 2269
4549 735
1265 6516
5233 2826
1401 166
9093 2571
7925 155
7726 5045
5240 9557
4928 4469
8148 1093
7895 3029
8357 5083
9856 1111
8943 2010
3072 2545
8667 3220
9329 6790
6120 4096
2931 1347
8654 4880
914 1774
4004 7074
6344 4760
8159 9727
882 2359
1432 5871
5011 1070
5778 3946
5325 2970
7169 3281
4956 7783
8971 1120
2153 107
8478 7752
6686 3210
8076 2341
6206 4049
4606 4641
3835 907
4039 897
4244 9821
1824 47
8839 7544
1547 2992
6516 936
7054 2985
7787 6368
2577 9132
8947 8865
8953 9934
9903 157
9001 7973
5727 3615
3979 7656
1017 2881
410 5518
3818 2169
7030 8566
9122 1918
5883 9124
7089 7479
1568 956
367 8896
7152 8870
8112 1739
8935 1033
5160 2528
3009 9822
8747 1421
8133 9170
1301 2542
5398 4980
4011 1371
3517 9637
7780 3149
5893 3741
9192 2314
8745 2735
5236 7794
1138 6081
8075 662
8014 7516
1091 7983
9447 4040
5705 9473
8394 4447
7842 2873
2795 621
8017 1929
5016 5048
9965 6344
7732 6620
1351 7642
3586 2897
5623 8163
3823 7363
8848 2884
9156 9403
873 6036
5160 6739
6742 579
8232 1242
7406 7886
8322 7695
3117 1962
7788 5899
9573 2681
6569 479
406 3327
2745 7071
2507 6645
7789 8382
9149 3927
3361 3330
1358 8661
3313 5056
5787 5604
3266 9385
9402 4396
7170 5582
2699 1877
6901 1379
866 2185
7509 5188
4698 878
1114 9712
8305 2563
362 2076
2338 4159
7802 4832
5418 9628
1626 3100
1250 9159
1325 7831
1210 3929
8972 2453
582 8056
1184 3912
3992 8213
3041 6189
7744 3450
3717 3632
5210 5552
9886 65
5118 2145
2976 304
1932 1057
590 6381
8276 5627
2525 9782
3274 7534
3180 1616
9200 6971
875 6840
6086 7726
3233 7357
6046 5564
1270 8644
2350 5833
37 8032
4354 5014
7330 1775
7271 1853
2881 4682
5708 1079
5168 3097
40 7813
4537 9483
5683 6478
9750 6129
8361 9447
1573 9315
3635 5174
9082 4069
9512 6433
3319 7164
2642 4862
9584 1800
8968 319
259 7934
8955 1592
5187 5904
8215 3617
3481 4952
949 858
395 1312
4890 5607
3270 9873
4456 8165
2853 9831
5021 5930
5752 4157
4848 9462
3967 8916
6084 7829
5169 5145
153 1460
9940 2953
4144 9543
419 8167
1631 1995
62 9506
5900 6414
2994 541
4369 9487
8942 4171
5997 1113
5368 5437
1479 8666
482 928
2836 3101
480 2979
2524 8732
4560 4219
665 977
325 7731
4092 7446
8458 388
801 5774
4952 2663
4808 3402
6757 2203
2308 61
5744 5366
3286 2525
6800 2094
1493 4865
8217 7456
7767 1464
3692 6872
3258 4219
3393 4629
1891 3328
3710 3188
6202 5981
1784 6804
2423 1811
4554 7653
2402 1249
1652 4946
1451 2922
8395 3909
9677 8947
9250 8278
525 13
6744 8753
7466 2514
5082 3126
8908 2007
5741 3572
3068 7534
8588 4984
7788 1677
3835 4169
7279 3285
7525 9973
8247 5952
6904 8625
8930 7374
757 3992
1338 9231
5858 8584
3087 9497
6864 2301
8683 9099
4406 1460
4792 693
5702 9381
571 3880
299 7413
4167 2859
9022 5205
540 1985
9021 9987
30 4527
5650 3927
6738 5584
2387 8503
7541 7946
6022 7690
1080 9599
14 4904
5176 5233
525 4450
4523 467
1133 1184
2752 3227
1079 2444
145 3824
7480 246
3010 1617
8549 6403
6251 7171
2522 4504
4945 6479
8714 6752
759 918
435 486
7907 4034
3156 3061
1475 8443
8330 5507
6474 7338
3033 75
6645 5150
2337 8424
2264 5377
6671 4139
6927 4408
4502 1056
5494 7804
1272 3781
4709 4604
4905 8646
8433 7215
6924 3622
4336 5730
4852 2694
7700 7385
8554 9327
685 3576
1107 5016
7619 2039
8934 510
690 5158
9567 1495
1859 417
2916 2107
7949 2219
5442 2661
6955 6108
3902 5569
4400 4238
751 5724
2511 7810
8198 585
2444 484
4826 5991
6522 4054
6334 7377
832 3629
4288 9678
199 3991
4863 6015
682 7030
5615 7422
4445 4837
2331 6883
8348 1830
6499 8174
3123 9539
5387 7495
8395 5499
7958 3109
607 2358
4100 9488
2011 8040
7489 5689
3945 4057
5932 4823
8982 7783
7547 8938
7930 2765
9949 9990
5215 1231
3338 2055
5128 5541
4761 578
4699 7759
1275 2791
3575 5040
7613 8072
738 5976
3512 5827
8695 8603
3166 8209
727 9324
7052 8030
7917 4227
3400 2499
9420 9964
7709 3265
7193 2864
9052 4490
9142 650
6291 3809
8671 9224
1446 8041
5789 4407
5889 675
6213 213
5272 6974
9557 722
8250 96
6801 5261
3980 712
8292 6680
8822 2340
6355 7387
3629 9258
4461 5834
893 392
5352 1661
4656 6213
3638 2202
1212 7310
5046 5200
8628 8958
6249 534
4455 8559
8310 1699
9866 6564
5093 57
4032 6052
3530 5984
4541 9006
9625 4365
5356 6242
5415 3986
8227 7598
1520 15
9974 8870
9345 8889
8495 8445
8374 5386
2401 6074
8817 878
865 6420
6653 9835
7078 5519
8786 7706
2304 8867
7505 4185
7753 5789
2060 5520
7404 4738
1646 5606
2435 2785
2181 2557
327 187
9575 7772
6480 7424
9885 8223
3158 4636
3546 2785
9812 1855
6108 4178
969 114
5537 2926
3695 7817
5621 6119
7295 3888
6370 1858
9847 1699
5762 2296
5339 3654
3638 4268
1419 3190
7394 1621
8548 4145
5454 6583
1044 4166
9241 6499
1623 3312
5281 7673
4209 236
420 9752
8649 3969
52 9604
2944 4587
9827 8629
6573 8864
4145 9746
5983 7246
2499 8319
7995 885
2569 5729
5905 4864
6345 103
2797 833
1212 4604
5629 3648
6479 9439
2470 3386
1852 8416
9120 1111
7162 6824
8209 9447
9022 4883
5481 55
1141 3265
1498 1668
8048 3666
5254 6098
1467 2538
6539 9356
5844 1715
9468 6913
5633 4327
8303 1453
4825 3476
8624 8395
8857 5110
8684 5759
1060 3352
9170 6567
1684 9812
4372 1029
6560 1078
9919 9439
252 8195
9557 8712
342 8896
7937 7149
3759 3539
4608 4375
268 645
1519 4585
9077 6546
5392 479
6485 8123
6294 95
7905 2717
2977 8244
5549 9667
3291 6500
8573 3838
2922 5330
9006 3107
7404 7967
7135 4519
7981 9676
626 603
3724 8981
4855 3358
4979 8737
7495 1313
406 6247
7639 431
1926 2074
8971 9262
4381 4029
2424 7429
4973 177
9057 6349
5188 7847
3266 3885
6715 1536
8644 9753
8820 1544
2621 9982
8460 6889
5926 9941
1942 6860
4021 648
7779 6409
3266 8408
75 2194
1690 6269
1697 4182
6681 1001
6682 3709
9113 3809
2265 7145
6922 4213
2804 7509
4799 3777
2043 9673
8362 2189
7397 6949
8970 1769
2043 4813
9097 9633
3178 1685
7966 7993
6242 9526
3466 691
9489 3197
5657 8214
2066 8826
1037 2032
2714 9512
2655 8865
9913 779
8381 492
9124 6086
1633 3805
4796 953
6177 1672
3487 5387
526 1323
8204 7720
3808 4966
6340 3528
5894 2745
6940 2998
5962 2945
2713 2570
4560 754
8001 519
9467 2100
9130 4569
589 5107
3002 6787
6771 7771
8886 6027
7414 3535
186 4566
857 3427
5849 4489
7465 9372
8492 8876
8638 9225
1268 9498
8664 7495
2550 7563
4571 3051
8862 5435
3265 3982
8927 3134
122 659
2554 1132
199 3102
6267 5783
4889 3787
6147 2116
8409 4671
1480 5218
7512 6460
9249 1709
5222 4979
9339 6674
3117 9609
4091 8092
1405 2058
1438 4972
1879 6344
3551 9841
3466 1692
7627 1149
9700 2648
1846 1114
9434 7795
6130 8304
992 105
3977 5097
2866 8222
1915 1408
5609 1525
9139 8009
5187 5819
5646 3737
4445 4902
9695 6841
859 1526
7681 9822
9335 2054
1636 512
8016 2297
2255 8657
6156 8050
4254 271
5545 5615
4058 8677
6349 1039
5761 2829
4855 86
1243 6014
4775 3655
7150 7313
6756 1774
8876 9369
3158 8727
6615 5146
6280 3020
3548 5289
6386 590
9664 9367
9652 6398
1271 8601
5370 4383
7444 7480
2358 8426
1646 3195
2773 7210
3088 5267
2573 5320
3870 1006
4090 2300
8791 7824
2047 7290
8050 237
670 2591
3256 6848
1441 2607
3346 3453
4401 5467
7578 9899
6318 2237
8680 25
6341 7015
1480 3079
7072 8138
6789 8132
6101 5833
9659 4882
9342 1613
8026 1519
4468 3852
284 3192
1740 5965
4389 5615
3549 8002
1577 3541
728 5062
3714 1707
8432 7992
2046 2225
458 7428
8316 7814
607 5687
8620 2747
2852 1801
7592 4173
751 9284
3350 1632
8799 8859
2835 1718
4874 249
7460 259
8608 9835
8301 7589
7377 7286
9775 4769
5158 2201
1111 6742
3022 4619
410 3222
2678 3983
4469 676
1745 8699
3065 7093
7631 6935
6684 3704
5895 2889
1906 2610
648 6580
1140 5641
8329 5908
421 4581
8786 9117
9259 395
9850 1609
5270 1636
3764 2752
2116 1122
1108 5805
4985 6650
8795 9774
5526 9419
1276 9832
1715 3828
8491 6742
2895 7531
3098 9385
3636 3752
8631 2154
5467 6912
8681 4161
7894 9503
8612 1433
5463 2218
3347 4825
1758 8138
3211 6482
2789 2502
1886 5104
4850 7251
5662 9180
8352 303
699 5742
9490 6214
9519 1815
8027 4538
5904 8282
3055 3936
9020 4158
5980 3266
292 4947
716 5809
1473 8907
7741 6671
9184 1525
7759 8930
2053 5100
7785 1654
3646 7636
4262 6041
9050 9374
2278 5222
6769 4805
2369 7518
682 5103
2720 5915
6838 21
9996 2033
9316 7666
6978 2005
4448 5895
5101 531
9438 5095
2257 2303
2970 3091
2936 4968
6130 852
9738 5085
1444 6154
512 5719
2484 2474
9403 337
6536 3263
5743 7563
2474 2882
3676 3827
3515 2622
9335 490
5977 3110
5423 7292
2119 4365
5201 4696
1771 480
5388 5950
6433 2790
1190 5043
5637 7218
589 6588
3400 1879
347 1650
4151 3089
7711 9136
4629 6895
1167 8667
3556 151
9536 4785
9233 6120
9076 9180
3326 2378
2329 3007
2405 3418
9832 1866
4476 3873
9843 8081
7427 4107
5151 9227
6596 6611
753 6143
5950 8494
5739 5569
6699 5824
6396 8126
7390 2178
6374 8886
1910 6486
4040 6560
9217 1590
9193 6478
122 4910
8643 5292
360 6949
6826 2644
8711 6570
3914 2044
3663 2014
5901 7064
1781 4771
7707 4982
4593 4837
7627 6690
3657 8347
1944 4494
1980 190
8406 9555
554 6706
4816 3610
9664 850
9516 1953
6301 9480
7724 5516
8872 6150
6876 7535
5036 572
3697 9391
6403 2974
5023 2165
4324 9378
6043 2669
5815 4389
6817 8959
4453 2944
1472 5494
6567 6391
7894 2906
4634 6124
4963 8654
3098 4272
9322 7914
6981 7430
2620 1968
6897 110
9302 3795
2457 7932
2446 6905
9473 7739
3416 6134
9523 9608
8651 859
8756 5315
960 766
8366 2515
7728 7390
4982 1179
9201 8730
4444 3436
1826 9614
4742 9718
5073 6664
6967 7221
9234 6769
4725 1662
5460 7340
2447 7476
4151 6763
2660 9110
7361 3164
3327 6042
4487 7354
4718 7161
2662 2741
8501 773
5368 9247
8524 9814
4392 9259
8376 5394
9838 819
6344 8166
8773 4109
8470 4380
8639 3676
9781 9615
6563 5718
4387 5176
9031 1949
7280 6345
4835 7909
3314 5343
8559 2903
6656 843
2377 7632
4237 1773
1730 9392
3765 1840
8727 4351
8386 8862
1846 6343
2514 5526
7048 2048
8730 4699
4391 2797
9089 2293
4718 8515
8465 1942
5578 5536
5240 9101
8000 5884
2573 472
8350 8233
