1000 2
6789 8132
3274 7534
5398 4980
2350 5833
4571 3051
1646 3195
7414 3535
3291 6500
9843 8081
9250 8278
1167 8667
6560 1078
5778 3946
7054 2985
7052 8030
2678 3983
5741 3572
590 6381
5240 9557
5046 5200
1824 47
1547 2992
7394 1621
5460 7340
3180 1616
9903 157
4456 8165
9677 8947
9447 4040
8366 2515
9302 3795
4560 4219
2499 8319
4825 3476
6403 2974
5549 9667
4448 5895
9335 2054
2577 9132
5339 3654
4455 8559
7753 5789
8876 9369
8927 3134
5463 2218
8971 1120
2337 8424
5743 7563
5752 4157
1826 9614
6386 590
2970 3091
759 918
1846 1114
5151 9227
8075 662
2116 1122
4537 9483
865 6420
7271 1853
9885 8223
4254 271
1141 3265
480 2979
1338 9231
3823 7363
6334 7377
589 6588
3065 7093
5176 5233
9856 1111
5849 4489
2507 6645
5325 2970
1444 6154
4634 6124
9974 8870
6022 7690
5683 6478
5980 3266
8549 6403
8620 2747
2329 3007
9052 4490
3764 2752
6345 103
6267 5783
2895 7531
4151 3089
3636 3752
1270 8644
3265 3982
8799 8859
1879 6344
8016 2297
5657 8214
8395 5499
9812 1855
9847 1699
8649 3969
3979 7656
8968 319
8232 1242
7330 1775
9093 2571
7404 7967
4541 9006
3714 1707
6108 4178
9402 4396
3002 6787
8374 5386
6744 8753
5168 3097
8491 6742
6596 6611
3549 8002
1080 9599
1646 5606
4090 2300
122 4910
9022 5205
9940 2953
3512 5827
4963 8654
8711 6570
9124 6086
7958 3109
3835 4169
4982 1179
4487 7354
7937 7149
9345 8889
2369 7518
1114 9712
1926 2074
4618 8767
7789 8382
6043 2669
8695 8603
9200 6971
8507 2647
6699 5824
5415 3986
5082 3126
8747 1421
5739 5569
3178 1685
6374 8886
4167 2859
8048 3666
9700 2648
9516 1953
7406 7886
2181 2557
5163 8235
9434 7795
9965 6344
8348 1830
2060 5520
8559 2903
3717 3632
6433 2790
3835 907
5011 1070
5815 4389
5983 7246
406 3327
5578 5536
5128 5541
6656 843
6485 8123
9130 4569
8644 9753
8524 9814
6817 8959
1243 6014
9584 1800
8573 3838
1631 1995
9664 9367
4400 4238
5705 9473
8501 773
5787 5604
2745 7071
589 5107
5188 7847
3657 8347
3466 691
4324 9378
8563 6819
1906 2610
1944 4494
3361 3330
8159 9727
8730 4699
2405 3418
5101 531
1886 5104
3314 5343
5481 55
5858 8584
7966 7993
8935 1033
7907 4034
6653 9835
3724 8981
8376 5394
1212 4604
1479 8666
5201 4696
2936 4968
8133 9170
1626 3100
7390 2178
6120 4096
5901 7064
7724 5516
9420 9964
728 5062
8381 492
2153 107
2444 484
6101 5833
3326 2378
8822 2340
1715 3828
3551 9841
7707 4982
3009 9822
6978 2005
8791 7824
6715 1536
8361 9447
6086 7726
4469 676
5904 8282
5210 5552
6682 3709
940 847
435 486
6344 8166
1910 6486
4476 3873
8495 8445
6769 4805
3586 2897
8612 1433
873 6036
8795 9774
9113 3809
5637 7218
9573 2681
4718 8515
875 6840
9006 3107
6242 9526
9192 2314
5623 8163
5222 4979
690 5158
1441 2607
3400 1879
6645 5150
1133 1184
7712 9100
3416 6134
9020 4158
5895 2889
4928 4469
4792 693
5240 9101
5016 5048
9567 1495
2047 7290
9781 9615
4808 3402
7295 3888
9050 9374
3041 6189
4445 4837
4092 7446
5932 4823
4011 1371
6932 8627
8667 3220
7169 3281
5662 9180
5494 7804
5118 2145
3980 712
6684 3704
801 5774
2043 4813
753 6143
7489 5689
8209 9447
3575 5040
1351 7642
9217 1590
8000 5884
8027 4538
5442 2661
2304 8867
3266 8408
6927 4408
4855 3358
3022 4619
5900 6414
4985 6650
6349 1039
5702 9381
9886 65
8727 4351
8204 7720
4826 5991
9866 6564
6287 1556
2789 2502
9329 6790
6370 1858
1446 8041
9438 5095
323 5462
7460 259
299 7413
5187 5819
3313 5056
4004 7074
1108 5805
2278 5222
5646 3737
9184 1525
4091 8092
199 3102
7279 3285
252 8195
2331 6883
8350 8233
3266 9385
4593 4837
4021 648
1107 5016
7925 155
1730 9392
2720 5915
5388 5950
3117 1962
7152 8870
9021 9987
8684 5759
8305 2563
9322 7914
8588 4984
8971 9262
1301 2542
9512 6433
4389 5615
2377 7632
9913 779
7767 1464
1942 6860
5621 6119
8250 96
2338 4159
9489 3197
4444 3436
3346 3453
5883 9124
7541 7946
1784 6804
7788 1677
832 3629
8409 4671
7592 4173
1473 8907
2977 8244
6280 3020
7280 6345
6756 1774
8215 3617
626 603
8872 6150
8608 9835
9316 7666
4237 1773
5977 3110
3676 3827
4855 86
2255 8657
420 9752
8227 7598
2300 9910
4718 7161
526 1323
8322 7695
607 2358
5036 572
8217 7456
8908 2007
7759 8930
4336 5730
665 977
5454 6583
1017 2881
5926 9941
8301 7589
9695 6841
9949 9990
199 3991
716 5809
5160 6739
5418 9628
7162 6824
8303 1453
857 3427
5021 5930
7397 6949
4866 7267
1781 4771
4775 3655
8198 585
8352 303
2994 541
1745 8699
3166 8209
7135 4519
6876 7535
9335 490
5950 8494
4453 2944
8886 6027
7627 6690
8972 2453
8276 5627
3466 1692
2119 4365
5423 7292
7995 885
153 1460
2470 3386
5073 6664
4387 5176
2931 1347
882 2359
6516 936
727 9324
7078 5519
1060 3352
3870 1006
1111 6742
9468 6913
8017 1929
8432 7992
7427 4107
1250 9159
6177 1672
7509 5188
5761 2829
2852 1801
738 5976
6499 8174
9919 9439
5762 2296
8247 5952
6480 7424
5708 1079
4354 5014
9523 9608
3629 9258
5467 6912
3515 2622
4145 9746
395 1312
4209 236
5270 1636
4549 735
607 5687
7700 7385
9519 1815
4406 1460
5609 1525
7619 2039
3158 4636
1555 5429
9659 4882
3393 4629
2402 1249
6344 4760
3211 6482
3765 1840
3992 8213
8638 9225
5272 6974
1044 4166
5370 4383
1573 9315
8820 1544
7480 246
8683 9099
2714 9512
8316 7814
2358 8426
7894 9503
1438 4972
2916 2107
360 6949
525 4450
2699 1877
4905 8646
3914 2044
1190 5043
5281 7673
8930 7374
6826 2644
8014 7516
5023 2165
14 4904
52 9604
8680 25
6536 3263
7788 5899
3160 6254
7905 2717
4698 878
4039 897
8465 1942
3638 4268
8786 9117
6130 852
6291 3809
145 3824
2629 5614
5889 675
3258 4219
949 858
9342 1613
8664 7495
4032 6052
914 1774
122 659
6474 7338
7949 2219
9832 1866
9156 9403
5893 3741
1891 3328
9467 2100
6479 9439
1210 3929
3244 2458
1276 9832
6838 21
6967 7221
2642 4862
3266 3885
5368 5437
1684 9812
9775 4769
6147 2116
7895 3029
2835 1718
3286 2525
9838 819
1758 8138
9557 722
1636 512
3692 6872
8329 5908
5215 1231
1480 3079
6981 7430
2804 7509
7787 6368
2423 1811
8478 7752
3556 151
3158 8727
7780 3149
1498 1668
6864 2301
9996 2033
3400 2499
9473 7739
3548 5289
8970 1769
699 5742
2836 3101
1852 8416
2944 4587
6251 7171
2265 7145
7089 7479
1577 3541
8955 1592
8292 6680
8395 3909
482 928
8357 5083
3530 5984
4890 5607
4656 6213
8026 1519
2554 1132
7578 9899
2046 2225
1451 2922
8001 519
8654 4880
9193 6478
5962 2945
6255 8316
2484 2474
1493 4865
3902 5569
7779 6409
1212 7310
9001 7973
410 5518
5254 6098
8947 8865
5368 9247
3638 2202
7639 431
6046 5564
4979 8737
6563 5718
6539 9356
4835 7909
1915 1408
5727 3615
2043 9673
6901 1379
1268 9498
7930 2765
4058 8677
6130 8304
1079 2444
4541 7549
525 13
7842 2873
2550 7563
3967 8916
9142 650
6922 4213
512 5719
2066 8826
4040 6560
6294 95
4151 6763
4468 3852
4761 578
1947 2570
8624 8395
5526 9419
75 2194
3710 3188
6213 213
4244 9821
2660 9110
3117 9609
7785 1654
1428 4927
9077 6546
7711 9136
2058 3771
3233 7357
3347 4825
342 8896
3350 1632
8548 4145
5789 4407
540 1985
7744 3450
5997 1113
1932 1057
2511 7810
9652 6398
7741 6671
4560 754
2424 7429
6904 8625
1091 7983
5187 5904
9234 6769
3517 9637
5905 4864
7981 9676
682 7030
458 7428
5629 3648
9082 4069
7802 4832
1740 5965
1859 417
4391 2797
1475 8443
6681 1001
757 3992
3697 9391
1405 2058
3695 7817
2866 8222
7465 9372
6801 5261
5615 7422
268 645
6686 3210
5387 7495
4608 4375
6249 534
3087 9497
2853 9831
7170 5582
4956 7783
5169 5145
367 8896
1275 2791
6084 7829
4554 7653
8848 2884
3156 3061
186 4566
1037 2032
4523 467
8406 9555
9031 1949
8942 4171
347 1650
8470 4380
7193 2864
1472 5494
1184 3912
9089 2293
1697 4182
7631 6935
2435 2785
7495 1313
7917 4227
9149 3927
7894 2906
1358 8661
6940 2998
3010 1617
4709 4604
3646 7636
2446 6905
554 6706
1710 254
8554 9327
2752 3227
3759 3539
6522 4054
8745 2735
9850 1609
582 8056
5160 2528
8310 1699
3808 4966
7627 1149
9249 1709
8681 4161
7048 2048
4144 9543
3663 2014
6202 5981
9259 395
3098 9385
421 4581
4952 2663
2620 1968
5650 3927
259 7934
3635 5174
2569 5729
4796 953
9170 6567
410 3222
1623 3312
2522 4504
685 3576
1568 956
2514 5526
3098 4272
37 8032
571 3880
3977 5097
8943 2010
8639 3676
8394 4447
9339 6674
1271 8601
4889 3787
3068 7534
4372 1029
8492 8876
1980 190
9201 8730
284 3192
8386 8862
4742 9718
4945 6479
6340 3528
9664 850
751 9284
8786 7706
1467 2538
4852 2694
8643 5292
6757 2203
8050 237
2573 472
3072 2545
2387 8503
2264 5377
3818 2169
8714 6752
7613 8072
751 5724
8756 5315
7728 7390
8433 7215
5392 479
1401 166
5633 4327
3546 2785
9557 8712
1140 5641
9139 8009
645 2680
1771 480
6800 2094
859 1526
1480 5218
3088 5267
7404 4738
4874 249
9575 7772
9120 1111
6396 8126
7681 9822
8460 6889
8953 9934
682 5103
7547 8938
2655 8865
4850 7251
6567 6391
6573 8864
3338 2055
4262 6041
7525 9973
866 2185
992 105
4606 4641
6671 4139
5844 1715
6742 579
8362 2189
1690 6269
4725 1662
5765 4800
969 114
5352 1661
1633 3805
9241 6499
6301 9480
6738 5584
2053 5100
8982 7783
9490 6214
4288 9678
8458 388
4502 1056
7150 7313
5744 5366
2922 5330
2621 9982
9097 9633
2662 2741
9403 337
6615 5146
6955 6108
9827 8629
4381 4029
8857 5110
292 4947
670 2591
648 6580
8330 5507
9057 6349
7726 5045
2713 2570
5356 6242
2524 8732
8671 9224
2257 2303
4445 4902
8862 5435
2457 7932
4629 6895
362 2076
6341 7015
1652 4946
2525 9782
1520 15
5894 2745
1419 3190
3319 7164
4863 6015
4973 177
7444 7480
2795 621
1519 4585
893 392
7030 8566
419 8167
7377 7286
1325 7831
1846 6343
5236 7794
5233 2826
4369 9487
3945 4057
1432 5871
8148 1093
4100 9488
2308 61
9750 6129
7505 4185
5545 5615
8628 8958
3546 2269
8651 859
2573 5320
6897 110
7512 6460
4699 7759
4799 3777
6771 7771
6318 2237
9122 1918
2011 8040
2797 833
325 7731
3327 6042
8631 2154
9536 4785
4461 5834
8839 7544
6924 3622
2401 6074
2976 304
2474 2882
406 6247
5158 2201
4392 9259
7709 3265
6206 4049
2773 7210
7732 6620
6156 8050
1138 6081
7072 8138
5093 57
3033 75
8934 510
9738 5085
3487 5387
30 4527
2447 7476
9625 4365
1272 3781
960 766
4401 5467
9233 6120
3055 3936
3256 6848
62 9506
4848 9462
2881 4682
3270 9873
1265 6516
9076 9180
8076 2341
4816 3610
6569 479
7466 2514
9022 4883
8817 878
5537 2926
7361 3164
327 187
8112 1739
3123 9539
40 7813
3481 4952
6355 7387
8773 4109
