1000 2
2642 4862
875 6840
5926 9941
5683 6478
7279 3285
4444 3436
6756 1774
7295 3888
2424 7429
751 9284
8305 2563
7995 885
7631 6935
7894 9503
3346 3453
3117 9609
5352 1661
751 5724
4866 7267
9156 9403
5744 5366
2620 1968
1301 2542
395 1312
4761 578
9322 7914
3098 4272
5494 7804
3274 7534
8016 2297
2358 8426
268 645
4144 9543
5858 8584
8624 8395
2554 1132
3967 8916
2058 3771
1351 7642
4718 7161
7592 4173
3158 4636
4209 236
8684 5759
4560 754
8301 7589
4618 8767
9302 3795
3244 2458
1910 6486
7930 2765
8361 9447
9940 2953
2836 3101
7169 3281
5752 4157
4369 9487
9217 1590
1473 8907
2773 7210
6396 8126
2447 7476
6539 9356
3180 1616
7619 2039
2255 8657
8664 7495
3714 1707
8027 4538
6344 8166
3515 2622
5093 57
1272 3781
5905 4864
8001 519
1573 9315
9557 8712
2804 7509
2699 1877
9149 3927
2457 7932
9695 6841
5073 6664
6130 8304
1947 2570
6955 6108
1859 417
8649 3969
4406 1460
2976 304
4699 7759
7152 8870
4835 7909
7444 7480
8148 1093
2621 9982
6800 2094
2304 8867
607 5687
857 3427
8204 7720
406 3327
3808 4966
8927 3134
8982 7783
4461 5834
9885 8223
8478 7752
4952 2663
6940 2998
682 7030
2573 472
5762 2296
9093 2571
37 8032
6242 9526
6826 2644
4629 6895
8492 8876
7480 246
9201 8730
1520 15
2331 6883
8026 1519
5163 8235
5370 4383
7724 5516
8366 2515
4956 7783
7907 4034
2116 1122
3818 2169
5168 3097
3291 6500
9838 819
3724 8981
3548 5289
9567 1495
7707 4982
4387 5176
8971 1120
7414 3535
8292 6680
9974 8870
8972 2453
6479 9439
1250 9159
362 2076
8711 6570
3265 3982
2387 8503
5101 531
1886 5104
571 3880
7150 7313
3002 6787
1781 4771
1480 5218
9519 1815
2944 4587
3338 2055
6567 6391
3549 8002
8773 4109
7170 5582
6318 2237
5646 3737
6922 4213
8409 4671
9006 3107
590 6381
8886 6027
3156 3061
4718 8515
1846 6343
832 3629
4928 4469
2066 8826
7509 5188
8014 7516
2881 4682
5368 9247
8348 1830
5356 6242
4634 6124
2573 5320
6340 3528
5977 3110
410 5518
7460 259
1212 7310
2405 3418
5545 5615
4593 4837
6981 7430
1472 5494
8680 25
7578 9899
8470 4380
1138 6081
8563 6819
3072 2545
9664 9367
3638 2202
5778 3946
3158 8727
7681 9822
8683 9099
7759 8930
4826 5991
6213 213
5442 2661
6255 8316
480 2979
4389 5615
4863 6015
7949 2219
9021 9987
5705 9473
8643 5292
1037 2032
5201 4696
7789 8382
525 13
1475 8443
9584 1800
2060 5520
7787 6368
8458 388
1190 5043
1479 8666
8795 9774
3914 2044
3270 9873
8654 4880
6681 1001
3065 7093
960 766
1771 480
2678 3983
9516 1953
992 105
5904 8282
435 486
5176 5233
6924 3622
4571 3051
8695 8603
4725 1662
4324 9378
9903 157
648 6580
8159 9727
1446 8041
9536 4785
2577 9132
1926 2074
8756 5315
8276 5627
1210 3929
2047 7290
7732 6620
8876 9369
2522 4504
4476 3873
6967 7221
9473 7739
8820 1544
6084 7829
5254 6098
3068 7534
6386 590
6864 2301
8955 1592
7495 1313
3646 7636
9184 1525
2474 2882
9832 1866
3117 1962
4825 3476
6615 5146
8839 7544
914 1774
716 5809
8374 5386
5481 55
6249 534
1167 8667
2329 3007
5615 7422
9512 6433
4775 3655
8747 1421
1646 5606
6927 4408
6904 8625
2278 5222
1432 5871
8247 5952
2662 2741
9438 5095
410 3222
7427 4107
8217 7456
5883 9124
8554 9327
554 6706
3575 5040
6433 2790
6108 4178
1275 2791
4963 8654
4541 7549
738 5976
2011 8040
5128 5541
6291 3809
759 918
4855 3358
7905 2717
9919 9439
367 8896
199 3102
7639 431
6684 3704
540 1985
1325 7831
7802 4832
6334 7377
3629 9258
5787 5604
1915 1408
1623 3312
1270 8644
9403 337
3326 2378
6046 5564
9139 8009
7709 3265
9827 8629
2337 8424
1140 5641
893 392
7788 1677
7895 3029
8215 3617
406 6247
5467 6912
5578 5536
1441 2607
4145 9746
3902 5569
1826 9614
8112 1739
9193 6478
1428 4927
2524 8732
2470 3386
3258 4219
9468 6913
8395 3909
1091 7983
4502 1056
4979 8737
1568 956
5900 6414
7842 2873
2484 2474
2931 1347
5650 3927
1401 166
2181 2557
728 5062
6932 8627
6287 1556
6686 3210
3022 4619
5980 3266
2423 1811
8394 4447
5894 2745
9250 8278
2714 9512
9089 2293
9573 2681
940 847
2916 2107
2264 5377
727 9324
3416 6134
6569 479
2629 5614
4799 3777
9949 9990
6344 4760
8362 2189
9233 6120
2525 9782
4852 2694
9022 5205
2550 7563
9022 4883
8644 9753
4021 648
626 603
4039 897
122 4910
8310 1699
3350 1632
8727 4351
8460 6889
6536 3263
5962 2945
3233 7357
5708 1079
8376 5394
866 2185
5240 9557
2655 8865
3088 5267
8491 6742
9052 4490
9200 6971
589 6588
8970 1769
4090 2300
2852 1801
8303 1453
2338 4159
7394 1621
9523 9608
9241 6499
4560 4219
8350 8233
3512 5827
1626 3100
5272 6974
5222 4979
4469 676
6280 3020
7547 8938
7700 7385
2265 7145
6738 5584
8799 8859
9170 6567
8133 9170
1697 4182
2053 5100
4100 9488
7767 1464
9249 1709
1758 8138
7489 5689
9057 6349
1079 2444
1745 8699
9490 6214
9659 4882
9120 1111
52 9604
9259 395
5036 572
1944 4494
9342 1613
1419 3190
8559 2903
5016 5048
5215 1231
8465 1942
4541 9006
1942 6860
8791 7824
2514 5526
4656 6213
6573 8864
4698 878
2499 8319
969 114
7966 7993
4244 9821
9996 2033
5011 1070
665 977
3657 8347
5893 3741
6370 1858
3992 8213
4151 3089
342 8896
3178 1685
582 8056
8329 5908
4982 1179
3835 4169
1879 6344
2797 833
299 7413
3663 2014
7728 7390
3551 9841
1547 2992
9020 4158
5789 4407
3546 2785
5187 5904
8971 9262
7377 7286
2720 5915
3400 1879
419 8167
9775 4769
8848 2884
2936 4968
1633 3805
9812 1855
6901 1379
1111 6742
3166 8209
3764 2752
9467 2100
4554 7653
2977 8244
6474 7338
1906 2610
5609 1525
3636 3752
7404 7967
4058 8677
2713 2570
4537 9483
9652 6398
5621 6119
5463 2218
8227 7598
5739 5569
2119 4365
3266 3885
5423 7292
8628 8958
4796 953
9575 7772
670 2591
882 2359
7627 1149
2752 3227
5537 2926
5662 9180
9489 3197
682 5103
4400 4238
6876 7535
8667 3220
7162 6824
8330 5507
949 858
4453 2944
5849 4489
1493 4865
1107 5016
1133 1184
252 8195
7048 2048
9124 6086
6757 2203
6978 2005
6147 2116
4848 9462
4945 6479
2922 5330
5118 2145
1690 6269
4336 5730
7072 8138
1555 5429
5281 7673
3759 3539
3870 1006
7135 4519
5950 8494
2895 7531
8549 6403
801 5774
6742 579
6177 1672
9781 9615
6817 8959
3327 6042
420 9752
685 3576
8631 2154
7627 6690
5158 2201
7330 1775
5454 6583
6560 1078
30 4527
4381 4029
8250 96
347 1650
8198 585
7726 5045
7741 6671
8432 7992
2660 9110
2435 2785
1852 8416
5160 2528
6480 7424
2402 1249
4032 6052
7406 7886
3400 2499
8507 2647
2511 7810
8786 7706
4973 177
8386 8862
2789 2502
1060 3352
9402 4396
9886 65
1646 3195
75 2194
1730 9392
6301 9480
9050 9374
4456 8165
4288 9678
5270 1636
7712 9100
4004 7074
7465 9372
5761 2829
3041 6189
3765 1840
2369 7518
8352 303
4608 4375
9625 4365
3087 9497
9329 6790
9001 7973
6801 5261
1519 4585
5233 2826
1980 190
645 2680
6838 21
3487 5387
2257 2303
7753 5789
6682 3709
9130 4569
5702 9381
3009 9822
6294 95
5983 7246
7894 2906
1891 3328
8524 9814
3098 9385
7981 9676
753 6143
7958 3109
3286 2525
2046 2225
1710 254
8872 6150
5633 4327
7541 7946
6349 1039
757 3992
5236 7794
3556 151
4391 2797
7404 4738
4151 6763
1636 512
1932 1057
7512 6460
3010 1617
3266 9385
2153 107
525 4450
1846 1114
6596 6611
3979 7656
4816 3610
8745 2735
3635 5174
292 4947
7089 7479
4448 5895
4254 271
8075 662
3319 7164
1684 9812
9192 2314
4092 7446
1715 3828
3361 3330
8620 2747
4890 5607
8076 2341
1338 9231
3466 1692
9335 490
323 5462
5727 3615
9847 1699
3697 9391
9850 1609
62 9506
9557 722
8608 9835
1358 8661
9316 7666
3211 6482
2350 5833
360 6949
8947 8865
8651 859
8433 7215
9866 6564
6645 5150
5549 9667
589 5107
8943 2010
4091 8092
5526 9419
5388 5950
6516 936
6499 8174
3033 75
4606 4641
3314 5343
2994 541
4905 8646
145 3824
8786 9117
8639 3676
8588 4984
8381 492
186 4566
8857 5110
5240 9101
7744 3450
2446 6905
1044 4166
3256 6848
4549 735
482 928
865 6420
2795 621
5932 4823
2866 8222
6897 110
2569 5729
8934 510
4874 249
7078 5519
5392 479
8953 9934
7361 3164
3980 712
7525 9973
2043 9673
9700 2648
5629 3648
5418 9628
5743 7563
6043 2669
4372 1029
9339 6674
1824 47
5623 8163
4354 5014
5398 4980
5188 7847
7785 1654
8730 4699
5637 7218
8862 5435
1268 9498
5210 5552
8817 878
8209 9447
8612 1433
1080 9599
9677 8947
1017 2881
1652 4946
6563 5718
3823 7363
327 187
526 1323
7937 7149
9122 1918
8822 2340
6251 7171
3676 3827
9420 9964
458 7428
2043 4813
6671 4139
7780 3149
7925 155
421 4581
6086 7726
5169 5145
4855 86
5765 4800
7030 8566
6769 4805
3481 4952
5997 1113
4742 9718
8000 5884
4850 7251
3313 5056
5387 7495
8232 1242
6744 8753
9750 6129
7271 1853
8548 4145
3945 4057
3692 6872
9447 4040
9843 8081
2745 7071
9077 6546
8050 237
8357 5083
1114 9712
1243 6014
2507 6645
5160 6739
4468 3852
1276 9832
3835 907
5339 3654
3586 2897
4262 6041
1141 3265
7917 4227
2308 61
9345 8889
7788 5899
7397 6949
5741 3572
6156 8050
8501 773
3695 7817
1444 6154
8714 6752
9031 1949
2444 484
3123 9539
4401 5467
3055 3936
5901 7064
1212 4604
3393 4629
3347 4825
6403 2974
6345 103
6101 5833
6267 5783
3977 5097
4445 4837
1784 6804
4455 8559
199 3991
4709 4604
1631 1995
325 7731
8942 4171
5046 5200
5023 2165
8638 9225
9082 4069
9664 850
4523 467
2300 9910
8316 7814
690 5158
6656 843
284 3192
4985 6650
3160 6254
5325 2970
9965 6344
7505 4185
9113 3809
5415 3986
7054 2985
9738 5085
8495 8445
9234 6769
512 5719
8935 1033
1405 2058
1467 2538
8930 7374
5889 675
1498 1668
4808 3402
2853 9831
8322 7695
7193 2864
5368 5437
6699 5824
9076 9180
9142 650
4889 3787
2401 6074
7390 2178
6202 5981
6022 7690
3710 3188
5187 5819
859 1526
6715 1536
9097 9633
3466 691
7613 8072
6130 852
4487 7354
1271 8601
259 7934
8048 3666
8573 3838
8681 4161
3546 2269
7052 8030
5657 8214
122 659
7711 9136
4011 1371
1480 3079
1451 2922
1184 3912
9434 7795
153 1460
1577 3541
6374 8886
699 5742
6771 7771
3517 9637
4237 1773
4040 6560
5895 2889
8671 9224
6522 4054
5815 4389
6355 7387
5082 3126
6341 7015
2835 1718
4445 4902
9856 1111
4167 2859
4392 9259
2377 7632
8968 319
6789 8132
1438 4972
607 2358
40 7813
1265 6516
6485 8123
3530 5984
7466 2514
6120 4096
8395 5499
8406 9555
5021 5930
3266 8408
2970 3091
5460 7340
873 6036
1740 5965
5844 1715
3638 4268
7779 6409
3717 3632
14 4904
7280 6345
5151 9227
6206 4049
9913 779
1108 5805
8017 1929
6653 9835
8908 2007
9335 2054
4792 693
