1000 2
1250 9159
8209 9447
9557 722
8654 4880
8643 5292
7162 6824
5858 8584
1444 6154
6396 8126
8075 662
6267 5783
8680 25
2660 9110
9584 1800
3291 6500
5844 1715
4288 9678
3098 9385
4100 9488
186 4566
3266 9385
4523 467
7925 155
3481 4952
7981 9676
2043 9673
7135 4519
5368 5437
7048 2048
8148 1093
873 6036
3945 4057
8017 1929
3166 8209
6403 2974
1091 7983
8227 7598
9122 1918
2331 6883
1108 5805
3180 1616
2977 8244
3117 1962
9965 6344
7711 9136
7949 2219
1519 4585
5789 4407
5926 9941
4032 6052
9775 4769
6287 1556
9097 9633
5537 2926
9677 8947
2153 107
9750 6129
1210 3929
8612 1433
4808 3402
1472 5494
5151 9227
3400 2499
9903 157
6927 4408
5743 7563
9847 1699
9335 2054
7054 2985
3346 3453
8848 2884
9664 850
1276 9832
5762 2296
5467 6912
8563 6819
2265 7145
7394 1621
5387 7495
5368 9247
5705 9473
3156 3061
3724 8981
5370 4383
5036 572
969 114
7728 7390
7030 8566
2795 621
8292 6680
9022 5205
5128 5541
3977 5097
1745 8699
4956 7783
3022 4619
4945 6479
9467 2100
75 2194
6560 1078
7152 8870
8934 510
3055 3936
8857 5110
5633 4327
435 486
2499 8319
9077 6546
4656 6213
458 7428
5646 3737
4928 4469
3759 3539
6901 1379
5118 2145
1947 2570
5932 4823
1784 6804
9184 1525
7444 7480
3466 1692
3979 7656
540 1985
7280 6345
9557 8712
7707 4982
3636 3752
6280 3020
6940 2998
5168 3097
7627 1149
2629 5614
8955 1592
3088 5267
3072 2545
5415 3986
7958 3109
5683 6478
4593 4837
2836 3101
7512 6460
1107 5016
5900 6414
2745 7071
5849 4489
5741 3572
7741 6671
9149 3927
4698 878
6897 110
9259 395
7787 6368
9567 1495
582 8056
6340 3528
2569 5729
4372 1029
7404 4738
5222 4979
9700 2648
1846 1114
1547 2992
1446 8041
4718 7161
9156 9403
1212 7310
9420 9964
6864 2301
4608 4375
4461 5834
9512 6433
4792 693
7700 7385
1730 9392
6043 2669
5977 3110
5011 1070
5356 6242
2936 4968
9006 3107
5815 4389
6086 7726
3546 2785
7193 2864
8014 7516
8588 4984
2447 7476
1325 7831
8026 1519
525 13
8458 388
7759 8930
6876 7535
2405 3418
2387 8503
4775 3655
6386 590
2804 7509
2255 8657
6563 5718
690 5158
5210 5552
3765 1840
2446 6905
8820 1544
4629 6895
4554 7653
9192 2314
9241 6499
4973 177
571 3880
2401 6074
1631 1995
7842 2873
9536 4785
645 2680
2699 1877
4874 249
4718 8515
6800 2094
9139 8009
199 3991
753 6143
7907 4034
589 6588
6355 7387
7895 3029
4560 4219
9885 8223
3638 2202
2573 5320
5623 8163
7613 8072
37 8032
6645 5150
6838 21
7627 6690
4855 3358
8329 5908
7578 9899
2369 7518
7505 4185
3823 7363
1441 2607
5388 5950
9322 7914
1498 1668
5325 2970
4541 7549
2573 472
6177 1672
9519 1815
7780 3149
6433 2790
8608 9835
5629 3648
3010 1617
4445 4837
6344 8166
1633 3805
6474 7338
3835 4169
2402 1249
7732 6620
7460 259
6213 213
7397 6949
410 3222
8684 5759
9996 2033
1301 2542
9193 6478
2046 2225
6370 1858
6955 6108
2789 2502
3158 8727
4502 1056
5082 3126
626 603
4571 3051
6536 3263
8374 5386
7169 3281
1338 9231
5215 1231
1626 3100
347 1650
1114 9712
3393 4629
3676 3827
9949 9990
5883 9124
960 766
2308 61
1111 6742
607 2358
7709 3265
3764 2752
4324 9378
512 5719
7361 3164
5454 6583
2881 4682
7712 9100
3319 7164
3635 5174
7541 7946
8695 8603
6251 7171
2116 1122
8001 519
299 7413
8649 3969
2278 5222
8395 5499
5901 7064
9866 6564
5744 5366
699 5742
1451 2922
2338 4159
5983 7246
4468 3852
9089 2293
5894 2745
6120 4096
8982 7783
4090 2300
62 9506
2720 5915
3575 5040
3160 6254
3638 4268
6744 8753
2350 5833
4634 6124
9447 4040
8667 3220
252 8195
738 5976
9832 1866
4476 3873
7619 2039
5787 5604
4262 6041
2424 7429
9339 6674
4537 9483
9057 6349
728 5062
2444 484
8876 9369
8386 8862
9170 6567
9250 8278
5739 5569
1405 2058
7753 5789
8470 4380
7788 1677
1740 5965
284 3192
1190 5043
1017 2881
8492 8876
9113 3809
5188 7847
3266 3885
9850 1609
420 9752
8549 6403
8301 7589
1438 4972
6671 4139
8460 6889
4826 5991
3530 5984
7802 4832
8681 4161
5160 6739
14 4904
1568 956
5752 4157
5905 4864
2484 2474
5073 6664
7495 1313
7785 1654
6499 8174
5578 5536
6485 8123
5423 7292
5201 4696
8639 3676
2853 9831
4709 4604
3487 5387
6573 8864
3870 1006
882 2359
5233 2826
4400 4238
7406 7886
3657 8347
1886 5104
7404 7967
3556 151
7631 6935
7150 7313
9052 4490
7052 8030
9249 1709
419 8167
5169 5145
5236 7794
6479 9439
9812 1855
2994 541
8747 1421
3041 6189
8624 8395
6349 1039
4761 578
3326 2378
5893 3741
4354 5014
5609 1525
8276 5627
7279 3285
9302 3795
7639 431
6826 2644
2554 1132
8943 2010
8935 1033
7592 4173
6206 4049
3256 6848
2678 3983
3244 2458
8773 4109
7788 5899
7930 2765
8478 7752
8930 7374
6596 6611
2621 9982
8638 9225
5621 6119
7465 9372
6567 6391
2773 7210
6130 8304
3286 2525
8433 7215
9438 5095
6294 95
8822 2340
7525 9973
3646 7636
2797 833
3314 5343
1432 5871
259 7934
3546 2269
6699 5824
2507 6645
7937 7149
1690 6269
5339 3654
2922 5330
5662 9180
7905 2717
8714 6752
2514 5526
8972 2453
8305 2563
4039 897
9738 5085
6682 3709
6480 7424
9664 9367
3347 4825
7744 3450
3714 1707
5187 5904
5904 8282
292 4947
3416 6134
8927 3134
685 3576
1758 8138
6130 852
6756 1774
1646 3195
1467 2538
6341 7015
9031 1949
1419 3190
9345 8889
9200 6971
6771 7771
3002 6787
4401 5467
1271 8601
1697 4182
2713 2570
1479 8666
1480 3079
6801 5261
526 1323
1520 15
4889 3787
9093 2571
5023 2165
4606 4641
6922 4213
3266 8408
9974 8870
1270 8644
421 4581
6653 9835
9827 8629
8352 303
8799 8859
6686 3210
5160 2528
3710 3188
2058 3771
3350 1632
4825 3476
30 4527
8381 492
7917 4227
8316 7814
5657 8214
9130 4569
6301 9480
8215 3617
3692 6872
3211 6482
3233 7357
9342 1613
5980 3266
1475 8443
362 2076
893 392
3265 3982
480 2979
342 8896
145 3824
482 928
3123 9539
327 187
1184 3912
4796 953
5016 5048
940 847
7966 7993
6757 2203
8745 2735
2525 9782
7089 7479
8727 4351
2337 8424
5549 9667
7489 5689
5545 5615
7509 5188
1480 5218
4091 8092
8756 5315
9201 8730
7547 8938
2474 2882
3098 4272
2970 3091
6715 1536
3548 5289
3835 907
4167 2859
7480 246
7779 6409
8217 7456
3818 2169
410 5518
8303 1453
4336 5730
751 9284
4963 8654
5240 9101
1212 4604
1846 6343
8409 4671
3361 3330
52 9604
8198 585
8247 5952
7724 5516
8573 3838
4021 648
2866 8222
406 6247
2524 8732
5254 6098
1140 5641
9489 3197
554 6706
4448 5895
4389 5615
8330 5507
5526 9419
1358 8661
7681 9822
1684 9812
8348 1830
395 1312
4905 8646
1646 5606
9316 7666
6684 3704
1167 8667
2047 7290
6291 3809
648 6580
5481 55
9329 6790
1926 2074
3549 8002
1906 2610
1243 6014
1133 1184
6539 9356
8432 7992
8322 7695
9516 1953
3697 9391
5778 3946
9695 6841
3068 7534
3270 9873
5240 9557
8501 773
3087 9497
1141 3265
3517 9637
4852 2694
8406 9555
2944 4587
1915 1408
801 5774
2577 9132
2377 7632
9843 8081
6615 5146
6967 7221
5352 1661
4369 9487
5463 2218
9402 4396
7330 1775
2642 4862
1859 417
4560 754
5962 2945
1265 6516
6516 936
6656 843
5637 7218
9142 650
8350 8233
9573 2681
2066 8826
7726 5045
3992 8213
1852 8416
4799 3777
9082 4069
4455 8559
8159 9727
8651 859
2511 7810
8048 3666
2304 8867
9490 6214
4387 5176
8862 5435
3551 9841
367 8896
7894 2906
6522 4054
6904 8625
4381 4029
8559 2903
6108 4178
4237 1773
5615 7422
6156 8050
2329 3007
4456 8165
8791 7824
8361 9447
1891 3328
9001 7973
8947 8865
8357 5083
5270 1636
8730 4699
3009 9822
4487 7354
1493 4865
4254 271
6255 8316
4144 9543
2257 2303
4445 4902
4209 236
865 6420
5101 531
9434 7795
866 2185
4816 3610
2043 4813
9886 65
5494 7804
6344 4760
1879 6344
5418 9628
1573 9315
665 977
1060 3352
8971 9262
9021 9987
5765 4800
1044 4166
6101 5833
4952 2663
4549 735
4863 6015
6981 7430
5997 1113
1555 5429
5163 8235
5708 1079
9335 490
9781 9615
2714 9512
8953 9934
3967 8916
4855 86
4848 9462
9575 7772
9234 6769
2916 2107
1944 4494
3065 7093
875 6840
5950 8494
857 3427
5761 2829
3808 4966
8204 7720
3313 5056
8620 2747
4444 3436
5650 3927
8507 2647
716 5809
7295 3888
8786 7706
5176 5233
3586 2897
5392 479
2752 3227
3466 691
6374 8886
1268 9498
9652 6398
6789 8132
682 7030
4004 7074
8683 9099
5460 7340
1037 2032
4040 6560
832 3629
3158 4636
9050 9374
9217 1590
5187 5819
8491 6742
8786 9117
7427 4107
6924 3622
1636 512
1980 190
3327 6042
8628 8958
6681 1001
8968 319
8554 9327
2053 5100
1080 9599
2662 2741
5895 2889
3902 5569
8908 2007
1428 4927
7271 1853
8394 4447
9659 4882
4742 9718
4058 8677
4618 8767
3515 2622
3117 9609
8076 2341
7894 9503
3914 2044
1710 254
325 7731
8548 4145
9838 819
1473 8907
751 5724
8671 9224
2060 5520
4092 7446
3980 712
727 9324
8133 9170
949 858
2835 1718
8711 6570
9468 6913
360 6949
6978 2005
6318 2237
2011 8040
3629 9258
9940 2953
9473 7739
5702 9381
5046 5200
3258 4219
1824 47
6147 2116
4866 7267
9233 6120
2550 7563
670 2591
6742 579
2852 1801
8664 7495
1942 6860
6817 8959
8524 9814
1910 6486
7995 885
5727 3615
5021 5930
1652 4946
9020 4158
1275 2791
7789 8382
2931 1347
3178 1685
9120 1111
2300 9910
992 105
4541 9006
153 1460
4850 7251
4979 8737
40 7813
525 4450
4725 1662
5272 6974
8839 7544
5158 2201
9523 9608
9913 779
8016 2297
4151 3089
7414 3535
7466 2514
6569 479
4982 1179
8112 1739
323 5462
6932 8627
8250 96
3695 7817
6084 7829
6242 9526
122 659
1771 480
4151 6763
6046 5564
8376 5394
9076 9180
8366 2515
5281 7673
4391 2797
1351 7642
1781 4771
3338 2055
7767 1464
1272 3781
7377 7286
7390 2178
122 4910
3400 1879
2457 7932
5442 2661
2119 4365
4699 7759
9856 1111
589 5107
8942 4171
9919 9439
7078 5519
2435 2785
8971 1120
6345 103
4985 6650
3274 7534
268 645
4145 9746
7170 5582
4835 7909
6769 4805
590 6381
9625 4365
2895 7531
6249 534
859 1526
1932 1057
8310 1699
2655 8865
406 3327
1079 2444
8970 1769
8232 1242
1138 6081
8465 1942
2522 4504
8886 6027
9022 4883
9403 337
759 918
2470 3386
2181 2557
2976 304
4011 1371
5889 675
757 3992
1623 3312
2620 1968
1715 3828
6738 5584
8644 9753
1577 3541
3033 75
7072 8138
2358 8426
199 3102
5398 4980
2423 1811
4244 9821
2264 5377
3512 5827
8495 8445
9124 6086
607 5687
8631 2154
6202 5981
4406 1460
5093 57
6022 7690
8872 6150
6334 7377
8027 4538
3663 2014
8362 2189
4890 5607
4453 2944
682 5103
4469 676
4392 9259
1826 9614
8000 5884
914 1774
8817 878
8395 3909
8795 9774
1401 166
3717 3632
8050 237
