1000 2
3117 9609
1325 7831
8791 7824
7271 1853
2977 8244
5163 8235
3041 6189
40 7813
2866 8222
9193 6478
2795 621
893 392
6904 8625
757 3992
3635 5174
7089 7479
2836 3101
3400 2499
3117 1962
5962 2945
8460 6889
3546 2269
410 5518
2255 8657
7330 1775
3211 6482
9625 4365
859 1526
8857 5110
7619 2039
8727 4351
645 2680
960 766
2264 5377
8433 7215
1108 5805
8876 9369
1926 2074
9192 2314
5778 3946
1079 2444
554 6706
1405 2058
5545 5615
419 8167
8316 7814
8638 9225
1915 1408
589 5107
3676 3827
5997 1113
7627 6690
5481 55
9322 7914
145 3824
2447 7476
9567 1495
3556 151
5370 4383
9217 1590
6022 7690
9057 6349
2573 5320
682 7030
2699 1877
7728 7390
1037 2032
8554 9327
5901 7064
9339 6674
5761 2829
6876 7535
865 6420
1060 3352
2720 5915
4629 6895
6771 7771
8148 1093
5741 3572
2060 5520
5893 3741
6344 8166
5950 8494
5623 8163
7592 4173
5368 9247
5549 9667
9001 7973
199 3991
4956 7783
9089 2293
4963 8654
4011 1371
4502 1056
1886 5104
2278 5222
2922 5330
8075 662
1758 8138
1467 2538
4369 9487
8947 8865
7377 7286
7937 7149
9850 1609
1498 1668
4039 897
7465 9372
6738 5584
8559 2903
8773 4109
1212 7310
4468 3852
5011 1070
2621 9982
3123 9539
4863 6015
8394 4447
3980 712
37 8032
9403 337
7390 2178
9573 2681
6686 3210
2916 2107
8563 6819
8048 3666
2936 4968
1684 9812
6479 9439
1846 1114
5151 9227
2678 3983
7741 6671
482 928
4799 3777
8303 1453
2435 2785
2053 5100
8217 7456
2655 8865
8927 3134
2402 1249
1633 3805
4372 1029
1781 4771
6645 5150
2329 3007
738 5976
9077 6546
5233 2826
6344 4760
3638 4268
9006 3107
5418 9628
9775 4769
3586 2897
5240 9557
8524 9814
5609 1525
8362 2189
3313 5056
7894 9503
8050 237
2265 7145
4541 7549
1212 4604
1265 6516
5021 5930
3575 5040
3327 6042
7427 4107
5454 6583
4889 3787
2745 7071
590 6381
6396 8126
362 2076
7712 9100
5905 4864
7394 1621
3347 4825
122 4910
6249 534
3765 1840
1947 2570
8747 1421
2499 8319
8276 5627
9738 5085
4848 9462
9420 9964
3512 5827
6539 9356
9781 9615
9124 6086
5657 8214
9052 4490
3530 5984
5633 4327
421 4581
6536 3263
8232 1242
4606 4641
9919 9439
3286 2525
9335 490
3835 4169
949 858
2773 7210
1547 2992
1740 5965
5460 7340
2522 4504
7787 6368
4254 271
8292 6680
2976 304
4656 6213
8330 5507
1271 8601
8934 510
9838 819
866 2185
1859 417
1932 1057
268 645
9965 6344
9557 722
8386 8862
5615 7422
4796 953
7466 2514
3967 8916
6046 5564
3291 6500
5168 3097
1044 4166
9949 9990
9022 5205
4145 9746
3265 3982
6242 9526
3160 6254
8620 2747
8001 519
8250 96
5222 4979
7444 7480
4092 7446
2446 6905
1184 3912
3266 8408
9149 3927
6684 3704
3551 9841
2300 9910
8409 4671
9519 1815
1133 1184
3055 3936
4698 878
9659 4882
7541 7946
367 8896
5705 9473
2401 6074
3548 5289
8395 3909
5650 3927
7753 5789
342 8896
2931 1347
3326 2378
8612 1433
3098 9385
8215 3617
9886 65
4761 578
8786 9117
30 4527
5752 4157
5895 2889
589 6588
5621 6119
9750 6129
7397 6949
1080 9599
4400 4238
4792 693
3636 3752
8671 9224
873 6036
4985 6650
8209 9447
3914 2044
8361 9447
4032 6052
6671 4139
4469 676
7788 1677
6800 2094
3065 7093
1017 2881
4091 8092
4742 9718
9122 1918
3692 6872
4905 8646
6130 852
8955 1592
395 1312
8953 9934
7279 3285
3870 1006
6267 5783
9847 1699
1652 4946
8000 5884
716 5809
420 9752
1577 3541
8076 2341
832 3629
8684 5759
6480 7424
8026 1519
3487 5387
7193 2864
6522 4054
3022 4619
5325 2970
3338 2055
5743 7563
7512 6460
4151 3089
875 6840
4699 7759
8982 7783
4453 2944
5201 4696
4855 86
1428 4927
2444 484
1906 2610
7135 4519
7505 4185
5980 3266
9335 2054
6043 2669
480 2979
1167 8667
8848 2884
4982 1179
7842 2873
4004 7074
5240 9101
5702 9381
2895 7531
753 6143
2789 2502
8507 2647
1555 5429
8573 3838
2514 5526
4725 1662
8017 1929
9940 2953
7639 431
9345 8889
8872 6150
4389 5615
1852 8416
1846 6343
3663 2014
5463 2218
7779 6409
9903 157
9082 4069
7048 2048
6086 7726
4549 735
6334 7377
4445 4837
3270 9873
2043 4813
1432 5871
3764 2752
6349 1039
3158 4636
8683 9099
2714 9512
9316 7666
9329 6790
9827 8629
2424 7429
665 977
9536 4785
2338 4159
6699 5824
8310 1699
6287 1556
4058 8677
323 5462
199 3102
9523 9608
4288 9678
6206 4049
8943 2010
5281 7673
6932 8627
1140 5641
3546 2785
9700 2648
1473 8907
7785 1654
4634 6124
8624 8395
2629 5614
1623 3312
9575 7772
3724 8981
8930 7374
607 2358
8649 3969
2358 8426
6101 5833
7995 885
6927 4408
4144 9543
122 659
6370 1858
8227 7598
4952 2663
4445 4902
7404 7967
3992 8213
8198 585
9139 8009
2853 9831
699 5742
5093 57
3319 7164
9812 1855
9913 779
2423 1811
2066 8826
5900 6414
8971 1120
801 5774
3256 6848
6177 1672
8714 6752
685 3576
5398 4980
8204 7720
6485 8123
3350 1632
1338 9231
6756 1774
2484 2474
648 6580
1114 9712
7052 8030
8695 8603
347 1650
4040 6560
9856 1111
7917 4227
4381 4029
5762 2296
3266 3885
284 3192
8027 4538
6715 1536
8970 1769
1472 5494
5158 2201
4392 9259
1631 1995
5188 7847
4100 9488
4448 5895
3902 5569
3657 8347
458 7428
8112 1739
5339 3654
4391 2797
1980 190
2350 5833
5442 2661
1351 7642
6981 7430
4461 5834
4825 3476
6120 4096
7726 5045
9447 4040
5849 4489
5883 9124
3314 5343
3979 7656
6901 1379
5368 5437
3346 3453
6596 6611
8680 25
8971 9262
4324 9378
5169 5145
3400 1879
7078 5519
2970 3091
3515 2622
9022 4883
8908 2007
1275 2791
3697 9391
5236 7794
4387 5176
9832 1866
6386 590
9885 8223
8608 9835
4237 1773
8730 4699
1745 8699
1826 9614
3629 9258
1441 2607
1276 9832
2377 7632
5578 5536
9249 1709
727 9324
2524 8732
6682 3709
3835 907
3759 3539
3393 4629
540 1985
3266 9385
6280 3020
9234 6769
7958 3109
2620 1968
8862 5435
2308 61
7981 9676
4090 2300
882 2359
7460 259
3646 7636
2804 7509
4874 249
7894 2906
5388 5950
4537 9483
626 603
3274 7534
9342 1613
9170 6567
9434 7795
2047 7290
2944 4587
8942 4171
8886 6027
4835 7909
3180 1616
5270 1636
6294 95
9200 6971
7414 3535
8588 4984
325 7731
14 4904
2405 3418
4890 5607
6345 103
6108 4178
1520 15
9259 395
7613 8072
9664 9367
5101 531
7170 5582
5494 7804
8159 9727
1438 4972
914 1774
5904 8282
6213 213
5789 4407
8305 2563
5023 2165
8644 9753
8014 7516
6130 8304
5272 6974
1568 956
8348 1830
6615 5146
2554 1132
4262 6041
8756 5315
9120 1111
4444 3436
1690 6269
4406 1460
6864 2301
7907 4034
857 3427
9201 8730
5423 7292
4709 4604
5254 6098
3549 8002
2058 3771
3244 2458
4021 648
1784 6804
4151 6763
2470 3386
9130 4569
5858 8584
7495 1313
3009 9822
6924 3622
5415 3986
7406 7886
992 105
8549 6403
4945 6479
4775 3655
9050 9374
5187 5819
7404 4738
6499 8174
3638 2202
1519 4585
5765 4800
6560 1078
8395 5499
4852 2694
4541 9006
7072 8138
8786 7706
7525 9973
6922 4213
3088 5267
5977 3110
3166 8209
4455 8559
2181 2557
7788 5899
1891 3328
9097 9633
9843 8081
9184 1525
6433 2790
2662 2741
7480 246
7681 9822
4354 5014
7802 4832
9467 2100
6084 7829
6978 2005
4523 467
3466 1692
406 3327
9516 1953
8492 8876
9250 8278
1942 6860
5815 4389
3033 75
6744 8753
6826 2644
8357 5083
5526 9419
4167 2859
5683 6478
8839 7544
1301 2542
6355 7387
1944 4494
8406 9555
3481 4952
6403 2974
7905 2717
8381 492
8651 859
4244 9821
5046 5200
4928 4469
3158 8727
1626 3100
3818 2169
9233 6120
9664 850
9302 3795
7949 2219
5387 7495
3416 6134
7030 8566
7631 6935
2257 2303
9677 8947
4560 4219
8643 5292
5932 4823
8352 303
1715 3828
7707 4982
9020 4158
5082 3126
1107 5016
2119 4365
7780 3149
2507 6645
8376 5394
7152 8870
9113 3809
3695 7817
8820 1544
7732 6620
5844 1715
2116 1122
1824 47
9489 3197
670 2591
1636 512
6897 110
6757 2203
2835 1718
9866 6564
8478 7752
1419 3190
3098 4272
8664 7495
2331 6883
8795 9774
6789 8132
3258 4219
1446 8041
8681 4161
4209 236
6801 5261
1243 6014
8631 2154
4456 8165
6838 21
1141 3265
9142 650
6374 8886
1190 5043
7767 1464
6156 8050
9241 6499
2881 4682
410 3222
759 918
7895 3029
186 4566
6742 579
1480 3079
7361 3164
7925 155
52 9604
571 3880
3977 5097
6769 4805
9156 9403
6653 9835
2457 7932
8822 2340
5727 3615
8470 4380
7054 2985
3714 1707
75 2194
5787 5604
4850 7251
1710 254
1879 6344
7489 5689
3823 7363
7627 1149
969 114
5036 572
728 5062
1210 3929
8374 5386
3517 9637
5128 5541
8350 8233
6940 2998
525 4450
525 13
1444 6154
8016 2297
1451 2922
4571 3051
5073 6664
512 5719
7169 3281
5983 7246
259 7934
3068 7534
3808 4966
3233 7357
1646 3195
4554 7653
4816 3610
1646 5606
1475 8443
6147 2116
9974 8870
2852 1801
3072 2545
7966 7993
9584 1800
5637 7218
9021 9987
9438 5095
5352 1661
6955 6108
5889 675
6681 1001
4973 177
8639 3676
9512 6433
3466 691
8654 4880
7789 8382
5118 2145
8799 8859
5176 5233
5739 5569
2304 8867
5210 5552
1270 8644
62 9506
2713 2570
8322 7695
8458 388
299 7413
8133 9170
526 1323
2511 7810
4593 4837
7509 5188
2474 2882
6474 7338
6516 936
4560 754
1250 9159
5537 2926
2752 3227
9402 4396
9468 6913
327 187
153 1460
8711 6570
7709 3265
3002 6787
5926 9941
2994 541
8972 2453
2043 9673
7700 7385
7280 6345
1268 9498
5160 6739
6318 2237
2011 8040
7295 3888
5708 1079
2046 2225
9076 9180
7744 3450
4608 4375
2660 9110
4401 5467
6251 7171
5662 9180
4826 5991
2550 7563
8495 8445
8935 1033
8329 5908
6202 5981
9996 2033
5187 5904
4487 7354
9652 6398
2525 9782
6569 479
2577 9132
3361 3330
7162 6824
8667 3220
8745 2735
8817 878
6341 7015
2569 5729
7150 7313
751 5724
4718 7161
252 8195
5646 3737
1697 4182
3717 3632
1138 6081
3156 3061
2387 8503
8501 773
5392 479
1910 6486
4855 3358
8548 4145
751 9284
4979 8737
6573 8864
2369 7518
9093 2571
5467 6912
607 5687
1480 5218
6255 8316
1493 4865
435 486
4866 7267
6301 9480
1272 3781
3945 4057
360 6949
1771 480
8968 319
1401 166
5894 2745
5629 3648
9557 8712
2642 4862
8432 7992
5215 1231
5744 5366
5016 5048
8628 8958
6656 843
4808 3402
6567 6391
8465 1942
8491 6742
8247 5952
4718 8515
6563 5718
4618 8767
2337 8424
4476 3873
3710 3188
682 5103
4336 5730
292 4947
1730 9392
2797 833
1091 7983
1479 8666
940 847
9490 6214
5160 2528
8301 7589
7759 8930
3010 1617
3178 1685
5356 6242
690 5158
7711 9136
6340 3528
582 8056
9031 1949
9695 6841
7547 8938
2573 472
1358 8661
7930 2765
8366 2515
7578 9899
6291 3809
2153 107
1573 9315
7724 5516
1111 6742
6817 8959
6967 7221
406 6247
9473 7739
3087 9497
