1000 2
8908 2007
2264 5377
8017 1929
3481 4952
9695 6841
1932 1057
1467 2538
5210 5552
2423 1811
8250 96
5236 7794
1910 6486
4336 5730
8817 878
2499 8319
1419 3190
4816 3610
1060 3352
8376 5394
1091 7983
6480 7424
5176 5233
8549 6403
3724 8981
8971 1120
554 6706
685 3576
8330 5507
4742 9718
1745 8699
1275 2791
1547 2992
5169 5145
8366 2515
435 486
6242 9526
8727 4351
3117 1962
8730 4699
3979 7656
3400 1879
2713 2570
5011 1070
7895 3029
6499 8174
6202 5981
3265 3982
2752 3227
1270 8644
8406 9555
62 9506
7541 7946
6433 2790
7728 7390
3835 907
2265 7145
1111 6742
1451 2922
4387 5176
9142 650
7525 9973
480 2979
8638 9225
1108 5805
6086 7726
1190 5043
6940 2998
5494 7804
7741 6671
7949 2219
9919 9439
5705 9473
6744 8753
9567 1495
4100 9488
6130 8304
7780 3149
7489 5689
866 2185
8305 2563
8711 6570
1710 254
8643 5292
4855 3358
9467 2100
8227 7598
6206 4049
6474 7338
9489 3197
9913 779
2836 3101
7404 4738
8409 4671
8303 1453
2446 6905
645 2680
9335 490
5118 2145
9089 2293
3717 3632
7152 8870
3286 2525
4448 5895
2058 3771
4855 86
5270 1636
9184 1525
9077 6546
7894 9503
2401 6074
8683 9099
8329 5908
1636 512
5128 5541
1140 5641
7397 6949
6536 3263
6955 6108
8639 3676
7925 155
8971 9262
4835 7909
3676 3827
8495 8445
7681 9822
8395 3909
5789 4407
1758 8138
7613 8072
9249 1709
5778 3946
5325 2970
7427 4107
5016 5048
8942 4171
882 2359
9020 4158
716 5809
1265 6516
960 766
6334 7377
9339 6674
8292 6680
6249 534
6046 5564
1555 5429
9322 7914
8848 2884
406 6247
5980 3266
2181 2557
4956 7783
4656 6213
8624 8395
1138 6081
6771 7771
6596 6611
9519 1815
5454 6583
3314 5343
3180 1616
6981 7430
4808 3402
9903 157
6280 3020
3233 7357
5021 5930
268 645
8588 4984
571 3880
6838 21
5073 6664
8795 9774
7700 7385
8968 319
5187 5904
2011 8040
7712 9100
9130 4569
626 603
2720 5915
8432 7992
8791 7824
395 1312
4571 3051
7631 6935
2714 9512
3635 5174
8048 3666
992 105
4406 1460
122 4910
1017 2881
2916 2107
6757 2203
1044 4166
8644 9753
3902 5569
8501 773
4209 236
3977 5097
6801 5261
4799 3777
1475 8443
7905 2717
3400 2499
7958 3109
3158 4636
2046 2225
1631 1995
4502 1056
8001 519
199 3991
8786 7706
1276 9832
9468 6913
5240 9557
8204 7720
8934 510
2699 1877
2484 2474
7744 3450
3346 3453
3041 6189
8773 4109
525 13
6345 103
325 7731
7512 6460
857 3427
8935 1033
751 5724
5578 5536
9234 6769
9974 8870
6876 7535
2514 5526
3823 7363
1325 7831
5977 3110
9700 2648
9866 6564
8820 1544
8374 5386
7406 7886
7787 6368
2511 7810
7466 2514
5615 7422
6301 9480
9149 3927
8148 1093
5467 6912
3657 8347
284 3192
8667 3220
7169 3281
1891 3328
5895 2889
7907 4034
1646 3195
3646 7636
9342 1613
6684 3704
2257 2303
2569 5729
52 9604
607 2358
4718 8515
2853 9831
9856 1111
7842 2873
2922 5330
3835 4169
3575 5040
5983 7246
9832 1866
5657 8214
5708 1079
7480 246
186 4566
5787 5604
7639 431
2116 1122
4369 9487
8857 5110
4523 467
3022 4619
299 7413
7789 8382
8695 8603
7779 6409
3487 5387
4354 5014
2629 5614
5743 7563
5398 4980
9022 5205
2043 9673
342 8896
8198 585
6522 4054
2047 7290
6563 5718
914 1774
5765 4800
8563 6819
3586 2897
6924 3622
8628 8958
3178 1685
4456 8165
6251 7171
4560 754
7150 7313
2795 621
5762 2296
8350 8233
9750 6129
2662 2741
6485 8123
9006 3107
2331 6883
6022 7690
9659 4882
2424 7429
6370 1858
582 8056
9965 6344
3416 6134
4866 7267
1438 4972
7089 7479
2358 8426
8680 25
5082 3126
2447 7476
9259 395
9022 4883
4718 7161
9250 8278
1730 9392
9573 2681
6742 579
9885 8223
2053 5100
648 6580
5368 5437
5046 5200
8649 3969
4372 1029
4453 2944
3055 3936
4091 8092
6479 9439
7078 5519
8671 9224
1473 8907
8953 9934
1401 166
1133 1184
2620 1968
9139 8009
7170 5582
5609 1525
9122 1918
1577 3541
1519 4585
4634 6124
9420 9964
4593 4837
865 6420
8756 5315
1212 4604
9473 7739
8491 6742
8016 2297
5900 6414
1441 2607
3548 5289
4850 7251
7495 1313
801 5774
37 8032
8524 9814
9949 9990
607 5687
8862 5435
6978 2005
362 2076
2573 5320
9847 1699
751 9284
6287 1556
7394 1621
8322 7695
3361 3330
9664 9367
6344 8166
7724 5516
9838 819
8982 7783
6403 2974
9050 9374
4874 249
8352 303
458 7428
6682 3709
7732 6620
5388 5950
1167 8667
2642 4862
7271 1853
2119 4365
5240 9101
1243 6014
5233 2826
5739 5569
199 3102
6516 936
4698 878
4391 2797
2804 7509
7709 3265
4928 4469
2852 1801
8027 4538
2337 8424
3695 7817
8301 7589
4032 6052
2405 3418
8348 1830
2043 4813
14 4904
6901 1379
5621 6119
3764 2752
9575 7772
8209 9447
7930 2765
3530 5984
8714 6752
410 3222
3211 6482
2789 2502
3327 6042
9193 6478
2895 7531
5160 2528
7578 9899
3393 4629
7444 7480
2308 61
2994 541
7627 6690
2660 9110
526 1323
2936 4968
6789 8132
3068 7534
7193 2864
5168 3097
2577 9132
8159 9727
3266 3885
2976 304
1626 3100
3166 8209
8620 2747
6294 95
5702 9381
7937 7149
347 1650
9886 65
1272 3781
4090 2300
5387 7495
3160 6254
5370 4383
4709 4604
7802 4832
6267 5783
6130 852
8357 5083
9402 4396
2525 9782
6738 5584
3714 1707
6539 9356
589 6588
1781 4771
5023 2165
8361 9447
5894 2745
3759 3539
4039 897
6101 5833
5036 572
5815 4389
4608 4375
2060 5520
7788 1677
8876 9369
4254 271
3549 8002
1301 2542
7048 2048
9781 9615
5442 2661
7460 259
8839 7544
4237 1773
5368 9247
7966 7993
1784 6804
8822 2340
7390 2178
6291 3809
8681 4161
8276 5627
2304 8867
8232 1242
2931 1347
4167 2859
9664 850
4792 693
4040 6560
3638 2202
5254 6098
4541 9006
3088 5267
1268 9498
4963 8654
525 4450
6156 8050
3244 2458
3033 75
5905 4864
4629 6895
4469 676
3512 5827
728 5062
4606 4641
6800 2094
1079 2444
5901 7064
259 7934
6177 1672
2835 1718
3546 2269
3347 4825
9557 722
6396 8126
4905 8646
9775 4769
9001 7973
5101 531
1826 9614
1944 4494
7767 1464
9217 1590
2474 2882
5460 7340
5932 4823
665 977
8465 1942
5356 6242
4288 9678
2866 8222
1212 7310
4554 7653
757 3992
4476 3873
4445 4837
2300 9910
5222 4979
8217 7456
145 3824
4541 7549
9192 2314
7054 2985
40 7813
2338 4159
7377 7286
2457 7932
5893 3741
6615 5146
6756 1774
2402 1249
9113 3809
2773 7210
2970 3091
5962 2945
6645 5150
6817 8959
4863 6015
2255 8657
8927 3134
590 6381
3638 4268
2944 4587
5163 8235
7509 5188
8000 5884
4400 4238
5904 8282
3466 1692
3156 3061
7072 8138
4461 5834
3256 6848
6567 6391
6715 1536
4468 3852
9843 8081
3697 9391
1114 9712
323 5462
4151 6763
9233 6120
406 3327
9584 1800
5844 1715
3870 1006
3274 7534
4537 9483
8247 5952
4145 9746
1446 8041
4092 7446
4144 9543
8316 7814
8654 4880
3945 4057
1886 5104
2470 3386
7162 6824
6147 2116
6653 9835
875 6840
2655 8865
5352 1661
6213 213
8559 2903
7707 4982
727 9324
6560 1078
6386 590
5201 4696
9335 2054
1480 5218
3818 2169
8470 4380
2797 833
9490 6214
4487 7354
419 8167
1947 2570
4825 3476
420 9752
3980 712
6120 4096
940 847
8608 9835
3556 151
3692 6872
3914 2044
6108 4178
5158 2201
7279 3285
1652 4946
1405 2058
9738 5085
7361 3164
6349 1039
3515 2622
4021 648
4890 5607
8026 1519
4979 8737
5526 9419
8458 388
4392 9259
6769 4805
1697 4182
7505 4185
1942 6860
3710 3188
7465 9372
3291 6500
5545 5615
8664 7495
9557 8712
9156 9403
5392 479
1493 4865
4982 1179
8799 8859
8947 8865
8460 6889
8970 1769
7295 3888
4445 4902
1184 3912
6904 8625
2387 8503
8310 1699
2881 4682
969 114
1633 3805
1432 5871
9329 6790
4058 8677
5727 3615
5633 4327
1428 4927
367 8896
3065 7093
4775 3655
8014 7516
5481 55
682 7030
3319 7164
8548 4145
5744 5366
7414 3535
7404 7967
9523 9608
9076 9180
589 5107
6355 7387
8362 2189
9512 6433
7592 4173
5683 6478
5537 2926
1623 3312
1568 956
2554 1132
8133 9170
2153 107
3117 9609
5281 7673
4324 9378
7547 8938
9850 1609
9677 8947
1080 9599
5889 675
7330 1775
8747 1421
5423 7292
1037 2032
9625 4365
8215 3617
8684 5759
7785 1654
738 5976
4852 2694
4889 3787
7280 6345
3629 9258
859 1526
1498 1668
893 392
8395 5499
3266 9385
5858 8584
4699 7759
8478 7752
1271 8601
9200 6971
1771 480
1444 6154
2278 5222
3765 1840
7995 885
8076 2341
252 8195
5215 1231
4549 735
6699 5824
1915 1408
7753 5789
5752 4157
753 6143
410 5518
9241 6499
8872 6150
3546 2785
8930 7374
6932 8627
2066 8826
9940 2953
6656 843
3266 8408
1846 1114
2621 9982
7726 5045
153 1460
5272 6974
2977 8244
1846 6343
75 2194
8786 9117
3338 2055
5646 3737
8386 8862
5926 9941
1338 9231
682 5103
2522 4504
873 6036
7711 9136
2678 3983
8886 6027
5093 57
7981 9676
9434 7795
1684 9812
9052 4490
8651 859
7759 8930
9652 6398
5463 2218
3010 1617
4826 5991
3967 8916
6374 8886
1480 3079
8955 1592
4244 9821
4618 8767
3808 4966
30 4527
4381 4029
5160 6739
8972 2453
5741 3572
1852 8416
5188 7847
9093 2571
1980 190
4952 2663
9082 4069
5883 9124
482 928
292 4947
5339 3654
949 858
6686 3210
4560 4219
360 6949
1250 9159
6318 2237
1358 8661
5151 9227
8394 4447
2524 8732
2745 7071
7917 4227
3258 4219
1210 3929
6573 8864
4389 5615
3466 691
3087 9497
6671 4139
1690 6269
7788 5899
8554 9327
8492 8876
9170 6567
5415 3986
9403 337
9536 4785
5950 8494
4011 1371
6341 7015
9124 6086
8433 7215
9438 5095
2350 5833
6922 4213
2550 7563
2369 7518
4848 9462
6864 2301
4796 953
832 3629
5418 9628
6681 1001
3326 2378
6569 479
8573 3838
6255 8316
9201 8730
5187 5819
1715 3828
3098 9385
9827 8629
3663 2014
9447 4040
6927 4408
9302 3795
6344 4760
1141 3265
7894 2906
4945 6479
1351 7642
8943 2010
1879 6344
5637 7218
3072 2545
3123 9539
3270 9873
8507 2647
9021 9987
5623 8163
9516 1953
690 5158
8112 1739
699 5742
9345 8889
9097 9633
4985 6650
9996 2033
3158 8727
4455 8559
9031 1949
8075 662
4004 7074
7619 2039
540 1985
9057 6349
5549 9667
4444 3436
2435 2785
1107 5016
1740 5965
1472 5494
3313 5056
5761 2829
2444 484
3009 9822
759 918
5650 3927
327 187
6897 110
1479 8666
2573 472
3992 8213
9120 1111
1646 5606
7627 1149
670 2591
9812 1855
7052 8030
2329 3007
4761 578
4401 5467
421 4581
4725 1662
9316 7666
5849 4489
2377 7632
6967 7221
5629 3648
8631 2154
6826 2644
3350 1632
3636 3752
3517 9637
7135 4519
4151 3089
3551 9841
5662 9180
1926 2074
6043 2669
1859 417
2507 6645
3002 6787
4973 177
122 659
8745 2735
1573 9315
6084 7829
3098 4272
1906 2610
5997 1113
4262 6041
1824 47
1520 15
8612 1433
7030 8566
512 5719
8050 237
6340 3528
8381 492
