1000 2
5222 4979
5415 3986
7639 431
2620 1968
9302 3795
8955 1592
1626 3100
5743 7563
3914 2044
8947 8865
5962 2945
4718 8515
1906 2610
9170 6567
5463 2218
4808 3402
4560 4219
3530 5984
2116 1122
9342 1613
1479 8666
8016 2297
4979 8737
1745 8699
540 1985
284 3192
3586 2897
8507 2647
9403 337
4406 1460
3549 8002
2720 5915
759 918
7780 3149
940 847
3487 5387
2745 7071
590 6381
7406 7886
2524 8732
5789 4407
8465 1942
6291 3809
9512 6433
1577 3541
395 1312
8786 7706
9241 6499
9124 6086
4392 9259
3313 5056
6567 6391
6516 936
9557 8712
8730 4699
4945 6479
3818 2169
4209 236
7054 2985
859 1526
7390 2178
9345 8889
6978 2005
6744 8753
7905 2717
5683 6478
5388 5950
7631 6935
4004 7074
3314 5343
1910 6486
6318 2237
6817 8959
1573 9315
5168 3097
4956 7783
645 2680
7709 3265
6349 1039
1243 6014
1467 2538
9447 4040
2255 8657
6522 4054
199 3102
7394 1621
122 659
9420 9964
9885 8223
4618 8767
9949 9990
8644 9753
3065 7093
9077 6546
8406 9555
1947 2570
1276 9832
6479 9439
5650 3927
8654 4880
4593 4837
5657 8214
2621 9982
2405 3418
3759 3539
6769 4805
3087 9497
1684 9812
9886 65
5442 2661
857 3427
7894 9503
512 5719
4090 2300
9249 1709
1432 5871
1519 4585
7578 9899
199 3991
4825 3476
3010 1617
7787 6368
8316 7814
4453 2944
6156 8050
2446 6905
8971 1120
9022 4883
8014 7516
6267 5783
1891 3328
5460 7340
5368 9247
410 3222
9156 9403
2573 472
4445 4902
5281 7673
5761 2829
8886 6027
5339 3654
7489 5689
9832 1866
9489 3197
8971 9262
9664 850
9695 6841
6653 9835
5163 8235
8876 9369
4742 9718
4040 6560
3515 2622
6901 1379
753 6143
1631 1995
8159 9727
1520 15
3635 5174
4852 2694
9523 9608
9329 6790
525 13
7613 8072
9575 7772
960 766
9850 1609
4606 4641
2931 1347
3072 2545
9201 8730
1265 6516
1190 5043
1079 2444
4541 7549
3033 75
7170 5582
8680 25
7169 3281
7627 1149
7724 5516
6480 7424
3575 5040
5101 531
6682 3709
360 6949
3629 9258
3638 4268
6955 6108
607 5687
1784 6804
6344 8166
6344 4760
1133 1184
1926 2074
3717 3632
9738 5085
8017 1929
6864 2301
5201 4696
7711 9136
6569 479
5983 7246
5418 9628
1446 8041
3266 3885
2053 5100
3835 907
8276 5627
5844 1715
2895 7531
1690 6269
2447 7476
6345 103
6340 3528
8972 2453
8857 5110
2350 5833
7741 6671
7480 246
3638 2202
8684 5759
3256 6848
4391 2797
4889 3787
7547 8938
9557 722
5160 6739
6967 7221
3350 1632
873 6036
7404 4738
5762 2296
6101 5833
4288 9678
1480 5218
7509 5188
3400 1879
8624 8395
5549 9667
4092 7446
5744 5366
8458 388
875 6840
5368 5437
1879 6344
9031 1949
526 1323
2153 107
9402 4396
4855 3358
6485 8123
9974 8870
2484 2474
3714 1707
9473 7739
554 6706
4448 5895
1275 2791
9856 1111
6242 9526
1037 2032
8026 1519
4523 467
9217 1590
8501 773
7700 7385
5526 9419
8612 1433
8862 5435
9567 1495
9625 4365
1091 7983
3088 5267
8250 96
6838 21
1060 3352
75 2194
8795 9774
8664 7495
8348 1830
9812 1855
3697 9391
2265 7145
1740 5965
2714 9512
3361 3330
4541 9006
7785 1654
8643 5292
1184 3912
2836 3101
4560 754
4796 953
8548 4145
6573 8864
7512 6460
37 8032
9519 1815
8649 3969
4167 2859
3022 4619
6355 7387
3657 8347
9200 6971
8361 9447
2577 9132
9076 9180
8711 6570
8394 4447
8822 2340
4799 3777
3258 4219
1758 8138
9781 9615
626 603
4850 7251
3123 9539
5016 5048
3967 8916
6130 8304
9057 6349
3117 1962
1646 5606
9184 1525
8148 1093
7541 7946
801 5774
5705 9473
9775 4769
7279 3285
4928 4469
2976 304
5815 4389
6536 3263
9677 8947
4718 7161
1114 9712
5392 479
8848 2884
6789 8132
8943 2010
7726 5045
7707 4982
4100 9488
9490 6214
992 105
8927 3134
4890 5607
2922 5330
9233 6120
2662 2741
670 2591
882 2359
8908 2007
6684 3704
727 9324
8386 8862
9652 6398
5977 3110
5932 4823
252 8195
3291 6500
8374 5386
525 4450
1438 4972
5046 5200
2507 6645
4816 3610
2629 5614
3327 6042
2525 9782
421 4581
3546 2269
3646 7636
8133 9170
323 5462
4571 3051
4982 1179
8362 2189
7966 7993
8076 2341
685 3576
9006 3107
1715 3828
9149 3927
2338 4159
8791 7824
4476 3873
4145 9746
3326 2378
6539 9356
3338 2055
8786 9117
7732 6620
8478 7752
2569 5729
4775 3655
7681 9822
5621 6119
9050 9374
4725 1662
3274 7534
1405 2058
6596 6611
40 7813
7981 9676
6981 7430
665 977
4456 8165
7802 4832
8075 662
7460 259
3347 4825
5901 7064
5240 9101
4461 5834
8942 4171
5629 3648
5454 6583
682 7030
4863 6015
4389 5615
8817 878
145 3824
6615 5146
1475 8443
5187 5904
699 5742
7152 8870
6084 7829
969 114
9913 779
5370 4383
4354 5014
3266 9385
1852 8416
6927 4408
5158 2201
866 2185
8460 6889
1358 8661
8305 2563
5997 1113
7078 5519
8432 7992
2573 5320
8683 9099
3636 3752
1886 5104
292 4947
5900 6414
1652 4946
3041 6189
6294 95
1141 3265
3009 9822
8930 7374
3270 9873
1212 4604
1108 5805
7495 1313
2660 9110
9021 9987
9573 2681
9093 2571
2977 8244
3178 1685
1444 6154
1419 3190
8470 4380
122 4910
8329 5908
8000 5884
2522 4504
3319 7164
5356 6242
5708 1079
4444 3436
347 1650
9089 2293
4709 4604
4792 693
4381 4029
2337 8424
4835 7909
4237 1773
9903 157
482 928
4952 2663
1633 3805
5398 4980
4656 6213
8227 7598
9120 1111
8376 5394
9142 650
4151 3089
1268 9498
2181 2557
2457 7932
7744 3450
3870 1006
8714 6752
2795 621
1451 2922
2043 9673
5905 4864
6757 2203
2713 2570
4445 4837
406 3327
2804 7509
6386 590
8322 7695
6801 5261
5980 3266
7937 7149
7048 2048
3180 1616
9335 490
9234 6769
8872 6150
4826 5991
1270 8644
4058 8677
8839 7544
1212 7310
62 9506
3695 7817
1942 6860
6433 2790
2402 1249
2852 1801
1846 6343
4487 7354
6499 8174
1623 3312
3393 4629
7295 3888
1547 2992
1111 6742
5073 6664
7466 2514
6120 4096
7135 4519
7271 1853
406 6247
1480 3079
1338 9231
690 5158
5187 5819
8727 4351
648 6580
6742 579
3266 8408
5883 9124
5633 4327
2678 3983
4151 6763
4468 3852
2423 1811
2936 4968
1980 190
582 8056
9843 8081
5926 9941
8395 3909
6206 4049
8671 9224
9536 4785
7193 2864
2358 8426
6301 9480
7619 2039
6563 5718
4761 578
7894 2906
865 6420
7427 4107
6403 2974
4698 878
9339 6674
6086 7726
2470 3386
2797 833
6251 7171
8695 8603
7930 2765
5021 5930
3233 7357
2047 7290
3244 2458
2866 8222
4369 9487
342 8896
1107 5016
751 5724
2773 7210
5609 1525
949 858
9020 4158
3663 2014
1859 417
9082 4069
2401 6074
4387 5176
8745 2735
7162 6824
5176 5233
8495 8445
410 5518
3466 691
3676 3827
2916 2107
3512 5827
7072 8138
9250 8278
4144 9543
8968 319
6370 1858
7917 4227
9664 9367
8820 1544
7958 3109
5254 6098
9750 6129
3416 6134
7444 7480
9193 6478
4973 177
6715 1536
5481 55
9322 7914
5537 2926
8350 8233
1272 3781
6147 2116
2046 2225
2329 3007
3551 9841
8491 6742
8381 492
8217 7456
3156 3061
8799 8859
8395 5499
1441 2607
3517 9637
6940 2998
6826 2644
8681 4161
9335 2054
9113 3809
5128 5541
8198 585
8357 5083
2554 1132
8970 1769
2642 4862
4985 6650
2011 8040
9316 7666
5894 2745
2514 5526
2970 3091
3158 8727
5352 1661
6686 3210
1646 3195
1080 9599
6177 1672
3166 8209
8982 7783
7150 7313
7779 6409
4502 1056
5615 7422
5727 3615
2699 1877
7753 5789
9139 8009
3286 2525
2387 8503
6756 1774
1401 166
4905 8646
8232 1242
7627 6690
8651 859
6932 8627
1017 2881
8667 3220
1271 8601
5893 3741
8747 1421
7728 7390
3710 3188
1944 4494
2752 3227
7404 7967
1472 5494
1138 6081
9259 395
2066 8826
5215 1231
3765 1840
5011 1070
893 392
2377 7632
458 7428
6656 843
6671 4139
6800 2094
7789 8382
6699 5824
5752 4157
367 8896
914 1774
5169 5145
8773 4109
6876 7535
6108 4178
5904 8282
3692 6872
7712 9100
8756 5315
5739 5569
4372 1029
325 7731
3980 712
1210 3929
738 5976
7842 2873
419 8167
1915 1408
5545 5615
4549 735
9919 9439
3992 8213
4021 648
3346 3453
2424 7429
589 6588
5188 7847
757 3992
8559 2903
7788 5899
3546 2785
3265 3982
8628 8958
7465 9372
8292 6680
9700 2648
8554 9327
6287 1556
268 645
9584 1800
2300 9910
2058 3771
8524 9814
4324 9378
2474 2882
1555 5429
728 5062
4011 1371
1325 7831
7995 885
9192 2314
7907 4034
299 7413
6341 7015
5702 9381
7280 6345
7895 3029
8330 5507
7788 1677
6249 534
8935 1033
571 3880
8953 9934
9659 4882
6904 8625
30 4527
2060 5520
7330 1775
5858 8584
2369 7518
9847 1699
7949 2219
4634 6124
1636 512
14 4904
7414 3535
5118 2145
1044 4166
3556 151
5637 7218
8112 1739
8608 9835
435 486
1351 7642
6738 5584
6334 7377
3117 9609
2511 7810
5849 4489
9468 6913
1568 956
7759 8930
9996 2033
186 4566
5741 3572
9438 5095
9467 2100
7089 7479
4855 86
7361 3164
1498 1668
6396 8126
2304 8867
3902 5569
2655 8865
3002 6787
4537 9483
5950 8494
832 3629
5494 7804
5093 57
3764 2752
4469 676
6280 3020
1932 1057
5787 5604
5151 9227
5236 7794
6374 8886
1167 8667
6922 4213
7030 8566
3400 2499
4699 7759
9516 1953
4554 7653
4963 8654
6560 1078
9097 9633
5023 2165
8573 3838
1730 9392
5765 4800
3724 8981
751 9284
2264 5377
2257 2303
682 5103
5889 675
7377 7286
8492 8876
5387 7495
2944 4587
3979 7656
8303 1453
3481 4952
6202 5981
1697 4182
3808 4966
9940 2953
4039 897
2043 4813
8209 9447
327 187
7592 4173
9434 7795
3055 3936
5082 3126
4401 5467
2835 1718
2435 2785
8620 2747
6022 7690
716 5809
1473 8907
480 2979
5467 6912
8409 4671
4244 9821
2499 8319
3068 7534
1493 4865
4254 271
4091 8092
6771 7771
5646 3737
9022 5205
8638 9225
8215 3617
7052 8030
2853 9831
8204 7720
7505 4185
7525 9973
8001 519
259 7934
9866 6564
9001 7973
3211 6482
1428 4927
5778 3946
6645 5150
9827 8629
8588 4984
8301 7589
1781 4771
1771 480
1710 254
8433 7215
5270 1636
6046 5564
4608 4375
6130 852
4262 6041
8310 1699
8366 2515
4336 5730
5895 2889
4874 249
2789 2502
8639 3676
52 9604
8563 6819
6255 8316
8048 3666
1826 9614
2550 7563
3945 4057
5662 9180
153 1460
4400 4238
3835 4169
5233 2826
3823 7363
7925 155
3548 5289
5623 8163
9052 4490
8027 4538
8352 303
420 9752
362 2076
589 5107
7397 6949
8247 5952
4455 8559
9838 819
2119 4365
5240 9557
1846 1114
6897 110
3158 4636
5272 6974
1824 47
2881 4682
607 2358
3977 5097
6213 213
5325 2970
1301 2542
2331 6883
6043 2669
8549 6403
8631 2154
3098 4272
2994 541
4032 6052
8934 510
8050 237
1140 5641
9122 1918
9965 6344
2278 5222
6474 7338
9130 4569
5160 2528
4848 9462
5578 5536
4866 7267
2308 61
3160 6254
1250 9159
6924 3622
3098 9385
3466 1692
2444 484
7767 1464
5423 7292
4629 6895
5210 5552
5036 572
6681 1001
