1000 2
5187 5819
6156 8050
7030 8566
648 6580
5932 4823
1697 4182
5101 531
6287 1556
6536 3263
8014 7516
9089 2293
9031 1949
582 8056
6927 4408
3663 2014
8048 3666
5011 1070
4718 7161
6386 590
1480 5218
1190 5043
5016 5048
8817 878
5240 9101
7489 5689
738 5976
5752 4157
1652 4946
2789 2502
3266 8408
4237 1773
9259 395
2745 7071
6480 7424
8310 1699
4718 8515
4145 9746
1684 9812
4244 9821
8612 1433
757 3992
4606 4641
3835 4169
1568 956
8470 4380
3945 4057
1265 6516
753 6143
7930 2765
6901 1379
9557 8712
5418 9628
9781 9615
5036 572
2278 5222
1498 1668
6771 7771
8209 9447
8148 1093
9866 6564
2060 5520
3211 6482
7788 5899
8745 2735
1623 3312
1079 2444
1446 8041
8651 859
1715 3828
4634 6124
690 5158
2678 3983
8227 7598
2525 9782
1886 5104
9974 8870
3346 3453
4792 693
9339 6674
8458 388
716 5809
3548 5289
2511 7810
3010 1617
9519 1815
8822 2340
3286 2525
7707 4982
4956 7783
1480 3079
9249 1709
7780 3149
8301 7589
7072 8138
8322 7695
8631 2154
4826 5991
6596 6611
8548 4145
4288 9678
8303 1453
7724 5516
3319 7164
8460 6889
8016 2297
3180 1616
8491 6742
3481 4952
4453 2944
1475 8443
5537 2926
1520 15
8217 7456
8076 2341
1740 5965
4890 5607
554 6706
7712 9100
2573 5320
9919 9439
1441 2607
9335 490
8394 4447
6202 5981
3178 1685
3714 1707
6396 8126
3759 3539
325 7731
8215 3617
5082 3126
8638 9225
9856 1111
5392 479
5578 5536
52 9604
670 2591
4608 4375
8620 2747
7541 7946
3265 3982
2554 1132
6433 2790
8839 7544
3967 8916
7981 9676
8376 5394
9234 6769
6955 6108
992 105
8886 6027
7925 155
2795 621
2405 3418
882 2359
1626 3100
2181 2557
4151 3089
8664 7495
6801 5261
3638 4268
4761 578
6147 2116
9847 1699
9402 4396
8942 4171
626 603
5545 5615
2881 4682
6108 4178
7779 6409
8953 9934
9420 9964
8133 9170
1210 3929
3338 2055
8970 1769
8204 7720
8247 5952
949 858
5549 9667
8232 1242
8075 662
682 7030
9659 4882
3327 6042
9677 8947
2358 8426
6251 7171
9233 6120
1270 8644
3002 6787
2331 6883
3586 2897
8820 1544
4445 4837
2402 1249
857 3427
2474 2882
8374 5386
6560 1078
8329 5908
8684 5759
8644 9753
6769 4805
406 3327
6334 7377
3517 9637
5187 5904
3266 9385
122 659
1479 8666
9664 850
5844 1715
751 5724
6474 7338
9020 4158
6370 1858
5901 7064
6206 4049
8305 2563
8554 9327
3065 7093
6897 110
8848 2884
4709 4604
4011 1371
2853 9831
1405 2058
9664 9367
5609 1525
4541 7549
30 4527
6744 8753
9557 722
6922 4213
5633 4327
5980 3266
9149 3927
4004 7074
4541 9006
3117 9609
8027 4538
1826 9614
6349 1039
7377 7286
6671 4139
4336 5730
6249 534
6255 8316
9567 1495
1636 512
1108 5805
5233 2826
37 8032
5201 4696
865 6420
9250 8278
9335 2054
4560 4219
5778 3946
8799 8859
1519 4585
525 13
1080 9599
9750 6129
3158 4636
2620 1968
7330 1775
7460 259
8573 3838
7905 2717
5526 9419
1577 3541
5046 5200
252 8195
5356 6242
3914 2044
1947 2570
1419 3190
7995 885
7917 4227
6864 2301
1091 7983
7741 6671
1338 9231
7785 1654
589 6588
8935 1033
480 2979
1547 2992
7193 2864
5894 2745
410 3222
5650 3927
8549 6403
406 6247
8756 5315
9516 1953
1275 2791
3575 5040
4391 2797
6177 1672
8352 303
7700 7385
5662 9180
5615 7422
1141 3265
9001 7973
7150 7313
2499 8319
7619 2039
5169 5145
8050 237
4725 1662
7744 3450
3646 7636
5744 5366
8857 5110
5637 7218
6022 7690
5240 9557
4387 5176
2507 6645
5236 7794
360 6949
8727 4351
866 2185
940 847
1044 4166
5368 5437
6516 936
4656 6213
7842 2873
7788 1677
2752 3227
8683 9099
8386 8862
1493 4865
6682 3709
4502 1056
7627 6690
1250 9159
8680 25
2066 8826
7089 7479
4742 9718
3515 2622
8943 2010
3068 7534
1932 1057
1268 9498
2401 6074
1980 190
759 918
40 7813
6522 4054
8495 8445
2977 8244
4324 9378
3033 75
8507 2647
5281 7673
5128 5541
7404 4738
2944 4587
2514 5526
7465 9372
5657 8214
4618 8767
1852 8416
8316 7814
8695 8603
4889 3787
2377 7632
327 187
1555 5429
4445 4902
4021 648
5621 6119
9130 4569
4090 2300
1730 9392
5021 5930
1915 1408
2435 2785
2713 2570
9467 2100
751 9284
9316 7666
8876 9369
4963 8654
9052 4490
5454 6583
9192 2314
419 8167
2058 3771
3270 9873
5761 2829
4401 5467
3393 4629
9573 2681
3466 691
2337 8424
7627 1149
2804 7509
8198 585
5883 9124
3072 2545
3808 4966
6615 5146
5352 1661
8934 510
8001 519
8927 3134
5997 1113
6904 8625
9575 7772
6267 5783
8649 3969
4699 7759
9139 8009
5977 3110
589 5107
259 7934
7895 3029
6978 2005
1111 6742
3551 9841
3717 3632
3992 8213
512 5719
435 486
3676 3827
9490 6214
607 5687
6738 5584
7135 4519
960 766
5368 9247
1243 6014
3350 1632
9050 9374
3818 2169
9241 6499
14 4904
9022 5205
3166 8209
7907 4034
1351 7642
3117 1962
540 1985
1301 2542
4629 6895
5325 2970
9850 1609
9193 6478
6656 843
410 5518
8711 6570
347 1650
8747 1421
3160 6254
3256 6848
4850 7251
7390 2178
9913 779
395 1312
5254 6098
9201 8730
1758 8138
4928 4469
5463 2218
2922 5330
9122 1918
1631 1995
8643 5292
5398 4980
969 114
5762 2296
1271 8601
2264 5377
3487 5387
3466 1692
8381 492
9447 4040
1771 480
9700 2648
2976 304
5904 8282
3638 2202
6800 2094
4952 2663
5339 3654
9345 8889
832 3629
8465 1942
8563 6819
5073 6664
8681 4161
1140 5641
2484 2474
3636 3752
5168 3097
8350 8233
5210 5552
6681 1001
9940 2953
9827 8629
6130 852
2011 8040
3416 6134
5460 7340
2329 3007
5387 7495
323 5462
6344 4760
7054 2985
682 5103
665 977
6499 8174
9625 4365
4979 8737
7547 8938
1428 4927
6294 95
6569 479
7894 2906
1846 6343
8862 5435
7427 4107
6485 8123
8971 1120
6940 2998
2043 4813
9832 1866
7787 6368
9342 1613
6539 9356
5900 6414
1444 6154
2720 5915
571 3880
5093 57
9536 4785
4144 9543
9885 8223
4476 3873
4571 3051
8972 2453
5743 7563
9322 7914
1910 6486
7505 4185
3156 3061
2300 9910
6301 9480
4372 1029
7404 7967
3009 9822
1133 1184
3233 7357
7048 2048
728 5062
1167 8667
6645 5150
4825 3476
2797 833
8524 9814
5442 2661
1784 6804
4354 5014
292 4947
4775 3655
8292 6680
4985 6650
5415 3986
2116 1122
1573 9315
2447 7476
5176 5233
122 4910
7394 1621
1107 5016
2569 5729
4254 271
7361 3164
2629 5614
4039 897
3549 8002
3977 5097
6280 3020
7052 8030
2047 7290
5849 4489
4523 467
3697 9391
4593 4837
4444 3436
3055 3936
5423 7292
6967 7221
5370 4383
4461 5834
8559 2903
4392 9259
6757 2203
7444 7480
6756 1774
7578 9899
7728 7390
8930 7374
4549 735
4448 5895
1432 5871
2836 3101
4874 249
6130 8304
2916 2107
7162 6824
1891 3328
8395 3909
8671 9224
1944 4494
5151 9227
4209 236
8624 8395
5160 2528
2369 7518
2655 8865
8795 9774
8730 4699
3158 8727
7152 8870
8362 2189
4808 3402
5481 55
2308 61
2662 2741
3629 9258
8501 773
5858 8584
8409 4671
2994 541
3835 907
5815 4389
5683 6478
7767 1464
5272 6974
3123 9539
9738 5085
5646 3737
8639 3676
3870 1006
2524 8732
420 9752
3765 1840
5926 9941
2714 9512
1037 2032
7397 6949
8654 4880
9200 6971
1060 3352
5983 7246
284 3192
9082 4069
7937 7149
268 645
3326 2378
1184 3912
7512 6460
5118 2145
199 3102
8908 2007
590 6381
9584 1800
2699 1877
4468 3852
4848 9462
6046 5564
6340 3528
5702 9381
8588 4984
4487 7354
3400 1879
1138 6081
4698 878
5163 8235
1401 166
4455 8559
9097 9633
4537 9483
6699 5824
7280 6345
8786 9117
9403 337
9021 9987
9903 157
7279 3285
1212 4604
342 8896
9949 9990
153 1460
8968 319
6686 3210
4400 4238
9838 819
6817 8959
2257 2303
873 6036
1942 6860
5889 675
4058 8677
9468 6913
8955 1592
4796 953
9006 3107
5494 7804
1272 3781
3400 2499
801 5774
7958 3109
3657 8347
8982 7783
5727 3615
4469 676
3266 3885
7759 8930
7681 9822
7295 3888
2444 484
4905 8646
2053 5100
1438 4972
7495 1313
4863 6015
4852 2694
145 3824
9652 6398
1472 5494
6355 7387
6374 8886
6932 8627
9093 2571
1710 254
9489 3197
7078 5519
2573 472
3979 7656
6479 9439
6715 1536
3347 4825
1212 7310
5270 1636
6043 2669
3530 5984
7631 6935
75 2194
3512 5827
4835 7909
1859 417
6826 2644
9076 9180
6567 6391
6242 9526
3546 2269
8478 7752
2350 5833
5739 5569
5905 4864
9996 2033
2660 9110
4262 6041
8348 1830
525 4450
7480 246
3022 4619
7753 5789
2119 4365
6291 3809
8628 8958
859 1526
6742 579
2470 3386
8872 6150
2835 1718
3635 5174
2522 4504
8250 96
6924 3622
2387 8503
9113 3809
4100 9488
3244 2458
5765 4800
8159 9727
607 2358
9775 4769
1633 3805
5188 7847
8492 8876
4091 8092
9184 1525
3291 6500
421 4581
4092 7446
699 5742
7170 5582
9077 6546
9120 1111
8432 7992
9886 65
4816 3610
3274 7534
1276 9832
9695 6841
1781 4771
7802 4832
3041 6189
9057 6349
5623 8163
5708 1079
2153 107
3556 151
4855 86
2265 7145
8667 3220
1906 2610
2457 7932
1646 3195
9022 4883
2773 7210
482 928
6084 7829
2642 4862
4032 6052
8395 5499
3764 2752
6403 2974
2936 4968
645 2680
5950 8494
4799 3777
5160 6739
5895 2889
8714 6752
3724 8981
1358 8661
6344 8166
3088 5267
362 2076
3361 3330
8608 9835
1017 2881
2866 8222
6573 8864
685 3576
4151 6763
9965 6344
6684 3704
3098 9385
914 1774
1690 6269
6981 7430
1467 2538
9434 7795
3258 4219
4982 1179
7271 1853
4167 2859
4945 6479
5629 3648
9843 8081
2255 8657
9170 6567
1879 6344
8357 5083
8000 5884
2970 3091
727 9324
8786 7706
7414 3535
7525 9973
9523 9608
8330 5507
2577 9132
8406 9555
1646 5606
526 1323
7789 8382
186 4566
7949 2219
5388 5950
9473 7739
3098 4272
6789 8132
1114 9712
3314 5343
8791 7824
4406 1460
2046 2225
2043 9673
8366 2515
5741 3572
8361 9447
6120 4096
9438 5095
893 392
1824 47
299 7413
7169 3281
6345 103
6563 5718
1451 2922
7613 8072
9812 1855
7894 9503
7709 3265
2550 7563
7966 7993
3313 5056
9329 6790
8112 1739
8773 4109
6101 5833
1325 7831
6341 7015
5023 2165
8017 1929
2304 8867
367 8896
458 7428
6876 7535
6318 2237
3087 9497
4554 7653
4973 177
2423 1811
7732 6620
3902 5569
9124 6086
8276 5627
9512 6433
2895 7531
62 9506
4560 754
6838 21
3980 712
2621 9982
9302 3795
4866 7267
7639 431
3695 7817
7726 5045
5787 5604
4381 4029
5467 6912
7466 2514
4855 3358
2424 7429
4369 9487
5893 3741
8947 8865
7406 7886
4040 6560
3692 6872
2852 1801
4389 5615
5158 2201
2338 4159
8026 1519
4456 8165
6213 213
6086 7726
9217 1590
9142 650
5962 2945
875 6840
5215 1231
8971 9262
3823 7363
7711 9136
7509 5188
1473 8907
199 3991
3546 2785
9156 9403
8433 7215
6653 9835
3710 3188
1745 8699
1926 2074
7592 4173
2446 6905
5222 4979
2931 1347
5705 9473
5789 4407
1846 1114
