1000 2
2058 3771
7404 4738
5368 9247
1079 2444
4549 735
7917 4227
5222 4979
8148 1093
1859 417
1684 9812
8303 1453
8791 7824
7280 6345
3481 4952
8322 7695
2804 7509
9664 850
5023 2165
1852 8416
6563 5718
7072 8138
5609 1525
1715 3828
4593 4837
3556 151
5708 1079
7078 5519
6682 3709
6927 4408
4560 4219
914 1774
4369 9487
9342 1613
525 13
8747 1421
5093 57
3818 2169
5549 9667
6386 590
5188 7847
9089 2293
6876 7535
9557 722
5895 2889
8612 1433
8501 773
4406 1460
9625 4365
8381 492
1926 2074
3266 9385
4945 6479
5270 1636
7397 6949
9139 8009
690 5158
2153 107
9022 5205
4537 9483
8276 5627
4021 648
9695 6841
6345 103
716 5809
6516 936
4852 2694
7759 8930
5980 3266
8507 2647
3286 2525
8972 2453
1519 4585
410 5518
2511 7810
9217 1590
8839 7544
3635 5174
8376 5394
7711 9136
5356 6242
1498 1668
8654 4880
1467 2538
4244 9821
7937 7149
5537 2926
480 2979
4456 8165
2402 1249
3945 4057
9192 2314
8714 6752
7390 2178
9302 3795
9402 4396
5744 5366
9856 1111
2881 4682
1438 4972
2655 8865
6684 3704
4144 9543
420 9752
873 6036
699 5742
2053 5100
949 858
5046 5200
2043 9673
8628 8958
3087 9497
8624 8395
9866 6564
8638 9225
6499 8174
3759 3539
2895 7531
4808 3402
1652 4946
327 187
2331 6883
9847 1699
8573 3838
670 2591
7787 6368
8548 4145
5370 4383
9913 779
960 766
1781 4771
2573 5320
9156 9403
6267 5783
5752 4157
6738 5584
4855 3358
2329 3007
1272 3781
2835 1718
6978 2005
8330 5507
893 392
8971 1120
3710 3188
525 4450
3400 2499
5160 6739
4634 6124
9241 6499
4718 7161
6101 5833
8460 6889
8872 6150
9130 4569
1325 7831
8076 2341
2620 1968
1358 8661
186 4566
1555 5429
3808 4966
3979 7656
727 9324
2358 8426
9516 1953
2447 7476
1633 3805
9050 9374
992 105
1577 3541
52 9604
9335 490
7802 4832
1270 8644
5272 6974
2424 7429
1446 8041
3065 7093
859 1526
3233 7357
5460 7340
3586 2897
2116 1122
7465 9372
4448 5895
9438 5095
8406 9555
8350 8233
4336 5730
4571 3051
8680 25
7627 1149
7788 1677
2745 7071
1405 2058
1891 3328
3158 4636
8799 8859
589 6588
8329 5908
4890 5607
2678 3983
8684 5759
8982 7783
6801 5261
4469 676
8492 8876
2720 5915
6255 8316
6955 6108
4167 2859
3158 8727
9659 4882
122 659
7271 1853
3695 7817
8357 5083
5727 3615
875 6840
4985 6650
1401 166
7394 1621
9335 2054
2514 5526
3055 3936
4928 4469
1910 6486
7905 2717
5849 4489
7150 7313
2507 6645
1472 5494
8664 7495
6681 1001
6522 4054
8745 2735
682 7030
6249 534
482 928
4850 7251
2922 5330
4982 1179
4761 578
9536 4785
5352 1661
1473 8907
4444 3436
3068 7534
3041 6189
8000 5884
8886 6027
9903 157
1568 956
5893 3741
2931 1347
4560 754
367 8896
3638 4268
1745 8699
5858 8584
323 5462
9097 9633
8433 7215
685 3576
1493 4865
1451 2922
3714 1707
75 2194
2278 5222
6573 8864
1091 7983
6817 8959
9001 7973
9193 6478
3166 8209
6242 9526
5962 2945
1980 190
6769 4805
7330 1775
3266 8408
4554 7653
9122 1918
6355 7387
1623 3312
8695 8603
4742 9718
9250 8278
4468 3852
1301 2542
3692 6872
5176 5233
5743 7563
2525 9782
4391 2797
4541 7549
5526 9419
4606 4641
4855 86
6251 7171
665 977
2621 9982
3313 5056
259 7934
4698 878
4445 4902
3657 8347
8667 3220
3487 5387
6932 8627
4354 5014
5633 4327
2499 8319
571 3880
3211 6482
1846 1114
7193 2864
5215 1231
410 3222
8366 2515
2401 6074
1771 480
2350 5833
9738 5085
2387 8503
9490 6214
8217 7456
9184 1525
3033 75
5926 9941
6334 7377
7162 6824
1479 8666
3117 9609
4372 1029
759 918
3546 2269
2066 8826
3319 7164
8857 5110
9567 1495
8352 303
728 5062
2423 1811
8016 2297
9965 6344
8310 1699
4979 8737
2994 541
4151 3089
1432 5871
8159 9727
8631 2154
832 3629
7619 2039
7613 8072
8681 4161
8942 4171
4775 3655
8409 4671
5545 5615
5388 5950
1636 512
8362 2189
3314 5343
2470 3386
1184 3912
7169 3281
5160 2528
7406 7886
3123 9539
8215 3617
9082 4069
5901 7064
5481 55
9885 8223
7541 7946
4541 9006
648 6580
2853 9831
6567 6391
554 6706
7789 8382
5650 3927
4866 7267
3270 9873
8198 585
3326 2378
9940 2953
6897 110
9781 9615
419 8167
607 2358
1250 9159
8395 3909
4725 1662
6474 7338
5494 7804
4952 2663
9575 7772
9812 1855
645 2680
3835 4169
3010 1617
7170 5582
3646 7636
8027 4538
2944 4587
8001 519
4324 9378
347 1650
8209 9447
5201 4696
9020 4158
7279 3285
5646 3737
8934 510
7930 2765
2797 833
5789 4407
1915 1408
6924 3622
5467 6912
7052 8030
8649 3969
8361 9447
6294 95
7981 9676
5240 9101
5889 675
3914 2044
9329 6790
3697 9391
3244 2458
2976 304
4453 2944
9447 4040
4523 467
1141 3265
3980 712
1947 2570
9170 6567
9200 6971
6981 7430
7894 2906
9850 1609
30 4527
6147 2116
1212 4604
9468 6913
751 5724
7152 8870
7894 9503
6922 4213
5629 3648
5423 7292
7466 2514
4151 6763
9022 4883
7780 3149
3512 5827
2836 3101
5236 7794
7509 5188
6757 2203
2435 2785
1111 6742
969 114
9124 6086
3338 2055
7460 259
6901 1379
1730 9392
9149 3927
3823 7363
3765 1840
1017 2881
7505 4185
6940 2998
9052 4490
607 5687
5762 2296
7744 3450
406 6247
5254 6098
8348 1830
9234 6769
9557 8712
6699 5824
6715 1536
7547 8938
4145 9746
1942 6860
6967 7221
8559 2903
9584 1800
6108 4178
1480 5218
5210 5552
7785 1654
4502 1056
6671 4139
7681 9822
1784 6804
5442 2661
7767 1464
7707 4982
5158 2201
4699 7759
940 847
9996 2033
2265 7145
1520 15
1697 4182
4476 3873
6653 9835
8491 6742
8305 2563
3517 9637
1646 5606
6838 21
8817 878
6043 2669
2662 2741
2444 484
8247 5952
9523 9608
7842 2873
8862 5435
6560 1078
1475 8443
5339 3654
7361 3164
9021 9987
4848 9462
8927 3134
8563 6819
8495 8445
2446 6905
753 6143
5187 5904
6130 852
4796 953
2047 7290
3416 6134
7895 3029
8876 9369
3400 1879
6086 7726
14 4904
153 1460
5415 3986
8643 5292
8639 3676
8075 662
8394 4447
882 2359
7377 7286
4100 9488
9339 6674
3098 4272
9838 819
6771 7771
1906 2610
6656 843
8227 7598
2046 2225
2300 9910
7788 5899
6280 3020
3663 2014
1826 9614
9077 6546
7404 7967
5463 2218
9120 1111
865 6420
4445 4837
299 7413
3549 8002
2522 4504
5905 4864
8620 2747
8786 9117
1441 2607
458 7428
8026 1519
7724 5516
2629 5614
360 6949
4629 6895
7732 6620
682 5103
9827 8629
8465 1942
3466 691
9519 1815
1646 3195
8930 7374
9775 4769
9093 2571
1271 8601
1243 6014
751 9284
8386 8862
8683 9099
342 8896
8478 7752
3327 6042
6301 9480
4401 5467
5325 2970
2642 4862
8953 9934
6742 579
3258 4219
1626 3100
199 3102
2569 5729
9489 3197
3466 1692
4973 177
7907 4034
4209 236
4718 8515
1037 2032
292 4947
5281 7673
6596 6611
5977 3110
1107 5016
7995 885
1167 8667
5761 2829
3156 3061
9843 8081
757 3992
1210 3929
7753 5789
9420 9964
8050 237
6213 213
1275 2791
6615 5146
9677 8947
2524 8732
2699 1877
9006 3107
1060 3352
5765 4800
6536 3263
362 2076
7925 155
5118 2145
6287 1556
3676 3827
3088 5267
1879 6344
626 603
9886 65
2369 7518
7444 7480
5187 5819
5844 1715
9403 337
8554 9327
5702 9381
5240 9557
8017 1929
6789 8132
9249 1709
3346 3453
3072 2545
1133 1184
2011 8040
4381 4029
4092 7446
40 7813
4835 7909
2852 1801
4389 5615
7135 4519
6396 8126
5741 3572
1108 5805
4905 8646
8470 4380
1138 6081
5168 3097
3178 1685
1573 9315
8316 7814
512 5719
8711 6570
4387 5176
7480 246
7030 8566
7512 6460
9473 7739
1944 4494
9700 2648
7427 4107
62 9506
9233 6120
7958 3109
540 1985
1268 9498
2181 2557
1824 47
1547 2992
5073 6664
3638 2202
8971 9262
5983 7246
6686 3210
4792 693
8204 7720
3546 2785
6202 5981
5036 572
4874 249
6206 4049
8651 859
6433 2790
6291 3809
1080 9599
3835 907
8232 1242
2573 472
5904 8282
2474 2882
1740 5965
2866 8222
801 5774
1351 7642
252 8195
6374 8886
4799 3777
8133 9170
1631 1995
5623 8163
4889 3787
8820 1544
4455 8559
1480 3079
6756 1774
3629 9258
4392 9259
3256 6848
5151 9227
8970 1769
6177 1672
9057 6349
1886 5104
1212 7310
1444 6154
6403 2974
5387 7495
8727 4351
8730 4699
3002 6787
9142 650
6479 9439
6341 7015
8432 7992
9259 395
8908 2007
6569 479
8947 8865
4709 4604
3515 2622
4011 1371
3636 3752
5932 4823
1758 8138
5128 5541
3870 1006
8935 1033
5021 5930
7592 4173
8644 9753
4254 271
4091 8092
5454 6583
9316 7666
5368 5437
2484 2474
3361 3330
3347 4825
3291 6500
5163 8235
2789 2502
406 3327
7525 9973
5011 1070
4826 5991
7089 7479
4618 8767
8588 4984
6904 8625
2043 4813
1428 4927
2337 8424
2554 1132
2264 5377
857 3427
3548 5289
9832 1866
7966 7993
6318 2237
4288 9678
6344 4760
2377 7632
145 3824
9512 6433
5615 7422
6022 7690
4487 7354
1114 9712
1190 5043
589 5107
9322 7914
9652 6398
1140 5641
8756 5315
590 6381
2970 3091
6349 1039
7631 6935
2257 2303
8112 1739
8014 7516
7414 3535
1419 3190
435 486
6344 8166
8608 9835
7495 1313
6480 7424
7578 9899
3977 5097
4039 897
7700 7385
2773 7210
5950 8494
5392 479
1846 6343
3160 6254
8848 2884
4608 4375
3117 1962
8943 2010
8822 2340
2308 61
5683 6478
199 3991
2660 9110
122 4910
325 7731
8301 7589
3992 8213
2577 9132
5101 531
5621 6119
9031 1949
4004 7074
4090 2300
8250 96
2795 621
9573 2681
4400 4238
6744 8753
9919 9439
2977 8244
2255 8657
5082 3126
3967 8916
738 5976
4863 6015
5637 7218
8773 4109
7726 5045
2457 7932
3393 4629
6370 1858
5578 5536
3180 1616
5398 4980
7741 6671
4825 3476
3530 5984
8374 5386
395 1312
9201 8730
7639 431
3717 3632
582 8056
5705 9473
1710 254
3266 3885
5815 4389
6485 8123
5787 5604
5418 9628
4237 1773
7779 6409
4461 5834
8524 9814
8795 9774
866 2185
9664 9367
5657 8214
8786 7706
3098 9385
3764 2752
5900 6414
268 645
6046 5564
9467 2100
8549 6403
9949 9990
9750 6129
2405 3418
6156 8050
2936 4968
3022 4619
5662 9180
7048 2048
7712 9100
3575 5040
6120 4096
1690 6269
5169 5145
2119 4365
3350 1632
1338 9231
1265 6516
5997 1113
4032 6052
2550 7563
1932 1057
9345 8889
5894 2745
3724 8981
4040 6560
7728 7390
5739 5569
5883 9124
7709 3265
5233 2826
4656 6213
7627 6690
6130 8304
4058 8677
8395 5499
5016 5048
1276 9832
2304 8867
4963 8654
3551 9841
4262 6041
6645 5150
3902 5569
2338 4159
8458 388
2060 5520
7295 3888
2714 9512
6084 7829
3265 3982
8048 3666
7949 2219
6539 9356
526 1323
421 4581
2916 2107
9974 8870
6800 2094
8671 9224
9076 9180
4956 7783
2752 3227
3274 7534
9113 3809
8968 319
6826 2644
7054 2985
3009 9822
37 8032
1044 4166
9434 7795
8292 6680
6864 2301
6340 3528
284 3192
8955 1592
5778 3946
2713 2570
7489 5689
4816 3610
