1000 2
589 6588
9974 8870
2405 3418
728 5062
5021 5930
9420 9964
3002 6787
7709 3265
9847 1699
6932 8627
5708 1079
3695 7817
4502 1056
410 3222
4392 9259
1944 4494
2278 5222
9659 4882
2836 3101
4761 578
4091 8092
3087 9497
4039 897
5281 7673
5894 2745
5460 7340
5889 675
8773 4109
8795 9774
1212 4604
8112 1739
8745 2735
4792 693
9467 2100
7152 8870
1519 4585
145 3824
6485 8123
2976 304
5415 3986
2470 3386
1906 2610
1184 3912
9781 9615
7509 5188
9192 2314
960 766
1138 6081
4549 735
3055 3936
2338 4159
7981 9676
7512 6460
9523 9608
8217 7456
4288 9678
6291 3809
7631 6935
9557 722
6386 590
8927 3134
3980 712
7404 7967
2300 9910
3400 1879
5016 5048
4456 8165
4406 1460
3258 4219
8026 1519
4855 86
5454 6583
3098 4272
1547 2992
3586 2897
7427 4107
2620 1968
9838 819
8638 9225
199 3102
1444 6154
4381 4029
2499 8319
6801 5261
3022 4619
3088 5267
435 486
8711 6570
14 4904
5662 9180
682 7030
4254 271
716 5809
7078 5519
2011 8040
6615 5146
9122 1918
8507 2647
4444 3436
2936 4968
1212 7310
8491 6742
1275 2791
582 8056
4808 3402
1690 6269
5883 9124
2795 621
6043 2669
6177 1672
4401 5467
1079 2444
8409 4671
540 1985
4004 7074
8232 1242
9006 3107
8027 4538
4656 6213
6156 8050
9812 1855
2444 484
8982 7783
8548 4145
1493 4865
1646 3195
2713 2570
4816 3610
1910 6486
6403 2974
9089 2293
3326 2378
2797 833
6349 1039
4874 249
9489 3197
1446 8041
9022 5205
9913 779
7787 6368
8727 4351
4523 467
1824 47
9139 8009
7444 7480
7744 3450
5545 5615
410 5518
9832 1866
8839 7544
7759 8930
4982 1179
1438 4972
1947 2570
7592 4173
2446 6905
7054 2985
2931 1347
4866 7267
4487 7354
3717 3632
8714 6752
7162 6824
9020 4158
2522 4504
8215 3617
9217 1590
5621 6119
4799 3777
9241 6499
4835 7909
3244 2458
5163 8235
3265 3982
9738 5085
3530 5984
259 7934
882 2359
9082 4069
9050 9374
1498 1668
7785 1654
8651 859
40 7813
7135 4519
7639 431
7089 7479
8133 9170
6108 4178
3256 6848
2350 5833
9750 6129
8786 9117
2835 1718
8971 9262
5240 9557
682 5103
284 3192
2457 7932
7728 7390
3400 2499
8357 5083
1190 5043
6573 8864
4629 6895
199 3991
5761 2829
7619 2039
2804 7509
1932 1057
7578 9899
2119 4365
6022 7690
6927 4408
1740 5965
1060 3352
2308 61
1915 1408
6130 8304
4400 4238
8524 9814
3914 2044
5388 5950
1473 8907
4167 2859
8631 2154
5352 1661
645 2680
751 9284
8643 5292
3065 7093
395 1312
2852 1801
8822 2340
8654 4880
1846 6343
7495 1313
5118 2145
6474 7338
5962 2945
1784 6804
3211 6482
8680 25
2699 1877
5398 4980
5370 4383
6480 7424
607 5687
2329 3007
9468 6913
9919 9439
5339 3654
1623 3312
6563 5718
8791 7824
7489 5689
8376 5394
607 2358
873 6036
1646 5606
3823 7363
8386 8862
2714 9512
9342 1613
1405 2058
7330 1775
7466 2514
9695 6841
325 7731
2970 3091
3549 8002
6789 8132
1140 5641
2514 5526
9335 2054
9885 8223
9156 9403
5629 3648
406 6247
6981 7430
4889 3787
2424 7429
8955 1592
8554 9327
4718 7161
3835 907
5236 7794
3117 1962
5752 4157
8330 5507
4890 5607
8329 5908
7895 3029
2181 2557
6294 95
6671 4139
3636 3752
949 858
8857 5110
6560 1078
8148 1093
2944 4587
1879 6344
7170 5582
2773 7210
9031 1949
6699 5824
753 6143
5705 9473
5578 5536
9052 4490
4963 8654
4100 9488
9447 4040
866 2185
5168 3097
6084 7829
8573 3838
3180 1616
6536 3263
7780 3149
2922 5330
2662 2741
4863 6015
2573 5320
1428 4927
1472 5494
7917 4227
5815 4389
7894 2906
7681 9822
8000 5884
1167 8667
5997 1113
9856 1111
3481 4952
4448 5895
9093 2571
419 8167
8495 8445
3313 5056
1451 2922
8305 2563
6904 8625
8075 662
7505 4185
6280 3020
5904 8282
7541 7946
3068 7534
8563 6819
8664 7495
1351 7642
6656 843
5187 5819
9329 6790
6267 5783
3416 6134
1758 8138
9584 1800
5901 7064
8209 9447
6370 1858
7052 8030
2853 9831
5270 1636
7958 3109
5101 531
7460 259
8394 4447
7480 246
525 13
5272 6974
8478 7752
7404 4738
3967 8916
8942 4171
122 659
9124 6086
1520 15
6800 2094
3646 7636
6344 8166
342 8896
1859 417
7072 8138
7707 4982
6744 8753
3158 8727
2554 1132
4445 4902
4985 6650
4244 9821
8395 3909
9949 9990
1441 2607
940 847
7193 2864
7414 3535
1265 6516
1684 9812
626 603
420 9752
3638 2202
914 1774
4560 4219
9249 1709
2881 4682
665 977
1852 8416
9302 3795
4709 4604
6826 2644
6924 3622
7842 2873
8817 878
4336 5730
1401 166
6251 7171
5623 8163
9536 4785
5633 4327
9001 7973
327 187
1114 9712
9490 6214
6355 7387
1568 956
8310 1699
590 6381
1480 5218
7995 885
4554 7653
1745 8699
406 3327
8361 9447
4775 3655
2060 5520
1141 3265
8971 1120
7732 6620
4618 8767
5895 2889
1107 5016
3178 1685
5481 55
8050 237
685 3576
857 3427
8588 4984
9512 6433
5765 4800
4541 7549
360 6949
5609 1525
3697 9391
8972 2453
5787 5604
9664 9367
7394 1621
122 4910
9940 2953
4698 878
6147 2116
4725 1662
1037 2032
62 9506
4455 8559
2402 1249
6242 9526
5637 7218
2435 2785
9677 8947
9076 9180
2447 7476
9113 3809
8628 8958
4372 1029
6569 479
8227 7598
7930 2765
4354 5014
4537 9483
3286 2525
7741 6671
8076 2341
347 1650
3835 4169
8014 7516
9193 6478
6756 1774
5442 2661
3123 9539
5650 3927
9903 157
8608 9835
30 4527
8908 2007
5789 4407
1271 8601
648 6580
7406 7886
3629 9258
4742 9718
3870 1006
186 4566
292 4947
4387 5176
8786 7706
9170 6567
5188 7847
3663 2014
8316 7814
9184 1525
4389 5615
6715 1536
3166 8209
5743 7563
4144 9543
1017 2881
3546 2785
3517 9637
3487 5387
5905 4864
8639 3676
801 5774
1942 6860
3676 3827
738 5976
5526 9419
525 4450
5215 1231
8667 3220
3160 6254
8683 9099
8671 9224
4718 8515
1710 254
1846 1114
1268 9498
3466 691
4826 5991
5325 2970
8620 2747
3764 2752
5368 5437
4092 7446
6738 5584
458 7428
5160 2528
2053 5100
4560 754
1044 4166
5392 479
2550 7563
3350 1632
1270 8644
5893 3741
1276 9832
7937 7149
1886 5104
875 6840
6086 7726
5494 7804
7048 2048
5980 3266
7711 9136
1325 7831
2046 2225
8970 1769
1633 3805
5187 5904
9843 8081
2066 8826
757 3992
670 2591
8366 2515
2304 8867
3291 6500
9335 490
75 2194
7525 9973
8624 8395
2720 5915
4606 4641
4151 3089
1432 5871
1080 9599
8820 1544
1301 2542
7802 4832
9130 4569
6684 3704
9250 8278
9403 337
7361 3164
5222 4979
7767 1464
4848 9462
6120 4096
2264 5377
7280 6345
4796 953
6876 7535
1091 7983
9259 395
2153 107
9022 4883
4461 5834
2577 9132
9402 4396
6539 9356
1480 3079
4852 2694
8501 773
8460 6889
8458 388
7030 8566
8872 6150
8747 1421
1826 9614
5210 5552
8374 5386
9700 2648
153 1460
2977 8244
6345 103
4850 7251
299 7413
5418 9628
367 8896
5036 572
9775 4769
3657 8347
9316 7666
2047 7290
7397 6949
6817 8959
893 392
3551 9841
3808 4966
7753 5789
5169 5145
4032 6052
7907 4034
7295 3888
8016 2297
6301 9480
699 5742
3515 2622
6249 534
4928 4469
5762 2296
9234 6769
690 5158
9567 1495
6255 8316
8886 6027
7788 5899
1730 9392
3266 9385
1771 480
3117 9609
6101 5833
3041 6189
9201 8730
1419 3190
5549 9667
5423 7292
3546 2269
9519 1815
4973 177
5023 2165
5128 5541
1467 2538
3098 9385
3818 2169
6940 2998
7547 8938
7789 8382
5537 2926
4369 9487
9057 6349
4468 3852
5727 3615
7712 9100
5011 1070
6955 6108
5900 6414
8303 1453
8947 8865
5615 7422
1111 6742
8465 1942
4699 7759
8943 2010
6516 936
2629 5614
6213 213
992 105
8048 3666
9473 7739
589 5107
9233 6120
4945 6479
2058 3771
2621 9982
8276 5627
4453 2944
3945 4057
4237 1773
6479 9439
8352 303
4391 2797
2507 6645
4571 3051
6522 4054
3319 7164
4855 3358
9664 850
5233 2826
2116 1122
5702 9381
2660 9110
5683 6478
3072 2545
8362 2189
2994 541
8322 7695
8001 519
3274 7534
8204 7720
9322 7914
4634 6124
2525 9782
3156 3061
3338 2055
8433 7215
7627 6690
8876 9369
6769 4805
323 5462
6202 5981
6341 7015
2569 5729
6046 5564
37 8032
9434 7795
3266 3885
6645 5150
3556 151
5739 5569
7726 5045
4593 4837
8649 3969
1715 3828
3724 8981
6206 4049
9077 6546
3158 4636
3979 7656
3466 1692
4825 3476
9120 1111
3710 3188
5201 4696
751 5724
8292 6680
9573 2681
6340 3528
9886 65
3992 8213
5151 9227
6742 579
5950 8494
1626 3100
4090 2300
3361 3330
4956 7783
5983 7246
7724 5516
8684 5759
268 645
3347 4825
3010 1617
9575 7772
52 9604
4476 3873
7925 155
8695 8603
6922 4213
1358 8661
554 6706
2573 472
969 114
9339 6674
7390 2178
3759 3539
9652 6398
8406 9555
9827 8629
7169 3281
5932 4823
9850 1609
5240 9101
2752 3227
9149 3927
6499 8174
2484 2474
7779 6409
859 1526
2655 8865
8681 4161
4541 9006
9142 650
8612 1433
3765 1840
8559 2903
8935 1033
1891 3328
6681 1001
6897 110
480 2979
5082 3126
7279 3285
8799 8859
8934 510
2895 7531
6433 2790
4979 8737
8644 9753
5093 57
5741 3572
3346 3453
5657 8214
4262 6041
5073 6664
1479 8666
1272 3781
8381 492
1133 1184
7271 1853
8198 585
7613 8072
6771 7771
1250 9159
1781 4771
1652 4946
3233 7357
5160 6739
4324 9378
8432 7992
482 928
2524 8732
2043 4813
7905 2717
8492 8876
5858 8584
8848 2884
1555 5429
8159 9727
6757 2203
2337 8424
2369 7518
8862 5435
2043 9673
8395 5499
7894 9503
362 2076
8350 8233
3692 6872
8348 1830
8953 9934
6967 7221
1210 3929
1338 9231
3548 5289
7949 2219
3314 5343
3977 5097
5977 3110
5368 9247
3266 8408
6318 2237
9866 6564
3393 4629
5467 6912
4952 2663
2745 7071
9625 4365
5926 9941
7465 9372
2866 8222
8250 96
1243 6014
5046 5200
9345 8889
1926 2074
4058 8677
5646 3737
9021 9987
4469 676
1577 3541
759 918
3638 4268
3512 5827
2916 2107
1636 512
3635 5174
6686 3210
832 3629
2387 8503
2423 1811
2265 7145
6374 8886
865 6420
5849 4489
4011 1371
9516 1953
5744 5366
3327 6042
6130 852
2358 8426
4145 9746
6901 1379
2331 6883
9438 5095
8930 7374
7966 7993
1980 190
3009 9822
2474 2882
4209 236
4608 4375
6682 3709
8968 319
3575 5040
252 8195
512 5719
2511 7810
3902 5569
421 4581
1631 1995
727 9324
6864 2301
5844 1715
9097 9633
5254 6098
6287 1556
4905 8646
8247 5952
5778 3946
5463 2218
7627 1149
9557 8712
8756 5315
7377 7286
6838 21
6344 4760
3714 1707
8470 4380
571 3880
4445 4837
8017 1929
2789 2502
4151 6763
7700 7385
6334 7377
5158 2201
4040 6560
2642 4862
1108 5805
9200 6971
5356 6242
2257 2303
1573 9315
6653 9835
2377 7632
3270 9873
2255 8657
8301 7589
7150 7313
2401 6074
2678 3983
9965 6344
1697 4182
9996 2033
7788 1677
5176 5233
5387 7495
4021 648
6567 6391
6596 6611
526 1323
8549 6403
8730 4699
6396 8126
1475 8443
3033 75
6978 2005
