1000 2
3180 1616
9536 4785
7072 8138
4455 8559
199 3991
5463 2218
2620 1968
6563 5718
8620 2747
4985 6650
9523 9608
4825 3476
4952 2663
5151 9227
2484 2474
2550 7563
6653 9835
5997 1113
7170 5582
8947 8865
5160 2528
8247 5952
7465 9372
6826 2644
6206 4049
3338 2055
4445 4902
2308 61
3326 2378
8935 1033
8711 6570
1646 3195
6291 3809
5904 8282
5621 6119
2569 5729
3072 2545
2655 8865
4537 9483
8747 1421
5128 5541
2577 9132
4973 177
6267 5783
8643 5292
1824 47
5188 7847
7949 2219
8232 1242
4963 8654
8822 2340
4254 271
8159 9727
5011 1070
5270 1636
4541 7549
62 9506
9847 1699
8376 5394
8683 9099
9866 6564
6922 4213
9885 8223
6927 4408
186 4566
6699 5824
2660 9110
2713 2570
607 2358
7907 4034
6156 8050
5101 531
5983 7246
1633 3805
9664 9367
9345 8889
4039 897
1568 956
4905 8646
1480 5218
4468 3852
6924 3622
6374 8886
4982 1179
2514 5526
8971 1120
5727 3615
1555 5429
420 9752
153 1460
751 5724
8227 7598
8492 8876
2358 8426
1017 2881
590 6381
1107 5016
5233 2826
1547 2992
7981 9676
8982 7783
582 8056
5368 5437
8217 7456
5980 3266
5481 55
3068 7534
8301 7589
435 486
5739 5569
7152 8870
5187 5904
5325 2970
8624 8395
6301 9480
8350 8233
6684 3704
419 8167
8470 4380
4835 7909
8745 2735
9156 9403
5118 2145
9077 6546
6043 2669
728 5062
9329 6790
2524 8732
3697 9391
4571 3051
6757 2203
6800 2094
1652 4946
6897 110
9659 4882
4400 4238
8953 9934
1268 9498
1060 3352
5977 3110
2060 5520
9082 4069
3657 8347
4866 7267
7726 5045
9335 490
6120 4096
2278 5222
3635 5174
1212 7310
8799 8859
7753 5789
3980 712
3945 4057
8148 1093
914 1774
3347 4825
1690 6269
4608 4375
7547 8938
5423 7292
2424 7429
6485 8123
5222 4979
2446 6905
5752 4157
6967 7221
8432 7992
4852 2694
3714 1707
2116 1122
9812 1855
7958 3109
458 7428
5352 1661
2058 3771
9850 1609
9490 6214
5623 8163
8730 4699
8524 9814
9781 9615
9149 3927
8651 859
7330 1775
4021 648
2554 1132
2931 1347
7627 1149
9886 65
1498 1668
8549 6403
9557 722
1859 417
52 9604
9557 8712
2457 7932
8862 5435
3393 4629
8727 4351
1358 8661
5467 6912
2435 2785
7480 246
5036 572
1212 4604
9516 1953
1432 5871
3160 6254
3992 8213
8310 1699
8654 4880
4718 7161
4889 3787
482 928
9217 1590
6370 1858
9695 6841
6294 95
8329 5908
2573 5320
9022 4883
1697 4182
8970 1769
4324 9378
9664 850
8857 5110
3466 1692
5950 8494
949 858
4389 5615
2265 7145
2853 9831
589 5107
7495 1313
3515 2622
7788 1677
5683 6478
9489 3197
1758 8138
3551 9841
3178 1685
7639 431
9512 6433
7707 4982
9142 650
5415 3986
3517 9637
7505 4185
7414 3535
1926 2074
5629 3648
648 6580
199 3102
1646 5606
2745 7071
8927 3134
4032 6052
6801 5261
6177 1672
9573 2681
6539 9356
5370 4383
3977 5097
7966 7993
2043 4813
2714 9512
7732 6620
5169 5145
1138 6081
3002 6787
4004 7074
9473 7739
4369 9487
8942 4171
5418 9628
525 13
6645 5150
2181 2557
8027 4538
2053 5100
6396 8126
9184 1525
8695 8603
9120 1111
3123 9539
5454 6583
8460 6889
5272 6974
8198 585
4469 676
1906 2610
6086 7726
6344 4760
1190 5043
5339 3654
1980 190
1108 5805
6130 8304
7925 155
9919 9439
8250 96
1141 3265
2836 3101
5578 5536
3676 3827
6242 9526
8971 9262
5962 2945
7377 7286
3314 5343
1338 9231
5494 7804
4848 9462
8756 5315
6101 5833
4456 8165
4709 4604
3286 2525
969 114
9259 395
540 1985
6345 103
3512 5827
6349 1039
3265 3982
7541 7946
2369 7518
1915 1408
3870 1006
682 5103
8409 4671
9832 1866
5215 1231
526 1323
2797 833
9139 8009
3835 4169
8322 7695
367 8896
1275 2791
6838 21
8465 1942
395 1312
3979 7656
7767 1464
5708 1079
8649 3969
2447 7476
5894 2745
362 2076
9130 4569
8330 5507
3041 6189
9031 1949
7802 4832
7489 5689
1271 8601
9700 2648
3556 151
2474 2882
6817 8959
7404 7967
75 2194
9021 9987
6864 2301
3914 2044
7150 7313
1479 8666
9200 6971
4742 9718
4593 4837
690 5158
832 3629
7842 2873
3695 7817
4444 3436
4445 4837
8563 6819
8406 9555
9827 8629
960 766
8357 5083
9519 1815
8491 6742
727 9324
299 7413
1745 8699
9113 3809
9089 2293
8016 2297
1519 4585
2337 8424
8014 7516
9838 819
6978 2005
4448 5895
4850 7251
8305 2563
512 5719
5650 3927
145 3824
738 5976
9020 4158
1710 254
2304 8867
2752 3227
3274 7534
5637 7218
7361 3164
6522 4054
1910 6486
8458 388
2944 4587
4718 8515
5398 4980
8930 7374
9316 7666
5883 9124
6756 1774
9022 5205
7894 2906
5168 3097
7271 1853
8588 4984
2678 3983
4011 1371
2257 2303
6022 7690
6318 2237
8001 519
8955 1592
6341 7015
7466 2514
9965 6344
5633 4327
6715 1536
716 5809
3586 2897
6213 213
9856 1111
8215 3617
4890 5607
1272 3781
3291 6500
4406 1460
8017 1929
3481 4952
3575 5040
5387 7495
9249 1709
3808 4966
9843 8081
2401 6074
9097 9633
122 4910
7279 3285
8133 9170
8886 6027
9006 3107
5744 5366
4058 8677
7052 8030
4391 2797
8680 25
1771 480
8316 7814
5240 9101
1846 1114
410 5518
6480 7424
5702 9381
5743 7563
37 8032
8433 7215
9302 3795
7728 7390
4209 236
7894 9503
4928 4469
9467 2100
4461 5834
1932 1057
6682 3709
1444 6154
5895 2889
2835 1718
6955 6108
5900 6414
682 7030
2119 4365
5254 6098
2895 7531
4100 9488
8204 7720
1243 6014
5187 5819
4816 3610
5657 8214
1573 9315
292 4947
3818 2169
9652 6398
1210 3929
8638 9225
6355 7387
9124 6086
2662 2741
8573 3838
5442 2661
9575 7772
1079 2444
1044 4166
1467 2538
2720 5915
7592 4173
685 3576
8839 7544
5201 4696
7779 6409
1250 9159
4656 6213
9677 8947
865 6420
9940 2953
1631 1995
6108 4178
2153 107
9567 1495
6403 2974
4381 4029
6046 5564
3327 6042
665 977
9438 5095
1446 8041
4629 6895
4244 9821
2916 2107
6671 4139
3546 2785
3400 2499
4945 6479
2866 8222
410 3222
3638 4268
4237 1773
6560 1078
4040 6560
6876 7535
3663 2014
5093 57
3010 1617
554 6706
6249 534
3158 8727
3549 8002
1301 2542
1891 3328
4151 3089
7406 7886
3088 5267
7089 7479
4092 7446
5368 9247
9093 2571
284 3192
8076 2341
406 3327
8507 2647
2573 472
3022 4619
9949 9990
6287 1556
4560 754
3400 1879
4874 249
893 392
6940 2998
5705 9473
259 7934
3764 2752
6904 8625
7295 3888
6479 9439
4262 6041
360 6949
3258 4219
4523 467
1947 2570
8820 1544
3823 7363
5392 479
866 2185
7613 8072
3350 1632
8112 1739
7578 9899
1475 8443
4167 2859
3319 7164
5844 1715
7788 5899
8972 2453
1781 4771
3546 2269
5662 9180
3548 5289
5646 3737
8559 2903
8374 5386
9738 5085
3117 9609
6901 1379
6334 7377
8671 9224
1351 7642
7030 8566
1441 2607
8791 7824
801 5774
5789 4407
6573 8864
7700 7385
7078 5519
8681 4161
4792 693
3158 4636
753 6143
7681 9822
9076 9180
3156 3061
757 3992
6251 7171
6771 7771
2046 2225
4554 7653
2043 9673
4392 9259
7193 2864
1270 8644
1740 5965
2977 8244
8631 2154
2804 7509
2852 1801
5609 1525
6596 6611
7135 4519
3270 9873
2387 8503
4799 3777
8786 7706
3646 7636
9052 4490
4855 3358
5849 4489
8352 303
2511 7810
1111 6742
6615 5146
5176 5233
2423 1811
3629 9258
1167 8667
2922 5330
8361 9447
8075 662
6084 7829
6255 8316
5901 7064
9050 9374
7509 5188
3724 8981
8786 9117
3266 8408
9250 8278
3065 7093
4372 1029
7460 259
4151 6763
9335 2054
1325 7831
1730 9392
2507 6645
4855 86
8714 6752
7162 6824
4541 9006
9339 6674
4453 2944
5236 7794
5163 8235
8000 5884
421 4581
1879 6344
9420 9964
6147 2116
3266 9385
4634 6124
8608 9835
1037 2032
3902 5569
4979 8737
5281 7673
1715 3828
8872 6150
7397 6949
9241 6499
5858 8584
1520 15
7619 2039
8639 3676
8386 8862
7631 6935
14 4904
8303 1453
525 4450
5526 9419
1114 9712
1944 4494
6344 8166
9903 157
5388 5950
940 847
4401 5467
9233 6120
1623 3312
699 5742
8501 773
1401 166
5762 2296
4502 1056
8495 8445
8362 2189
9057 6349
8795 9774
268 645
4354 5014
2338 4159
670 2591
7394 1621
6769 4805
3117 1962
9234 6769
3266 3885
1684 9812
4091 8092
9584 1800
5765 4800
8876 9369
1826 9614
9434 7795
2789 2502
3098 4272
7054 2985
3717 3632
2621 9982
8209 9447
2499 8319
992 105
9996 2033
5016 5048
1140 5641
1091 7983
3211 6482
2936 4968
4387 5176
3710 3188
30 4527
1636 512
4560 4219
9402 4396
5537 2926
7444 7480
1473 8907
9001 7973
4336 5730
9447 4040
6280 3020
4956 7783
7280 6345
1080 9599
8612 1433
5761 2829
1784 6804
4826 5991
1886 5104
6499 8174
9775 4769
9193 6478
8667 3220
2470 3386
3759 3539
7744 3450
9625 4365
1626 3100
875 6840
5023 2165
4145 9746
4487 7354
5893 3741
2773 7210
2405 3418
4725 1662
5787 5604
3416 6134
6738 5584
7995 885
7895 3029
8934 510
9974 8870
8050 237
5356 6242
2525 9782
4144 9543
8348 1830
5158 2201
5615 7422
8548 4145
6932 8627
3244 2458
342 8896
7937 7149
3466 691
323 5462
7905 2717
571 3880
5741 3572
1493 4865
4699 7759
7741 6671
6567 6391
7525 9973
7627 6690
6433 2790
6340 3528
7404 4738
7512 6460
5889 675
6789 8132
406 6247
1942 6860
4476 3873
2377 7632
759 918
7789 8382
8848 2884
327 187
122 659
3636 3752
7712 9100
2970 3091
2642 4862
8817 878
1852 8416
5082 3126
2402 1249
7048 2048
6744 8753
2976 304
5210 5552
9403 337
3692 6872
607 5687
859 1526
626 603
1133 1184
2699 1877
751 9284
6536 3263
6656 843
3346 3453
4796 953
3487 5387
2994 541
5046 5200
9170 6567
7427 4107
3087 9497
3530 5984
1577 3541
9192 2314
2011 8040
3055 3936
9322 7914
6681 1001
857 3427
6130 852
8381 492
1265 6516
7390 2178
5778 3946
3765 1840
5926 9941
8554 9327
3009 9822
2444 484
2264 5377
480 2979
9750 6129
1428 4927
1276 9832
9468 6913
40 7813
2047 7290
3638 2202
3166 8209
645 2680
3256 6848
8276 5627
8684 5759
6742 579
7709 3265
5815 4389
3098 9385
8908 2007
9913 779
8292 6680
4698 878
2350 5833
2881 4682
6474 7338
6569 479
1184 3912
4775 3655
7759 8930
1451 2922
3033 75
8048 3666
3835 907
8628 8958
7785 1654
7711 9136
8395 3909
5549 9667
3233 7357
4606 4641
5932 4823
873 6036
2300 9910
6981 7430
8773 4109
1480 3079
7169 3281
9122 1918
8026 1519
1419 3190
4808 3402
325 7731
2066 8826
5545 5615
1846 6343
1405 2058
8644 9753
5905 4864
7724 5516
5160 6739
347 1650
6686 3210
2795 621
589 6588
252 8195
8664 7495
6386 590
4761 578
8943 2010
3313 5056
1438 4972
4288 9678
8478 7752
7780 3149
2331 6883
6202 5981
5240 9557
5073 6664
4863 6015
8366 2515
7917 4227
4090 2300
4549 735
8394 4447
2255 8657
1472 5494
3361 3330
2329 3007
882 2359
9201 8730
5460 7340
2629 5614
8968 319
3967 8916
8395 5499
6516 936
9342 1613
7930 2765
4618 8767
5021 5930
2522 4504
7787 6368
