1000 2
6645 5150
8027 4538
9434 7795
7744 3450
6876 7535
3710 3188
7489 5689
268 645
4699 7759
7842 2873
3530 5984
7089 7479
5188 7847
7681 9822
5236 7794
5702 9381
347 1650
7917 4227
4835 7909
3270 9873
1910 6486
5705 9473
690 5158
7054 2985
9329 6790
9057 6349
3835 4169
1268 9498
9234 6769
7048 2048
4808 3402
1114 9712
8357 5083
4541 9006
122 659
1111 6742
4826 5991
8664 7495
2401 6074
9193 6478
4979 8737
9156 9403
865 6420
8822 2340
14 4904
9345 8889
4852 2694
6927 4408
4254 271
8714 6752
7193 2864
367 8896
5578 5536
7427 4107
4144 9543
882 2359
4554 7653
1190 5043
3636 3752
406 6247
2522 4504
8573 3838
7724 5516
9077 6546
6355 7387
482 928
7330 1775
4796 953
1301 2542
2337 8424
5883 9124
2629 5614
7712 9100
512 5719
1472 5494
6251 7171
2797 833
1944 4494
525 4450
2116 1122
9006 3107
4874 249
6291 3809
9420 9964
4982 1179
7627 6690
753 6143
7785 1654
1577 3541
1140 5641
7444 7480
4461 5834
6101 5833
9217 1590
3010 1617
3992 8213
6043 2669
9866 6564
7789 8382
5980 3266
4502 1056
259 7934
7741 6671
7995 885
1859 417
8968 319
8972 2453
2795 621
4945 6479
9259 395
9250 8278
3123 9539
2573 472
893 392
4606 4641
4476 3873
9022 4883
8608 9835
1184 3912
420 9752
6345 103
1272 3781
9573 2681
7592 4173
8159 9727
4928 4469
5889 675
3041 6189
9700 2648
4718 7161
4090 2300
9200 6971
5281 7673
3313 5056
3818 2169
5187 5819
8644 9753
4387 5176
5741 3572
6301 9480
1758 8138
8330 5507
4889 3787
751 5724
526 1323
6046 5564
8148 1093
6213 213
1428 4927
757 3992
9335 2054
3695 7817
9584 1800
7397 6949
5762 2296
5101 531
6967 7221
5537 2926
1636 512
1646 3195
1932 1057
2457 7932
2423 1811
682 7030
5621 6119
4400 4238
4608 4375
2835 1718
9021 9987
1210 3929
3638 4268
1441 2607
5046 5200
2804 7509
2402 1249
4288 9678
3416 6134
9832 1866
9738 5085
4985 6650
4487 7354
8409 4671
5272 6974
1906 2610
9775 4769
4369 9487
2577 9132
3065 7093
7525 9973
7788 5899
5325 2970
6897 110
6374 8886
6370 1858
2866 8222
7460 259
7753 5789
9467 2100
1276 9832
2255 8657
9473 7739
9020 4158
5905 4864
5201 4696
4629 6895
8817 878
3068 7534
8305 2563
6086 7726
5442 2661
2446 6905
4848 9462
8684 5759
9489 3197
4709 4604
8209 9447
6771 7771
8786 7706
3629 9258
4209 236
5609 1525
4032 6052
1520 15
7361 3164
8465 1942
2499 8319
9339 6674
2916 2107
9170 6567
406 3327
2043 4813
40 7813
5215 1231
5815 4389
2338 4159
3022 4619
1745 8699
5021 5930
6838 21
1846 1114
8612 1433
525 13
8667 3220
4799 3777
4151 3089
8395 5499
2550 7563
7414 3535
2435 2785
9089 2293
9001 7973
6474 7338
2678 3983
8649 3969
5240 9557
3072 2545
8198 585
2405 3418
2524 8732
5339 3654
7509 5188
1108 5805
6206 4049
75 2194
3663 2014
8406 9555
3646 7636
1467 2538
8620 2747
2773 7210
1275 2791
5494 7804
6769 4805
6924 3622
3823 7363
8460 6889
3087 9497
5158 2201
8381 492
3326 2378
3117 1962
5901 7064
6864 2301
5016 5048
8947 8865
8711 6570
5467 6912
8795 9774
2369 7518
9201 8730
7078 5519
1824 47
8943 2010
8730 4699
5950 8494
589 5107
360 6949
8000 5884
8217 7456
342 8896
3346 3453
8432 7992
571 3880
7030 8566
3575 5040
4956 7783
7466 2514
5926 9941
5160 2528
7631 6935
2377 7632
9850 1609
540 1985
5233 2826
1852 8416
4039 897
3548 5289
6539 9356
2789 2502
699 5742
3265 3982
1419 3190
9122 1918
5352 1661
458 7428
1573 9315
6744 8753
5932 4823
3314 5343
7169 3281
4725 1662
7072 8138
5893 3741
5778 3946
252 8195
7981 9676
1444 6154
3481 4952
7732 6620
5646 3737
940 847
7280 6345
3009 9822
1060 3352
7480 246
6742 579
3233 7357
859 1526
8791 7824
8872 6150
9468 6913
1446 8041
8395 3909
4775 3655
153 1460
8352 303
6396 8126
3676 3827
1473 8907
4468 3852
8362 2189
9139 8009
480 2979
9677 8947
3466 691
1623 3312
7404 4738
9812 1855
3765 1840
7966 7993
8982 7783
2514 5526
1781 4771
5983 7246
5683 6478
1265 6516
1926 2074
2936 4968
3266 3885
2447 7476
7895 3029
3350 1632
1886 5104
9974 8870
37 8032
1480 5218
3549 8002
8301 7589
6280 3020
8886 6027
9093 2571
3400 2499
7613 8072
6682 3709
9335 490
6249 534
6904 8625
7709 3265
4571 3051
9827 8629
4151 6763
9913 779
5168 3097
5356 6242
122 4910
8695 8603
8727 4351
4444 3436
2569 5729
6922 4213
949 858
3586 2897
8458 388
6130 852
4445 4837
410 5518
2511 7810
7271 1853
1626 3100
3166 8209
9575 7772
8215 3617
9022 5205
1942 6860
670 2591
6344 8166
648 6580
1631 1995
8112 1739
8316 7814
2642 4862
9838 819
2976 304
8799 8859
8820 1544
5977 3110
4406 1460
3266 9385
4445 4902
832 3629
3211 6482
7894 9503
8588 4984
8681 4161
1710 254
5187 5904
3635 5174
8747 1421
362 2076
6563 5718
7780 3149
2257 2303
5900 6414
8250 96
2264 5377
7802 4832
5744 5366
5460 7340
1141 3265
4354 5014
7728 7390
2300 9910
5082 3126
8773 4109
2655 8865
1270 8644
4537 9483
2752 3227
3517 9637
7279 3285
2713 2570
857 3427
395 1312
8745 2735
3156 3061
5093 57
5761 2829
1519 4585
6499 8174
9516 1953
6516 936
6901 1379
3286 2525
1432 5871
9903 157
7406 7886
8366 2515
6671 4139
3977 5097
6684 3704
9625 4365
3466 1692
7547 8938
1697 4182
1633 3805
1547 2992
5169 5145
8076 2341
4523 467
8050 237
1568 956
7135 4519
8643 5292
4952 2663
5151 9227
9557 8712
9124 6086
9031 1949
3160 6254
1646 5606
5073 6664
6567 6391
2053 5100
6573 8864
4100 9488
8631 2154
1212 7310
1250 9159
8756 5315
607 5687
1351 7642
6267 5783
9052 4490
7949 2219
3338 2055
4040 6560
2308 61
3902 5569
6344 4760
6386 590
3098 9385
6130 8304
8638 9225
8276 5627
6479 9439
6826 2644
5387 7495
9659 4882
4850 7251
9567 1495
9149 3927
2329 3007
3980 712
3808 4966
2484 2474
727 9324
9120 1111
6022 7690
2895 7531
8671 9224
8876 9369
8227 7598
2852 1801
9940 2953
2881 4682
4963 8654
3515 2622
9781 9615
3088 5267
5270 1636
1243 6014
1652 4946
52 9604
4742 9718
5415 3986
6801 5261
3361 3330
716 5809
2387 8503
4905 8646
6757 2203
1044 4166
1451 2922
2977 8244
5118 2145
2265 7145
8470 4380
8934 510
8507 2647
6433 2790
2153 107
2350 5833
3393 4629
6715 1536
7958 3109
4973 177
9750 6129
2922 5330
645 2680
1891 3328
6318 2237
5844 1715
7930 2765
9664 9367
6522 4054
8524 9814
6294 95
3158 8727
4262 6041
9996 2033
8549 6403
2331 6883
7759 8930
7465 9372
1947 2570
2660 9110
4761 578
8930 7374
9113 3809
3945 4057
1498 1668
2944 4587
6756 1774
6800 2094
3546 2785
1271 8601
6147 2116
1915 1408
9536 4785
4453 2944
8376 5394
2970 3091
9342 1613
8310 1699
5036 572
2573 5320
9050 9374
2011 8040
5739 5569
4825 3476
4656 6213
665 977
1684 9812
7787 6368
6485 8123
589 6588
9695 6841
5904 8282
6120 4096
9192 2314
8848 2884
2621 9982
8839 7544
728 5062
8303 1453
2304 8867
6242 9526
5418 9628
1017 2881
8433 7215
8017 1929
4549 735
5454 6583
4816 3610
3697 9391
7788 1677
7170 5582
8935 1033
4890 5607
6981 7430
5895 2889
4698 878
5398 4980
8204 7720
419 8167
7152 8870
5160 6739
5423 7292
8563 6819
4391 2797
7394 1621
9142 650
5023 2165
9316 7666
3487 5387
751 9284
9843 8081
6978 2005
7627 1149
607 2358
5370 4383
3556 151
1358 8661
5657 8214
6536 3263
759 918
6084 7829
7150 7313
5176 5233
7377 7286
682 5103
8247 5952
5240 9101
5727 3615
2470 3386
6177 1672
9302 3795
435 486
5163 8235
6686 3210
4792 693
3914 2044
685 3576
7295 3888
9097 9633
1980 190
9919 9439
3546 2269
3692 6872
2525 9782
6287 1556
7707 4982
1690 6269
9886 65
3274 7534
3638 2202
5633 4327
1475 8443
3870 1006
3055 3936
2181 2557
5222 4979
1438 4972
8927 3134
62 9506
4372 1029
5615 7422
3657 8347
8322 7695
6569 479
6940 2998
2836 3101
5787 5604
4389 5615
8970 1769
7052 8030
8374 5386
554 6706
4336 5730
5637 7218
9076 9180
7505 4185
5662 9180
7711 9136
5752 4157
6156 8050
5392 479
323 5462
6738 5584
4455 8559
145 3824
8651 859
8292 6680
2058 3771
1730 9392
4058 8677
4855 3358
325 7731
7495 1313
5997 1113
3033 75
1846 6343
5962 2945
7512 6460
6681 1001
6349 1039
6656 843
4167 2859
9523 9608
4091 8092
8908 2007
626 603
9233 6120
1325 7831
8133 9170
7925 155
2994 541
2060 5520
8971 1120
960 766
7894 2906
9856 1111
2745 7071
5549 9667
8554 9327
6789 8132
410 3222
7937 7149
7779 6409
9949 9990
3244 2458
8955 1592
801 5774
1091 7983
9249 1709
9130 4569
6560 1078
5481 55
9438 5095
866 2185
6108 4178
6615 5146
4560 754
875 6840
3327 6042
4560 4219
5708 1079
5650 3927
1107 5016
9403 337
2046 2225
7404 7967
5210 5552
1480 3079
1212 4604
8016 2297
738 5976
3979 7656
7541 7946
3291 6500
299 7413
1338 9231
4863 6015
4718 8515
30 4527
5128 5541
4469 676
292 4947
1784 6804
8394 4447
3347 4825
3724 8981
8654 4880
6699 5824
327 187
6932 8627
4456 8165
199 3991
1133 1184
2931 1347
5894 2745
5368 9247
3967 8916
9241 6499
8683 9099
582 8056
5743 7563
8001 519
4866 7267
873 6036
4237 1773
4004 7074
3256 6848
1167 8667
6334 7377
4618 8767
9512 6433
3714 1707
8495 8445
8350 8233
8329 5908
5011 1070
3835 907
3319 7164
4448 5895
6653 9835
2119 4365
3178 1685
2424 7429
421 4581
3717 3632
1138 6081
6340 3528
914 1774
9847 1699
5765 4800
8361 9447
9664 850
1405 2058
2720 5915
4244 9821
8971 9262
9322 7914
8680 25
5629 3648
4324 9378
284 3192
199 3102
6202 5981
1771 480
9402 4396
5463 2218
8386 8862
590 6381
8548 4145
2066 8826
1037 2032
4541 7549
9965 6344
5858 8584
2554 1132
4011 1371
4021 648
1080 9599
7639 431
2043 9673
2620 1968
2714 9512
7162 6824
2662 2741
2047 7290
7578 9899
1479 8666
8026 1519
3400 1879
5623 8163
6403 2974
9184 1525
1826 9614
3512 5827
4092 7446
4855 86
4145 9746
9557 722
4392 9259
8639 3676
3158 4636
1493 4865
7726 5045
4381 4029
1555 5429
5545 5615
3266 8408
3002 6787
3764 2752
6596 6611
4634 6124
5849 4489
9885 8223
8232 1242
6341 7015
8624 8395
2853 9831
2474 2882
7907 4034
1879 6344
2278 5222
8492 8876
7700 7385
9490 6214
7619 2039
2444 484
3258 4219
6480 7424
5368 5437
9082 4069
8348 1830
8491 6742
8478 7752
5254 6098
8048 3666
969 114
8942 4171
3117 9609
2358 8426
2507 6645
8628 8958
8075 662
3759 3539
6955 6108
5526 9419
8786 9117
9519 1815
3098 4272
8953 9934
8862 5435
9447 4040
4593 4837
9652 6398
2699 1877
5388 5950
4401 5467
3551 9841
1079 2444
992 105
186 4566
7767 1464
8014 7516
8857 5110
1401 166
6817 8959
6255 8316
7905 2717
1715 3828
8501 773
7390 2178
8559 2903
3180 1616
1740 5965
5789 4407
