1000 2
9329 6790
6573 8864
2994 541
7930 2765
7052 8030
6757 2203
1498 1668
14 4904
2866 8222
9575 7772
893 392
9447 4040
9120 1111
9885 8223
3697 9391
8465 1942
6251 7171
6355 7387
9201 8730
8348 1830
5118 2145
582 8056
2053 5100
6715 1536
6789 8132
8350 8233
8573 3838
5254 6098
8501 773
9006 3107
4863 6015
5904 8282
8458 388
2789 2502
690 5158
7732 6620
5977 3110
5023 2165
8872 6150
3291 6500
3338 2055
9468 6913
4905 8646
5101 531
9850 1609
589 5107
2066 8826
8495 8445
3416 6134
4866 7267
2181 2557
2405 3418
9866 6564
299 7413
2752 3227
3266 9385
9940 2953
8695 8603
2377 7632
4835 7909
5646 3737
4039 897
8409 4671
8554 9327
9949 9990
9659 4882
5849 4489
8247 5952
8406 9555
7785 1654
153 1460
2573 472
482 928
6485 8123
9856 1111
5962 2945
2423 1811
1475 8443
1947 2570
7925 155
2931 1347
6684 3704
512 5719
8381 492
7193 2864
6213 213
5325 2970
8664 7495
9584 1800
9812 1855
6120 4096
5158 2201
4288 9678
8947 8865
5460 7340
9339 6674
5549 9667
2660 9110
8227 7598
1480 5218
8305 2563
3823 7363
3072 2545
9913 779
3629 9258
2853 9831
2922 5330
9241 6499
8076 2341
5370 4383
9557 722
7390 2178
3657 8347
9345 8889
1338 9231
832 3629
5578 5536
8361 9447
8727 4351
2554 1132
1826 9614
9903 157
1141 3265
9473 7739
6334 7377
4889 3787
2446 6905
1577 3541
6474 7338
7295 3888
8654 4880
5537 2926
1079 2444
5387 7495
5046 5200
873 6036
5073 6664
9996 2033
8559 2903
5151 9227
8982 7783
7444 7480
1451 2922
8942 4171
1771 480
6876 7535
4040 6560
6480 7424
3088 5267
7054 2985
8714 6752
3992 8213
6294 95
3123 9539
1715 3828
199 3991
540 1985
5901 7064
4973 177
5368 5437
1573 9315
6686 3210
5201 4696
4826 5991
2511 7810
1758 8138
2713 2570
9512 6433
9516 1953
9077 6546
3546 2269
8817 878
3211 6482
728 5062
960 766
7525 9973
4541 9006
2916 2107
7613 8072
284 3192
6403 2974
1479 8666
4100 9488
5187 5819
8970 1769
2773 7210
1473 8907
9519 1815
5036 572
3266 8408
9523 9608
7089 7479
8050 237
8822 2340
5270 1636
5739 5569
2804 7509
9184 1525
5900 6414
2043 4813
9919 9439
1444 6154
4725 1662
5494 7804
8133 9170
1846 6343
6370 1858
7397 6949
1493 4865
4775 3655
1467 2538
6499 8174
1167 8667
4244 9821
7279 3285
2474 2882
4392 9259
6386 590
525 4450
5368 9247
6479 9439
9082 4069
9573 2681
5442 2661
7414 3535
8786 7706
8159 9727
2350 5833
8376 5394
30 4527
367 8896
6374 8886
4985 6650
6681 1001
6522 4054
4850 7251
9139 8009
9886 65
3714 1707
4401 5467
268 645
8644 9753
9838 819
5727 3615
1646 3195
9775 4769
5272 6974
6242 9526
5454 6583
9335 490
3692 6872
1351 7642
3517 9637
4848 9462
3098 4272
2387 8503
9677 8947
7724 5516
2153 107
3400 2499
648 6580
5222 4979
7779 6409
6981 7430
7744 3450
7394 1621
4608 4375
3265 3982
8016 2297
8684 5759
1730 9392
5615 7422
1275 2791
3759 3539
4406 1460
4629 6895
4855 3358
7700 7385
5765 4800
4982 1179
7917 4227
3551 9841
8330 5507
5240 9557
5609 1525
7681 9822
5423 7292
6287 1556
4554 7653
6156 8050
8886 6027
325 7731
3256 6848
7489 5689
4254 271
9250 8278
1472 5494
8460 6889
8955 1592
8433 7215
9664 850
6967 7221
7905 2717
7361 3164
4928 4469
1243 6014
4354 5014
3158 4636
62 9506
5082 3126
6838 21
7280 6345
9031 1949
6682 3709
7509 5188
9664 9367
9403 337
6978 2005
4469 676
5708 1079
4874 249
3258 4219
7404 7967
8862 5435
5844 1715
3314 5343
421 4581
9020 4158
8276 5627
6344 4760
4369 9487
4004 7074
3326 2378
4799 3777
5762 2296
3393 4629
3548 5289
1519 4585
6043 2669
4092 7446
4445 4837
1781 4771
3350 1632
8747 1421
8786 9117
6108 4178
882 2359
1690 6269
8791 7824
8027 4538
8930 7374
5858 8584
5210 5552
4391 2797
7802 4832
3361 3330
8935 1033
1910 6486
4606 4641
8000 5884
7162 6824
6932 8627
7788 5899
9434 7795
342 8896
607 5687
4021 648
4400 4238
1301 2542
1980 190
3818 2169
3055 3936
8971 9262
8651 859
3764 2752
1037 2032
5894 2745
4381 4029
2852 1801
2264 5377
7465 9372
4090 2300
8001 519
8620 2747
8492 8876
4618 8767
3117 9609
8745 2735
685 3576
8857 5110
9490 6214
7495 1313
2550 7563
7712 9100
7030 8566
3710 3188
5398 4980
8366 2515
589 6588
5633 4327
7981 9676
8631 2154
751 9284
3002 6787
2499 8319
7460 259
8386 8862
1212 4604
3178 1685
4144 9543
2304 8867
9827 8629
480 2979
3156 3061
645 2680
2714 9512
8968 319
4151 3089
8876 9369
6536 3263
8250 96
7406 7886
9142 650
2058 3771
2573 5320
2936 4968
3244 2458
4952 2663
5789 4407
8357 5083
8799 8859
7466 2514
8683 9099
8148 1093
7767 1464
4541 7549
5467 6912
8667 3220
4372 1029
3979 7656
5163 8235
5236 7794
3233 7357
9113 3809
2970 3091
3009 9822
2745 7071
5905 4864
6086 7726
4855 86
5743 7563
9076 9180
5545 5615
7152 8870
4634 6124
2060 5520
6130 852
6130 8304
5883 9124
2300 9910
1886 5104
4699 7759
2522 4504
738 5976
9402 4396
1740 5965
3266 3885
7787 6368
1190 5043
6927 4408
6924 3622
122 4910
5176 5233
1932 1057
1432 5871
186 4566
3575 5040
1942 6860
8680 25
5187 5904
5889 675
1138 6081
1044 4166
5650 3927
6147 2116
5621 6119
6255 8316
6396 8126
3400 1879
4956 7783
3646 7636
7135 4519
5683 6478
3515 2622
1547 2992
6699 5824
9974 8870
8209 9447
1276 9832
6177 1672
7789 8382
5233 2826
9322 7914
1631 1995
751 5724
4718 7161
8711 6570
8017 1929
1555 5429
3346 3453
699 5742
2836 3101
6801 5261
1568 956
607 2358
323 5462
7894 2906
4593 4837
5741 3572
3870 1006
1915 1408
9089 2293
4058 8677
3663 2014
4718 8515
4456 8165
2629 5614
8848 2884
7958 3109
1646 5606
7966 7993
9489 3197
727 9324
8301 7589
7711 9136
2457 7932
292 4947
7639 431
4523 467
949 858
9170 6567
4890 5607
2401 6074
9567 1495
5997 1113
8549 6403
5240 9101
7078 5519
7627 6690
6645 5150
9832 1866
2331 6883
9200 6971
1846 1114
9750 6129
6864 2301
1271 8601
7505 4185
2119 4365
7631 6935
2257 2303
3098 9385
8972 2453
6940 2998
5415 3986
5169 5145
145 3824
8352 303
2338 4159
5629 3648
4656 6213
9156 9403
8608 9835
2835 1718
6769 4805
3586 2897
435 486
6771 7771
6567 6391
3638 4268
6101 5833
1859 417
8971 1120
8548 4145
2265 7145
8322 7695
3487 5387
4560 754
9149 3927
4560 4219
6301 9480
1268 9498
7753 5789
1636 512
2881 4682
52 9604
7907 4034
8588 4984
406 3327
525 13
9781 9615
682 7030
4945 6479
7048 2048
4461 5834
2011 8040
3166 8209
8643 5292
1906 2610
9335 2054
2507 6645
9302 3795
9124 6086
4502 1056
7995 885
6615 5146
9536 4785
410 3222
2484 2474
8478 7752
6596 6611
7427 4107
2678 3983
4453 2944
3160 6254
5705 9473
2116 1122
1358 8661
4167 2859
5128 5541
8329 5908
9001 7973
9130 4569
4468 3852
3695 7817
2621 9982
2308 61
8943 2010
9625 4365
6318 2237
1272 3781
4387 5176
1405 2058
2435 2785
5744 5366
3512 5827
6291 3809
8639 3676
6344 8166
9193 6478
7619 2039
1212 7310
6022 7690
4209 236
8908 2007
1520 15
1265 6516
9022 5205
5160 2528
914 1774
5623 8163
7728 7390
2402 1249
40 7813
6340 3528
9192 2314
9557 8712
1710 254
6817 8959
6516 936
865 6420
3010 1617
362 2076
3286 2525
6539 9356
9652 6398
4808 3402
2577 9132
6433 2790
122 659
682 5103
3556 151
4487 7354
1428 4927
8507 2647
8362 2189
1623 3312
7541 7946
5418 9628
6280 3020
3313 5056
3902 5569
9420 9964
665 977
8638 9225
670 2591
3065 7093
7169 3281
526 1323
1080 9599
3546 2785
6738 5584
3676 3827
3980 712
8524 9814
2447 7476
3635 5174
458 7428
8215 3617
8563 6819
8820 1544
6656 843
7707 4982
2329 3007
5215 1231
6560 1078
3638 2202
9965 6344
1441 2607
1111 6742
5481 55
5752 4157
6046 5564
6084 7829
2255 8657
5392 479
1401 166
3274 7534
1250 9159
3549 8002
1446 8041
3041 6189
4455 8559
5950 8494
1270 8644
4091 8092
5463 2218
5983 7246
5093 57
7592 4173
6826 2644
3466 691
8026 1519
9438 5095
1891 3328
6206 4049
8204 7720
7937 7149
4476 3873
9217 1590
8232 1242
8395 5499
6671 4139
6901 1379
4032 6052
8491 6742
3022 4619
7271 1853
5637 7218
7072 8138
1133 1184
5188 7847
3835 907
857 3427
9700 2648
8310 1699
753 6143
4825 3476
4145 9746
1419 3190
3466 1692
554 6706
4324 9378
6345 103
9233 6120
3087 9497
859 1526
5657 8214
8303 1453
3636 3752
2795 621
7726 5045
410 5518
3945 4057
3977 5097
7895 3029
1060 3352
7150 7313
9316 7666
6341 7015
3717 3632
5356 6242
4262 6041
3319 7164
3068 7534
6267 5783
9093 2571
2620 1968
7842 2873
5526 9419
1626 3100
4963 8654
1745 8699
1210 3929
7741 6671
875 6840
8112 1739
992 105
7780 3149
8649 3969
3158 8727
4852 2694
5021 5930
4444 3436
2699 1877
4237 1773
2944 4587
8795 9774
8292 6680
2976 304
2720 5915
4011 1371
1108 5805
1438 4972
7330 1775
9249 1709
5281 7673
571 3880
7627 1149
6742 579
3808 4966
2524 8732
1325 7831
7949 2219
8756 5315
9847 1699
5662 9180
2470 3386
406 6247
4336 5730
5893 3741
395 1312
9467 2100
9738 5085
7404 4738
2278 5222
801 5774
8612 1433
1480 3079
9022 4883
1652 4946
5702 9381
1944 4494
9052 4490
1784 6804
7578 9899
5761 2829
7894 9503
37 8032
2369 7518
2514 5526
5932 4823
9122 1918
6349 1039
199 3102
7759 8930
1017 2881
1824 47
9843 8081
590 6381
2444 484
1107 5016
6653 9835
5160 6739
4816 3610
5926 9941
3270 9873
4537 9483
6249 534
757 3992
3327 6042
6744 8753
5339 3654
2569 5729
3117 1962
8927 3134
2655 8865
8316 7814
5016 5048
3180 1616
4698 878
8730 4699
8681 4161
716 5809
4979 8737
7709 3265
8014 7516
2043 9673
5815 4389
2358 8426
8198 585
2525 9782
3765 1840
8394 4447
8934 510
8773 4109
9057 6349
6922 4213
8628 8958
3033 75
4761 578
420 9752
7512 6460
5352 1661
9050 9374
8048 3666
8374 5386
3914 2044
8671 9224
5980 3266
969 114
8624 8395
2424 7429
6756 1774
5787 5604
259 7934
3347 4825
5168 3097
3481 4952
6800 2094
9234 6769
9259 395
3967 8916
2046 2225
4389 5615
8432 7992
6202 5981
7547 8938
4709 4604
75 2194
9021 9987
626 603
4742 9718
866 2185
1091 7983
759 918
1697 4182
1633 3805
419 8167
4448 5895
940 847
7788 1677
327 187
2642 4862
9342 1613
252 8195
2977 8244
1879 6344
4571 3051
2797 833
6563 5718
1926 2074
347 1650
5895 2889
6569 479
6904 8625
2047 7290
1114 9712
5388 5950
4151 6763
9695 6841
5778 3946
8470 4380
1140 5641
7480 246
3530 5984
1684 9812
6955 6108
8075 662
3835 4169
8839 7544
2895 7531
9097 9633
4445 4902
3724 8981
8395 3909
8953 9934
8217 7456
7377 7286
4796 953
6897 110
2337 8424
2662 2741
5011 1070
1184 3912
360 6949
4792 693
7170 5582
4549 735
1852 8416
