1000 2
1886 5104
4487 7354
2660 9110
4090 2300
5021 5930
7444 7480
5356 6242
62 9506
4952 2663
4718 7161
4852 2694
5240 9101
5128 5541
9113 3809
8644 9753
1210 3929
7842 2873
8000 5884
9695 6841
9434 7795
1060 3352
3041 6189
682 7030
9316 7666
4593 4837
7724 5516
9750 6129
5168 3097
9130 4569
4445 4902
3098 4272
7541 7946
8820 1544
5705 9473
2835 1718
5240 9557
4571 3051
1432 5871
3481 4952
1730 9392
2994 541
7894 2906
8588 4984
7728 7390
7404 7967
420 9752
4725 1662
8970 1769
5236 7794
1441 2607
1037 2032
6120 4096
8786 7706
7744 3450
7150 7313
6344 8166
5609 1525
9519 1815
3548 5289
3178 1685
9076 9180
4848 9462
7981 9676
7525 9973
9149 3927
4406 1460
4391 2797
4237 1773
9512 6433
589 5107
5900 6414
3967 8916
6596 6611
153 1460
4448 5895
4928 4469
8681 4161
9402 4396
5657 8214
4092 7446
9097 9633
4709 4604
7907 4034
5893 3741
5398 4980
9249 1709
3400 1879
571 3880
8620 2747
8608 9835
8348 1830
8460 6889
8651 859
1301 2542
6516 936
3992 8213
9850 1609
9652 6398
2795 621
5901 7064
480 2979
8612 1433
682 5103
8628 8958
582 8056
554 6706
8361 9447
199 3102
1498 1668
6769 4805
5526 9419
607 2358
2977 8244
421 4581
5702 9381
5858 8584
8524 9814
8747 1421
4144 9543
685 3576
6653 9835
3663 2014
3764 2752
4890 5607
1758 8138
9838 819
2066 8826
7712 9100
9781 9615
9886 65
9302 3795
2119 4365
4835 7909
3266 9385
9200 6971
5494 7804
8664 7495
9832 1866
9573 2681
367 8896
4389 5615
1879 6344
665 977
2931 1347
284 3192
4606 4641
5762 2296
4468 3852
7707 4982
2970 3091
2387 8503
3088 5267
2470 3386
9031 1949
5118 2145
1401 166
8227 7598
5545 5615
8908 2007
3530 5984
362 2076
4866 7267
7480 246
4502 1056
3638 4268
2331 6883
7152 8870
3515 2622
6684 3704
1446 8041
8695 8603
8927 3134
5997 1113
8316 7814
3676 3827
7789 8382
7489 5689
2773 7210
5708 1079
4453 2944
6924 3622
525 13
1745 8699
7787 6368
5650 3927
9006 3107
4541 7549
5637 7218
6864 2301
6826 2644
8026 1519
759 918
2976 304
589 6588
1275 2791
6479 9439
6101 5833
122 4910
5463 2218
1338 9231
9339 6674
3117 9609
5778 3946
8683 9099
5983 7246
2524 8732
4476 3873
4369 9487
7406 7886
1111 6742
6744 8753
6682 3709
8930 7374
14 4904
1493 4865
4151 3089
252 8195
4855 86
8491 6742
4985 6650
8872 6150
5254 6098
2402 1249
2278 5222
9001 7973
7048 2048
5950 8494
8649 3969
6801 5261
7592 4173
3979 7656
3350 1632
6897 110
2662 2741
9827 8629
3009 9822
4979 8737
5962 2945
5187 5904
1451 2922
3549 8002
2620 1968
3346 3453
6301 9480
9489 3197
1141 3265
8727 4351
8050 237
2377 7632
9050 9374
5629 3648
6267 5783
3551 9841
1271 8601
9885 8223
9856 1111
6901 1379
6280 3020
6927 4408
6242 9526
1942 6860
6294 95
6757 2203
2550 7563
7509 5188
9965 6344
6771 7771
866 2185
8209 9447
1325 7831
8374 5386
6370 1858
865 6420
6981 7430
2745 7071
1891 3328
7895 3029
6485 8123
435 486
5370 4383
8773 4109
5752 4157
5926 9941
3635 5174
9584 1800
2457 7932
9903 157
7780 3149
5980 3266
5815 4389
2569 5729
2577 9132
8478 7752
8217 7456
4011 1371
9335 2054
5932 4823
6967 7221
3291 6500
3765 1840
8886 6027
1212 4604
9021 9987
6340 3528
607 5687
7578 9899
9677 8947
8624 8395
5023 2165
6567 6391
8381 492
2554 1132
9052 4490
8507 2647
2058 3771
8301 7589
1184 3912
2699 1877
2153 107
8968 319
2621 9982
6349 1039
1555 5429
6978 2005
3266 8408
6932 8627
626 603
5352 1661
8305 2563
6147 2116
1947 2570
9420 9964
7700 7385
3818 2169
6156 8050
1852 8416
6569 479
4656 6213
3400 2499
8394 4447
1824 47
3156 3061
3759 3539
5904 8282
410 3222
738 5976
9184 1525
3945 4057
3338 2055
1684 9812
2265 7145
5201 4696
9866 6564
1781 4771
2424 7429
5578 5536
914 1774
2499 8319
8667 3220
728 5062
9974 8870
5222 4979
2484 2474
2060 5520
8395 3909
3065 7093
5163 8235
8406 9555
9233 6120
9259 395
8786 9117
2337 8424
9093 2571
2369 7518
3002 6787
8848 2884
9322 7914
5368 9247
4799 3777
8366 2515
3546 2269
3692 6872
8862 5435
325 7731
4444 3436
9812 1855
2866 8222
3274 7534
2678 3983
4698 878
1212 7310
1268 9498
5761 2829
8982 7783
6086 7726
7619 2039
4145 9746
7271 1853
6817 8959
5895 2889
6955 6108
9949 9990
8943 2010
3265 3982
8573 3838
5883 9124
5011 1070
7894 9503
1932 1057
4262 6041
7330 1775
5460 7340
6043 2669
5741 3572
8711 6570
360 6949
3160 6254
8017 1929
3517 9637
9536 4785
1080 9599
406 6247
1107 5016
1265 6516
8310 1699
6699 5824
873 6036
9447 4040
4523 467
2401 6074
801 5774
6334 7377
3117 1962
7732 6620
949 858
940 847
419 8167
5093 57
6474 7338
4456 8165
8014 7516
3697 9391
5176 5233
259 7934
7966 7993
3487 5387
7639 431
2423 1811
6756 1774
4058 8677
7030 8566
4324 9378
1428 4927
3710 3188
75 2194
7377 7286
5270 1636
6251 7171
7279 3285
7072 8138
8001 519
7958 3109
9473 7739
7937 7149
4400 4238
2944 4587
4863 6015
7613 8072
2514 5526
4634 6124
5623 8163
6355 7387
3087 9497
9575 7772
5683 6478
8376 5394
4372 1029
9022 4883
3714 1707
8684 5759
7925 155
7078 5519
9775 4769
4455 8559
9022 5205
2446 6905
3180 1616
2447 7476
8563 6819
4629 6895
4718 8515
8638 9225
5188 7847
9241 6499
5977 3110
2405 3418
3211 6482
4905 8646
7788 1677
9124 6086
342 8896
6671 4139
8745 2735
145 3824
9057 6349
9170 6567
1091 7983
2629 5614
9664 9367
8971 1120
5101 531
2435 2785
9250 8278
3313 5056
1519 4585
5743 7563
882 2359
4004 7074
8643 5292
1114 9712
4100 9488
8730 4699
6563 5718
3233 7357
2264 5377
1926 2074
1190 5043
2936 4968
9193 6478
5046 5200
3158 4636
8470 4380
8465 1942
6345 103
512 5719
5392 479
8839 7544
3256 6848
8433 7215
4387 5176
7427 4107
4392 9259
2525 9782
8292 6680
5467 6912
6876 7535
1623 3312
7466 2514
5549 9667
6046 5564
9192 2314
4973 177
5646 3737
5368 5437
5233 2826
6715 1536
406 3327
5894 2745
8458 388
8250 96
4381 4029
5325 2970
3657 8347
5727 3615
3416 6134
1140 5641
3244 2458
7631 6935
1910 6486
6681 1001
5662 9180
7295 3888
3546 2785
8639 3676
1697 4182
7361 3164
7753 5789
482 928
8857 5110
3646 7636
4796 953
5423 7292
1577 3541
1475 8443
4808 3402
8942 4171
2474 2882
648 6580
5388 5950
1944 4494
6499 8174
8276 5627
8492 8876
2804 7509
8076 2341
9082 4069
4956 7783
3258 4219
3286 2525
2642 4862
5633 4327
8395 5499
2043 9673
8148 1093
4209 236
2720 5915
7414 3535
1631 1995
7162 6824
893 392
525 4450
3636 3752
2797 833
2916 2107
9156 9403
7390 2178
6291 3809
875 6840
6645 5150
3870 1006
8016 2297
2308 61
8075 662
4336 5730
8322 7695
857 3427
6904 8625
7547 8938
299 7413
9516 1953
7394 1621
9335 490
9438 5095
2752 3227
458 7428
52 9604
4354 5014
6396 8126
8822 2340
5387 7495
7741 6671
4167 2859
5073 6664
5789 4407
3055 3936
268 645
9557 722
5210 5552
8215 3617
9329 6790
3902 5569
690 5158
1438 4972
5442 2661
2789 2502
8247 5952
7779 6409
8548 4145
5418 9628
540 1985
3808 4966
4855 3358
2573 5320
9201 8730
4401 5467
5160 6739
1243 6014
5187 5819
4537 9483
6838 21
2573 472
8680 25
4549 735
6573 8864
1473 8907
9403 337
4560 4219
5615 7422
6789 8132
6922 4213
3022 4619
9467 2100
1915 1408
5339 3654
1636 512
5082 3126
292 4947
186 4566
8330 5507
969 114
3098 9385
1472 5494
1710 254
4761 578
645 2680
4608 4375
410 5518
7465 9372
4850 7251
3575 5040
8501 773
1138 6081
3327 6042
8934 510
2522 4504
2116 1122
1276 9832
6108 4178
6130 852
6341 7015
4874 249
7930 2765
5744 5366
6249 534
9919 9439
1826 9614
122 659
2046 2225
2507 6645
1859 417
3010 1617
1784 6804
5016 5048
6522 4054
1626 3100
5160 2528
2329 3007
4560 754
395 1312
1272 3781
7505 4185
6539 9356
4699 7759
3512 5827
7054 2985
6287 1556
8972 2453
9843 8081
8352 303
8027 4538
6177 1672
1715 3828
6738 5584
4288 9678
3033 75
8955 1592
4826 5991
4618 8767
2300 9910
3466 1692
2853 9831
7495 1313
2011 8040
3977 5097
1906 2610
3123 9539
1633 3805
8329 5908
716 5809
4461 5834
3347 4825
9664 850
2181 2557
8198 585
8876 9369
3158 8727
1419 3190
9523 9608
8935 1033
6255 8316
30 4527
8159 9727
751 9284
3823 7363
7460 259
4816 3610
8303 1453
9089 2293
4963 8654
3835 907
7759 8930
832 3629
6480 7424
3068 7534
4554 7653
3914 2044
199 3991
8554 9327
9625 4365
9847 1699
2053 5100
2255 8657
1044 4166
7802 4832
8791 7824
1771 480
7135 4519
1017 2881
8947 8865
1479 8666
6213 213
1079 2444
6536 3263
9940 2953
5765 4800
8133 9170
6084 7829
6206 4049
8799 8859
1646 3195
699 5742
40 7813
6374 8886
1358 8661
2358 8426
7788 5899
6560 1078
9567 1495
7995 885
4775 3655
4039 897
5481 55
2350 5833
3695 7817
1690 6269
1980 190
4040 6560
8654 4880
6202 5981
960 766
3393 4629
8386 8862
4541 9006
6742 579
7169 3281
7170 5582
2511 7810
1573 9315
1547 2992
7627 6690
3724 8981
8350 8233
2304 8867
9020 4158
3266 3885
6386 590
3314 5343
5169 5145
9120 1111
1480 5218
5905 4864
7726 5045
7917 4227
7905 2717
347 1650
3586 2897
4445 4837
3556 151
9142 650
5889 675
2043 4813
7785 1654
5739 5569
8495 8445
1250 9159
859 1526
8756 5315
323 5462
6615 5146
1167 8667
7949 2219
9700 2648
753 6143
2257 2303
8357 5083
3638 2202
4742 9718
3319 7164
6130 8304
8953 9934
2881 4682
8817 878
1405 2058
6686 3210
8362 2189
6344 4760
757 3992
8409 4671
9557 8712
5849 4489
8112 1739
2852 1801
2895 7531
2655 8865
9468 6913
7711 9136
751 5724
2713 2570
6318 2237
5272 6974
37 8032
1108 5805
3980 712
3361 3330
5036 572
1846 6343
2047 7290
1444 6154
4825 3476
7280 6345
2444 484
8971 9262
7767 1464
6403 2974
5151 9227
6022 7690
727 9324
8631 2154
8559 2903
1270 8644
1351 7642
3270 9873
9077 6546
1646 5606
4151 6763
1480 3079
5281 7673
992 105
4032 6052
2922 5330
9217 1590
4945 6479
8232 1242
6656 843
7681 9822
4982 1179
6940 2998
1740 5965
8714 6752
3166 8209
9139 8009
3466 691
327 187
1652 4946
2836 3101
8048 3666
1520 15
7193 2864
9234 6769
526 1323
3835 4169
2338 4159
7052 8030
9738 5085
9490 6214
8795 9774
5215 1231
4244 9821
5415 3986
670 2591
5454 6583
590 6381
5787 5604
9913 779
1467 2538
8671 9224
1568 956
9996 2033
4021 648
6433 2790
6800 2094
9122 1918
9342 1613
7397 6949
1846 1114
4254 271
7512 6460
8432 7992
5844 1715
4889 3787
7627 1149
3072 2545
4469 676
3717 3632
4091 8092
1133 1184
8204 7720
4792 693
9659 4882
3629 9258
2714 9512
7709 3265
9345 8889
8549 6403
7404 4738
7089 7479
5158 2201
5537 2926
5621 6119
3326 2378
