1000 2
6474 7338
3400 2499
9625 4365
8026 1519
4523 467
9082 4069
8232 1242
1942 6860
8554 9327
5633 4327
9557 722
5778 3946
682 5103
5977 3110
8624 8395
7981 9676
2795 621
2752 3227
2944 4587
8376 5394
3481 4952
6206 4049
4004 7074
859 1526
8016 2297
8714 6752
2977 8244
8559 2903
9057 6349
8620 2747
9940 2953
9567 1495
75 2194
5962 2945
5352 1661
4145 9746
2331 6883
6522 4054
9170 6567
9575 7772
4775 3655
7966 7993
3393 4629
9438 5095
9664 850
7779 6409
4092 7446
940 847
323 5462
8495 8445
4336 5730
540 1985
8747 1421
9093 2571
5609 1525
2402 1249
857 3427
1441 2607
7414 3535
2338 4159
3009 9822
9342 1613
6344 8166
5201 4696
6940 2998
1573 9315
716 5809
9965 6344
8947 8865
1265 6516
7480 246
8215 3617
2424 7429
153 1460
1473 8907
3979 7656
5646 3737
6120 4096
7170 5582
8548 4145
9097 9633
6101 5833
4796 953
8394 4447
8001 519
4372 1029
9843 8081
5370 4383
7495 1313
6022 7690
8745 2735
1167 8667
2474 2882
1715 3828
3638 4268
8305 2563
7917 4227
8395 3909
8644 9753
5761 2829
9249 1709
7397 6949
9335 490
482 928
3117 1962
1138 6081
4816 3610
3764 2752
1910 6486
2916 2107
7937 7149
3156 3061
1438 4972
3326 2378
9913 779
3327 6042
1758 8138
2852 1801
1781 4771
9838 819
406 6247
3065 7093
1451 2922
5901 7064
9020 4158
8971 1120
1690 6269
6897 110
6536 3263
8671 9224
3551 9841
5240 9101
589 6588
759 918
3823 7363
582 8056
5093 57
7078 5519
3274 7534
1846 1114
1745 8699
9322 7914
1652 4946
2554 1132
1697 4182
3546 2269
406 3327
3258 4219
8549 6403
7759 8930
1268 9498
5423 7292
8786 9117
4476 3873
4448 5895
8133 9170
4237 1773
3266 9385
2714 9512
4826 5991
40 7813
5021 5930
1577 3541
410 5518
5415 3986
7150 7313
5388 5950
3233 7357
648 6580
8027 4538
6213 213
7785 1654
1623 3312
8458 388
9124 6086
4742 9718
7700 7385
6742 579
5752 4157
8955 1592
3870 1006
5418 9628
6922 4213
3835 907
8667 3220
5082 3126
122 4910
1826 9614
2629 5614
9489 3197
7958 3109
6826 2644
1338 9231
1210 3929
2444 484
6344 4760
6838 21
8848 2884
1212 7310
5233 2826
5662 9180
751 5724
6967 7221
4040 6560
6251 7171
5387 7495
3346 3453
5844 1715
3180 1616
3692 6872
284 3192
5615 7422
5392 479
7681 9822
5629 3648
4391 2797
9434 7795
5168 3097
5537 2926
1060 3352
1271 8601
367 8896
9536 4785
5463 2218
7089 7479
5163 8235
590 6381
9516 1953
4100 9488
2678 3983
554 6706
526 1323
2043 4813
4709 4604
4928 4469
4167 2859
5169 5145
2895 7531
7627 1149
3487 5387
9420 9964
5762 2296
4288 9678
4254 271
8406 9555
8048 3666
2976 304
4011 1371
9233 6120
4725 1662
7802 4832
1846 6343
7753 5789
3636 3752
1472 5494
3724 8981
3629 9258
3319 7164
4090 2300
421 4581
6864 2301
9335 2054
4151 6763
2401 6074
6789 8132
5398 4980
5016 5048
960 766
9076 9180
9192 2314
8628 8958
4541 9006
3338 2055
2047 7290
2577 9132
6981 7430
9217 1590
1358 8661
2511 7810
4855 3358
8366 2515
8460 6889
4874 249
360 6949
4324 9378
7930 2765
1108 5805
1730 9392
1270 8644
9584 1800
4091 8092
4354 5014
801 5774
5160 2528
4392 9259
410 3222
9089 2293
6291 3809
949 858
7030 8566
7788 5899
6955 6108
1646 3195
7905 2717
362 2076
3575 5040
5650 3927
2377 7632
5011 1070
4855 86
7631 6935
7949 2219
3548 5289
9250 8278
6699 5824
8276 5627
4945 6479
435 486
6801 5261
5158 2201
1891 3328
3160 6254
1091 7983
9120 1111
3549 8002
865 6420
342 8896
3512 5827
4952 2663
7162 6824
5118 2145
8638 9225
5621 6119
3657 8347
8649 3969
3166 8209
4244 9821
4608 4375
2255 8657
1017 2881
4444 3436
7193 2864
8433 7215
6927 4408
9022 5205
7377 7286
9490 6214
3697 9391
7404 7967
1184 3912
5187 5819
2713 2570
8198 585
9139 8009
1932 1057
9052 4490
7390 2178
2866 8222
6046 5564
6334 7377
8643 5292
3759 3539
4890 5607
3714 1707
5270 1636
8681 4161
7444 7480
3291 6500
9974 8870
866 2185
9201 8730
9022 4883
2642 4862
8217 7456
2369 7518
1859 417
7361 3164
3041 6189
8654 4880
1212 4604
1250 9159
8310 1699
2573 472
1141 3265
9695 6841
2457 7932
9750 6129
6370 1858
2662 2741
8159 9727
8501 773
9473 7739
1114 9712
8465 1942
5739 5569
4982 1179
5578 5536
5637 7218
3158 4636
6043 2669
2936 4968
9050 9374
9200 6971
2350 5833
5176 5233
9919 9439
1432 5871
5545 5615
7995 885
1467 2538
5046 5200
6255 8316
6433 2790
4262 6041
1190 5043
3314 5343
1879 6344
8017 1929
3663 2014
1784 6804
5101 531
3466 1692
3010 1617
8050 237
1325 7831
685 3576
2066 8826
8786 7706
3002 6787
9345 8889
9700 2648
3117 9609
6653 9835
4618 8767
7613 8072
5983 7246
5702 9381
1520 15
8000 5884
3646 7636
9996 2033
3400 1879
1568 956
8927 3134
3055 3936
9866 6564
7767 1464
2329 3007
4963 8654
8330 5507
8791 7824
1428 4927
8478 7752
5815 4389
4401 5467
5187 5904
2423 1811
8301 7589
8639 3676
4554 7653
3676 3827
6567 6391
4039 897
9885 8223
6396 8126
699 5742
5272 6974
2470 3386
5893 3741
8409 4671
6479 9439
9886 65
2300 9910
3967 8916
645 2680
6130 8304
6876 7535
6280 3020
4656 6213
8631 2154
1906 2610
8292 6680
4381 4029
5849 4489
4634 6124
7741 6671
6539 9356
186 4566
8756 5315
8491 6742
8573 3838
8651 859
7489 5689
5900 6414
3695 7817
727 9324
7894 9503
5460 7340
7465 9372
2804 7509
8822 2340
9156 9403
8357 5083
2153 107
525 4450
7724 5516
299 7413
5442 2661
9775 4769
5073 6664
8664 7495
7578 9899
3211 6482
1080 9599
7787 6368
8352 303
7732 6620
6156 8050
420 9752
8250 96
2116 1122
8524 9814
5454 6583
8942 4171
4973 177
3717 3632
5744 5366
1944 4494
4058 8677
7925 155
1886 5104
5036 572
7627 6690
3586 2897
6901 1379
3244 2458
7726 5045
9113 3809
2745 7071
2881 4682
6656 843
8886 6027
5481 55
757 3992
4889 3787
9031 1949
4453 2944
3914 2044
6645 5150
8934 510
6086 7726
62 9506
14 4904
6301 9480
4537 9483
199 3102
9259 395
4406 1460
6978 2005
5623 8163
1926 2074
6560 1078
6800 2094
2507 6645
6904 8625
37 8032
8303 1453
882 2359
7404 4738
4718 7161
1405 2058
6480 7424
9130 4569
5160 6739
1626 3100
2053 5100
2835 1718
5281 7673
1519 4585
9447 4040
9827 8629
3530 5984
4021 648
4593 4837
3123 9539
2931 1347
5222 4979
8588 4984
8316 7814
1444 6154
4863 6015
8972 2453
914 1774
6516 936
4032 6052
893 392
3098 9385
1824 47
5236 7794
4825 3476
8968 319
4792 693
4387 5176
7072 8138
8014 7516
5708 1079
6403 2974
6345 103
7895 3029
5526 9419
8953 9934
2181 2557
1633 3805
1107 5016
1133 1184
4835 7909
4718 8515
268 645
3033 75
8112 1739
9847 1699
2720 5915
7619 2039
4389 5615
682 7030
1498 1668
9903 157
3945 4057
3361 3330
7712 9100
2119 4365
5741 3572
7709 3265
7711 9136
1401 166
7907 4034
9677 8947
7054 2985
6147 2116
4151 3089
3088 5267
1710 254
7639 431
512 5719
4461 5834
1419 3190
3022 4619
7406 7886
8329 5908
1547 2992
2257 2303
3270 9873
8799 8859
6374 8886
7169 3281
6686 3210
6744 8753
2058 3771
5023 2165
8350 8233
1980 190
3087 9497
6671 4139
1631 1995
1276 9832
3265 3982
8730 4699
738 5976
9122 1918
5743 7563
419 8167
9077 6546
7707 4982
8680 25
2447 7476
1636 512
3902 5569
8362 2189
8695 8603
9329 6790
832 3629
3710 3188
2620 1968
8204 7720
9234 6769
6771 7771
5905 4864
8930 7374
7525 9973
3068 7534
7728 7390
5128 5541
4445 4837
1740 5965
6130 852
292 4947
6242 9526
9001 7973
4761 578
2773 7210
2265 7145
8971 9262
690 5158
9402 4396
4400 4238
670 2591
480 2979
8839 7544
1111 6742
4468 3852
1301 2542
969 114
2405 3418
3765 1840
6817 8959
8876 9369
2278 5222
6573 8864
2922 5330
4799 3777
3416 6134
5683 6478
8563 6819
9832 1866
9302 3795
5705 9473
4487 7354
2621 9982
6267 5783
8727 4351
9850 1609
8820 1544
4369 9487
7780 3149
5787 5604
8432 7992
5254 6098
4456 8165
8209 9447
1275 2791
8908 2007
2573 5320
5895 2889
607 2358
3286 2525
7789 8382
2524 8732
9573 2681
3098 4272
6569 479
8608 9835
6386 590
5151 9227
2499 8319
2484 2474
4549 735
5889 675
252 8195
3072 2545
7894 2906
9738 5085
6769 4805
9467 2100
9241 6499
5883 9124
6681 1001
3313 5056
8076 2341
6738 5584
6682 3709
8386 8862
145 3824
751 9284
5325 2970
4445 4902
6757 2203
4469 676
4985 6650
4571 3051
4502 1056
259 7934
2446 6905
122 659
8943 2010
2789 2502
8247 5952
3158 8727
7547 8938
8507 2647
4606 4641
2060 5520
5356 6242
6177 1672
753 6143
1037 2032
3256 6848
2358 8426
5368 5437
8612 1433
5894 2745
3980 712
7788 1677
4979 8737
873 6036
6596 6611
3266 3885
8935 1033
4956 7783
8381 492
7271 1853
5789 4407
7592 4173
2011 8040
458 7428
9949 9990
9184 1525
9193 6478
7135 4519
1852 8416
9142 650
2435 2785
8683 9099
3635 5174
8075 662
6249 534
9856 1111
7512 6460
7466 2514
4629 6895
7280 6345
1555 5429
2655 8865
3350 1632
6349 1039
8862 5435
6318 2237
1479 8666
4698 878
7460 259
2569 5729
6563 5718
2308 61
6932 8627
1915 1408
8795 9774
5950 8494
6615 5146
9523 9608
571 3880
1044 4166
3466 691
2699 1877
1272 3781
589 5107
9812 1855
5926 9941
7152 8870
4699 7759
1351 7642
9512 6433
1646 5606
6084 7829
5188 7847
6499 8174
9557 8712
6355 7387
8711 6570
4455 8559
52 9604
5494 7804
8970 1769
4850 7251
4144 9543
8684 5759
7427 4107
7842 2873
395 1312
7330 1775
199 3991
1771 480
2387 8503
7394 1621
2836 3101
3818 2169
3347 4825
2304 8867
875 6840
9519 1815
4905 8646
6294 95
8227 7598
8817 878
8374 5386
7052 8030
3977 5097
607 5687
6108 4178
2046 2225
3808 4966
2660 9110
1079 2444
6340 3528
6715 1536
9468 6913
2522 4504
9149 3927
3835 4169
3556 151
4209 236
7541 7946
325 7731
2797 833
1480 3079
2853 9831
5549 9667
9652 6398
6341 7015
7744 3450
2514 5526
4866 7267
9316 7666
9339 6674
5858 8584
7048 2048
6684 3704
5467 6912
8348 1830
5765 4800
2525 9782
525 13
5657 8214
2970 3091
6756 1774
5932 4823
7279 3285
3266 8408
1480 5218
6202 5981
2337 8424
5997 1113
9664 9367
1493 4865
728 5062
7295 3888
1947 2570
5210 5552
5904 8282
5215 1231
8322 7695
8470 4380
5368 9247
2264 5377
8857 5110
4560 754
3517 9637
2550 7563
8773 4109
3546 2785
2994 541
9006 3107
4541 7549
3992 8213
3638 2202
7505 4185
7509 5188
1243 6014
1446 8041
665 977
8148 1093
9659 4882
4560 4219
6924 3622
1475 8443
3515 2622
4808 3402
347 1650
30 4527
8872 6150
8361 9447
5727 3615
9781 9615
5339 3654
992 105
5240 9557
8395 5499
327 187
626 603
6485 8123
3178 1685
4852 2694
8492 8876
4848 9462
9021 9987
1684 9812
5980 3266
8982 7783
6287 1556
2043 9673
1140 5641
9403 337
