1000 2
8075 662
4816 3610
7681 9822
7078 5519
882 2359
8329 5908
1432 5871
1190 5043
5932 4823
9438 5095
9241 6499
5415 3986
6267 5783
2369 7518
3546 2269
9949 9990
7787 6368
2047 7290
5093 57
3717 3632
4262 6041
8247 5952
3466 1692
4391 2797
3548 5289
3266 3885
5789 4407
4040 6560
5240 9101
3663 2014
5683 6478
7460 259
9750 6129
8303 1453
4461 5834
4288 9678
7193 2864
7785 1654
5151 9227
9659 4882
3347 4825
8492 8876
9022 5205
7541 7946
6022 7690
4537 9483
1852 8416
3546 2785
1444 6154
6046 5564
8714 6752
3072 2545
9700 2648
4092 7446
8799 8859
7089 7479
4826 5991
8680 25
2304 8867
6738 5584
5743 7563
8366 2515
8671 9224
5849 4489
4761 578
7732 6620
4541 9006
4039 897
8112 1739
1358 8661
8001 519
3586 2897
1715 3828
4808 3402
1859 417
1910 6486
6396 8126
1037 2032
8820 1544
9695 6841
3393 4629
299 7413
1573 9315
5023 2165
6876 7535
6255 8316
4866 7267
7072 8138
9664 850
5705 9473
5752 4157
4167 2859
5118 2145
3117 9609
8684 5759
406 6247
8971 1120
7930 2765
7030 8566
2554 1132
5188 7847
1498 1668
4874 249
9490 6214
8588 4984
7150 7313
8548 4145
1276 9832
4476 3873
9234 6769
7512 6460
7627 1149
5270 1636
1944 4494
4634 6124
4775 3655
1633 3805
1547 2992
4541 7549
5526 9419
1167 8667
421 4581
6801 5261
893 392
2331 6883
6932 8627
1771 480
873 6036
9170 6567
3466 691
5637 7218
7949 2219
1451 2922
5046 5200
7712 9100
8348 1830
8395 5499
2377 7632
4445 4902
7170 5582
9130 4569
2752 3227
2264 5377
7271 1853
9516 1953
8573 3838
5646 3737
2308 61
5236 7794
5368 9247
8316 7814
6101 5833
3033 75
3977 5097
4982 1179
607 2358
1623 3312
2573 472
2060 5520
2642 4862
5904 8282
9057 6349
2043 9673
2836 3101
8000 5884
6560 1078
2066 8826
327 187
2525 9782
8649 3969
1446 8041
9076 9180
4401 5467
6744 8753
969 114
4487 7354
7444 7480
7925 155
727 9324
5893 3741
5762 2296
5901 7064
7578 9899
3400 1879
2058 3771
5423 7292
9557 8712
9184 1525
1631 1995
6341 7015
7404 4738
2881 4682
5778 3946
5011 1070
6522 4054
9781 9615
4928 4469
9201 8730
6130 852
9677 8947
9827 8629
1467 2538
1114 9712
6318 2237
3638 2202
252 8195
8612 1433
3068 7534
8406 9555
9302 3795
992 105
5537 2926
3286 2525
5629 3648
4796 953
284 3192
2699 1877
589 5107
5187 5819
9050 9374
682 7030
419 8167
4523 467
5657 8214
6789 8132
859 1526
6043 2669
6817 8959
9573 2681
9097 9633
4852 2694
2922 5330
9775 4769
1441 2607
2446 6905
4090 2300
1140 5641
4144 9543
3338 2055
2424 7429
1250 9159
8773 4109
7135 4519
186 4566
9001 7973
1906 2610
6682 3709
8301 7589
1212 7310
9913 779
1141 3265
3361 3330
2511 7810
6536 3263
759 918
5370 4383
6897 110
6653 9835
8817 878
3314 5343
7639 431
9335 2054
8048 3666
3818 2169
3646 7636
153 1460
8495 8445
62 9506
9124 6086
6147 2116
420 9752
2401 6074
7330 1775
5210 5552
3697 9391
1577 3541
1270 8644
9866 6564
3676 3827
9192 2314
3724 8981
5418 9628
7709 3265
8935 1033
4718 7161
8628 8958
3265 3982
3823 7363
8357 5083
7414 3535
9489 3197
1472 5494
9886 65
2300 9910
3515 2622
6345 103
7724 5516
3123 9539
4725 1662
6756 1774
5368 5437
2153 107
1111 6742
4792 693
3274 7534
3270 9873
6955 6108
512 5719
1886 5104
1932 1057
1301 2542
5222 4979
3010 1617
8886 6027
8554 9327
6374 8886
4608 4375
3914 2044
7280 6345
8608 9835
8433 7215
7907 4034
4324 9378
4890 5607
3087 9497
5201 4696
4372 1029
7397 6949
3256 6848
2550 7563
2053 5100
7741 6671
410 3222
9652 6398
8872 6150
8310 1699
5744 5366
5621 6119
5481 55
571 3880
4502 1056
7937 7149
1475 8443
2119 4365
8927 3134
3211 6482
4381 4029
6742 579
7505 4185
6686 3210
1108 5805
2797 833
5727 3615
1107 5016
3065 7093
9843 8081
4799 3777
2662 2741
9322 7914
6615 5146
699 5742
406 3327
5454 6583
4021 648
5765 4800
5160 2528
1325 7831
30 4527
728 5062
682 5103
122 4910
5549 9667
3400 2499
4629 6895
4369 9487
9850 1609
4145 9746
199 3102
9965 6344
4456 8165
9089 2293
3710 3188
14 4904
3517 9637
6924 3622
7981 9676
360 6949
2720 5915
75 2194
5905 4864
7707 4982
5467 6912
753 6143
6301 9480
4945 6479
6291 3809
8395 3909
8292 6680
4855 3358
3346 3453
4244 9821
2474 2882
1745 8699
7700 7385
1652 4946
4237 1773
6800 2094
7489 5689
8076 2341
8943 2010
1401 166
8651 859
3156 3061
6684 3704
1846 6343
7390 2178
5858 8584
9903 157
5388 5950
8968 319
2470 3386
4560 4219
8460 6889
9122 1918
4973 177
6569 479
8362 2189
6573 8864
6344 8166
4952 2663
4855 86
2795 621
2916 2107
6922 4213
8394 4447
2484 2474
8352 303
7619 2039
6699 5824
6294 95
685 3576
52 9604
8727 4351
8934 510
8016 2297
8786 9117
7995 885
9838 819
8930 7374
1684 9812
8953 9934
5163 8235
4656 6213
9156 9403
8148 1093
2852 1801
9467 2100
1555 5429
7966 7993
1338 9231
3291 6500
7627 6690
4392 9259
8361 9447
9077 6546
2944 4587
4387 5176
7279 3285
8549 6403
5233 2826
3327 6042
4863 6015
1697 4182
9200 6971
4389 5615
3055 3936
2853 9831
5889 675
7547 8938
9249 1709
2278 5222
5176 5233
458 7428
5036 572
5460 7340
2338 4159
1184 3912
480 2979
2866 8222
866 2185
3088 5267
9996 2033
5158 2201
7592 4173
5215 1231
3638 4268
2773 7210
9149 3927
2804 7509
8215 3617
9329 6790
2714 9512
6156 8050
8908 2007
8232 1242
1080 9599
4571 3051
6334 7377
7780 3149
8711 6570
8250 96
4560 754
1781 4771
525 4450
5281 7673
8664 7495
8501 773
8848 2884
4889 3787
5356 6242
8432 7992
5168 3097
9022 4883
554 6706
1636 512
7169 3281
2936 4968
3002 6787
1428 4927
8381 492
665 977
5187 5904
323 5462
5169 5145
6340 3528
7753 5789
6771 7771
3158 4636
8947 8865
2522 4504
3266 8408
8730 4699
8683 9099
6499 8174
4835 7909
2499 8319
865 6420
590 6381
3695 7817
4709 4604
5240 9557
3636 3752
3512 5827
801 5774
9447 4040
940 847
9536 4785
8982 7783
1568 956
5325 2970
3556 151
9342 1613
7404 7967
9316 7666
4825 3476
8638 9225
6355 7387
3117 1962
582 8056
5387 7495
4956 7783
8631 2154
2329 3007
3178 1685
8644 9753
2713 2570
8795 9774
6904 8625
1740 5965
1980 190
8159 9727
5578 5536
6130 8304
1480 5218
9113 3809
1351 7642
4336 5730
7054 2985
5844 1715
3902 5569
3041 6189
6242 9526
2457 7932
1646 3195
6120 4096
589 6588
7052 8030
6645 5150
2745 7071
626 603
5101 531
914 1774
9519 1815
1243 6014
3629 9258
4100 9488
8017 1929
9812 1855
9021 9987
9847 1699
2046 2225
1626 3100
5615 7422
1942 6860
6864 2301
8559 2903
7509 5188
5623 8163
4011 1371
2043 4813
9919 9439
9052 4490
8409 4671
1405 2058
1891 3328
4453 2944
1268 9498
9082 4069
5128 5541
1926 2074
3530 5984
4549 735
1271 8601
9523 9608
8350 8233
9468 6913
3835 907
9512 6433
3759 3539
9738 5085
6838 21
8204 7720
4979 8737
8791 7824
9006 3107
5977 3110
2350 5833
6249 534
1210 3929
6671 4139
6386 590
9031 1949
7759 8930
4606 4641
4699 7759
9250 8278
526 1323
8227 7598
875 6840
7711 9136
8681 4161
5392 479
6485 8123
1017 2881
3009 9822
2895 7531
3870 1006
4468 3852
751 9284
199 3991
3098 9385
2255 8657
1438 4972
6287 1556
2931 1347
8695 8603
5815 4389
7361 3164
3266 9385
4254 271
6370 1858
1730 9392
8639 3676
6084 7829
1784 6804
9473 7739
2678 3983
7905 2717
2444 484
5254 6098
7728 7390
2629 5614
4004 7074
6433 2790
7162 6824
8857 5110
6474 7338
5650 3927
6656 843
3692 6872
6978 2005
3808 4966
1473 8907
8942 4171
8217 7456
8667 3220
2387 8503
9020 4158
3635 5174
5016 5048
5352 1661
5463 2218
4905 8646
4151 3089
8458 388
8027 4538
1479 8666
5708 1079
670 2591
7631 6935
435 486
7406 7886
1826 9614
7613 8072
5900 6414
2655 8865
7465 9372
949 858
857 3427
8014 7516
268 645
6757 2203
645 2680
5442 2661
757 3992
8822 2340
1265 6516
9885 8223
8330 5507
9233 6120
5761 2829
3258 4219
9259 395
1272 3781
5926 9941
6681 1001
8386 8862
6086 7726
4406 1460
1493 4865
6516 936
1212 4604
2116 1122
4058 8677
2976 304
4445 4837
410 5518
1947 2570
1824 47
6927 4408
7295 3888
7779 6409
5545 5615
4469 676
3967 8916
2423 1811
8620 2747
3979 7656
7788 5899
9335 490
3765 1840
7152 8870
6715 1536
9832 1866
2577 9132
9575 7772
5895 2889
6981 7430
6108 4178
8747 1421
6901 1379
2402 1249
9420 9964
1044 4166
8276 5627
960 766
3551 9841
9139 8009
5398 4980
5339 3654
3835 4169
9339 6674
8839 7544
7377 7286
4354 5014
9557 722
6213 213
1079 2444
7427 4107
8470 4380
6769 4805
648 6580
2524 8732
8374 5386
2337 8424
5662 9180
1690 6269
4698 878
4400 4238
1879 6344
5633 4327
7495 1313
3980 712
3575 5040
3180 1616
7726 5045
3158 8727
1846 1114
347 1650
4209 236
7788 1677
6479 9439
2994 541
5739 5569
8465 1942
4444 3436
5494 7804
2265 7145
6403 2974
540 1985
3313 5056
3992 8213
4455 8559
5983 7246
3549 8002
9402 4396
395 1312
3714 1707
2435 2785
7048 2048
6177 1672
607 5687
5962 2945
2447 7476
4593 4837
6280 3020
8209 9447
9345 8889
738 5976
1646 5606
8524 9814
362 2076
832 3629
9193 6478
7525 9973
3416 6134
9974 8870
4554 7653
6826 2644
3166 8209
2621 9982
8876 9369
367 8896
5997 1113
4618 8767
7789 8382
2569 5729
8491 6742
4448 5895
4985 6650
7466 2514
3098 4272
40 7813
690 5158
9664 9367
7895 3029
8643 5292
292 4947
5894 2745
2660 9110
6480 7424
2405 3418
1480 3079
7744 3450
3657 8347
525 13
8133 9170
5702 9381
5741 3572
8305 2563
9567 1495
6563 5718
1710 254
2514 5526
6567 6391
5021 5930
8654 4880
6202 5981
5073 6664
8026 1519
6206 4049
9434 7795
9142 650
8563 6819
122 659
3022 4619
7394 1621
8478 7752
6344 4760
5883 9124
5160 6739
3160 6254
4032 6052
5787 5604
9217 1590
7958 3109
7842 2873
7917 4227
5272 6974
716 5809
4718 8515
8624 8395
3319 7164
3487 5387
6940 2998
7767 1464
6967 7221
2977 8244
2970 3091
1138 6081
4742 9718
8050 237
8507 2647
8971 9262
8955 1592
3350 1632
145 3824
8862 5435
2358 8426
3244 2458
8376 5394
7894 9503
2789 2502
3233 7357
2573 5320
3326 2378
9940 2953
2011 8040
9584 1800
1758 8138
6349 1039
482 928
9093 2571
8198 585
6596 6611
9625 4365
8786 7706
9856 1111
4091 8092
3945 4057
5980 3266
2257 2303
1133 1184
9403 337
2835 1718
3481 4952
1091 7983
2507 6645
8970 1769
2620 1968
9120 1111
7894 2906
1419 3190
1275 2791
2181 2557
1915 1408
342 8896
751 5724
325 7731
6539 9356
4850 7251
3764 2752
5609 1525
4963 8654
6251 7171
1520 15
8322 7695
4151 6763
8756 5315
8972 2453
8745 2735
259 7934
37 8032
1519 4585
7480 246
7802 4832
1060 3352
4848 9462
5950 8494
5082 3126
