1000 2
589 5107
7397 6949
3326 2378
1573 9315
2424 7429
9913 779
259 7934
1891 3328
6656 843
3265 3982
3481 4952
2573 5320
9700 2648
5926 9941
2931 1347
9076 9180
8217 7456
1480 5218
4324 9378
5977 3110
7726 5045
1932 1057
9259 395
8559 2903
1190 5043
8612 1433
2350 5833
7711 9136
9201 8730
62 9506
6344 8166
9139 8009
1646 3195
2499 8319
8492 8876
6374 8886
4985 6650
7279 3285
5761 2829
3266 9385
9082 4069
6340 3528
3055 3936
6251 7171
421 4581
1441 2607
4835 7909
5549 9667
7788 5899
682 5103
8588 4984
1351 7642
3466 691
4092 7446
7052 8030
5844 1715
7741 6671
682 7030
9089 2293
1944 4494
7078 5519
6978 2005
2405 3418
4387 5176
37 8032
5163 8235
8322 7695
3914 2044
5011 1070
2752 3227
3657 8347
4848 9462
5762 2296
7712 9100
7480 246
607 2358
2369 7518
122 4910
3022 4619
7466 2514
626 603
4618 8767
8001 519
199 3102
1826 9614
582 8056
6334 7377
7744 3450
4400 4238
6177 1672
2457 7932
4928 4469
5368 5437
8839 7544
9965 6344
410 3222
1473 8907
9434 7795
1017 2881
2922 5330
1446 8041
4453 2944
4354 5014
5615 7422
9490 6214
5883 9124
5023 2165
8681 4161
3068 7534
9447 4040
9850 1609
52 9604
4145 9746
9847 1699
9775 4769
8112 1739
2936 4968
8159 9727
5545 5615
6864 2301
6344 4760
7150 7313
8209 9447
6738 5584
2976 304
2278 5222
4455 8559
2060 5520
7495 1313
199 3991
9200 6971
7541 7946
9113 3809
9093 2571
5894 2745
3319 7164
8395 5499
1745 8699
4090 2300
2550 7563
4445 4902
3586 2897
3400 2499
1138 6081
8406 9555
2642 4862
8639 3676
7414 3535
8942 4171
875 6840
8644 9753
3515 2622
1555 5429
9664 9367
2358 8426
9996 2033
648 6580
2569 5729
2446 6905
2773 7210
1212 7310
367 8896
9124 6086
6349 1039
5889 675
8927 3134
5281 7673
8822 2340
2264 5377
6396 8126
6499 8174
1493 4865
9659 4882
4956 7783
9184 1525
6596 6611
2977 8244
5741 3572
9903 157
7505 4185
2789 2502
6789 8132
859 1526
6480 7424
1133 1184
5983 7246
759 918
8250 96
8362 2189
8620 2747
1846 1114
1114 9712
8971 1120
2795 621
7048 2048
3009 9822
4826 5991
1479 8666
992 105
5789 4407
6924 3622
2304 8867
5683 6478
4905 8646
1519 4585
8799 8859
7162 6824
1547 2992
2338 4159
3487 5387
960 766
8348 1830
8376 5394
8432 7992
2444 484
7802 4832
6046 5564
3575 5040
5187 5904
8352 303
5201 4696
7627 6690
2678 3983
9031 1949
4039 897
6645 5150
5765 4800
1715 3828
2255 8657
7732 6620
6101 5833
1690 6269
6940 2998
1444 6154
589 6588
323 5462
5662 9180
6922 4213
6684 3704
406 3327
540 1985
3088 5267
7681 9822
1270 8644
6756 1774
8478 7752
8027 4538
6671 4139
7767 1464
6771 7771
8198 585
4855 86
7460 259
5093 57
5016 5048
8654 4880
3546 2269
347 1650
7917 4227
1886 5104
8075 662
9192 2314
716 5809
410 5518
3835 907
5370 4383
665 977
395 1312
9467 2100
8638 9225
9652 6398
1338 9231
6653 9835
728 5062
4852 2694
7787 6368
6206 4049
9335 2054
873 6036
5168 3097
3530 5984
6682 3709
5398 4980
8862 5435
7619 2039
9750 6129
866 2185
5418 9628
3244 2458
1480 3079
3717 3632
4288 9678
1432 5871
3010 1617
3549 8002
1141 3265
7981 9676
8292 6680
5151 9227
9097 9633
751 5724
3636 3752
482 928
3818 2169
8014 7516
1358 8661
6981 7430
8133 9170
2804 7509
5101 531
6560 1078
2745 7071
3258 4219
2573 472
5188 7847
571 3880
4058 8677
7135 4519
9832 1866
7753 5789
122 659
4336 5730
2970 3091
3117 9609
292 4947
2047 7290
5356 6242
5609 1525
4541 7549
5637 7218
5633 4327
9233 6120
3266 3885
5743 7563
1577 3541
4799 3777
7394 1621
4151 6763
8247 5952
7709 3265
2577 9132
685 3576
1710 254
7170 5582
914 1774
5997 1113
8148 1093
5270 1636
6801 5261
7592 4173
8727 4351
8972 2453
6474 7338
4456 8165
1636 512
9022 5205
1942 6860
8329 5908
2852 1801
7054 2985
3156 3061
480 2979
7895 3029
8631 2154
9339 6674
4973 177
893 392
8947 8865
5233 2826
6516 936
1111 6742
3033 75
1184 3912
4444 3436
4808 3402
9536 4785
14 4904
3072 2545
9575 7772
8971 9262
5442 2661
3314 5343
9050 9374
3233 7357
1879 6344
8507 2647
6130 8304
3347 4825
1419 3190
8465 1942
4100 9488
7030 8566
5494 7804
3663 2014
9489 3197
7280 6345
5036 572
3512 5827
3327 6042
8563 6819
6927 4408
9149 3927
75 2194
4863 6015
8943 2010
1915 1408
9738 5085
3002 6787
4537 9483
9812 1855
7509 5188
7700 7385
362 2076
3098 4272
8366 2515
727 9324
512 5719
3548 5289
3117 1962
4761 578
9345 8889
5950 8494
9695 6841
7512 6460
4792 693
9142 650
2713 2570
5778 3946
8791 7824
6108 4178
4945 6479
6681 1001
1325 7831
857 3427
8381 492
8671 9224
2720 5915
8982 7783
2181 2557
3759 3539
4560 4219
3211 6482
2331 6883
7958 3109
325 7731
7465 9372
40 7813
8786 7706
9021 9987
4889 3787
525 13
3123 9539
645 2680
186 4566
5537 2926
4866 7267
757 3992
4406 1460
6280 3020
8730 4699
4629 6895
2836 3101
8501 773
5325 2970
8848 2884
3980 712
3256 6848
3551 9841
6130 852
2655 8865
5463 2218
8667 3220
3697 9391
7377 7286
3291 6500
4011 1371
1210 3929
6291 3809
7949 2219
8573 3838
525 4450
7995 885
3629 9258
6573 8864
9250 8278
1771 480
3992 8213
7489 5689
4032 6052
1852 8416
4825 3476
7525 9973
8227 7598
3546 2785
3178 1685
4890 5607
5904 8282
4468 3852
6202 5981
7789 8382
1405 2058
3274 7534
6433 2790
1758 8138
3635 5174
3646 7636
3692 6872
4816 3610
4392 9259
3466 1692
5210 5552
6615 5146
6539 9356
3714 1707
526 1323
882 2359
7578 9899
8276 5627
9022 4883
5932 4823
5905 4864
1268 9498
3098 9385
1859 417
6287 1556
865 6420
6120 4096
8330 5507
3313 5056
3676 3827
7613 8072
4389 5615
2525 9782
7444 7480
8549 6403
5187 5819
4952 2663
2046 2225
2944 4587
3945 4057
1631 1995
8310 1699
670 2591
8857 5110
4549 735
1060 3352
9838 819
1824 47
8714 6752
5254 6098
3823 7363
2043 4813
4461 5834
9974 8870
4040 6560
6742 579
5739 5569
6341 7015
9885 8223
1730 9392
949 858
6147 2116
9241 6499
1107 5016
6084 7829
8395 3909
4796 953
4709 4604
8886 6027
9523 9608
6022 7690
9329 6790
4593 4837
6355 7387
4699 7759
3266 8408
6686 3210
4523 467
6386 590
607 5687
1271 8601
2866 8222
6485 8123
3338 2055
1265 6516
8953 9934
1910 6486
8026 1519
4608 4375
8773 4109
9919 9439
6897 110
5272 6974
7639 431
5046 5200
2554 1132
8548 4145
5657 8214
5215 1231
4244 9821
7361 3164
2053 5100
1467 2538
5787 5604
4725 1662
5352 1661
4656 6213
5705 9473
3835 4169
6536 3263
9322 7914
1784 6804
6569 479
4982 1179
8409 4671
8394 4447
252 8195
738 5976
5629 3648
8876 9369
4487 7354
3638 4268
327 187
5423 7292
5752 4157
9006 3107
6757 2203
2994 541
6086 7726
2620 1968
6267 5783
5073 6664
8470 4380
1626 3100
9573 2681
3764 2752
4144 9543
8934 510
420 9752
5339 3654
2119 4365
7724 5516
2066 8826
6403 2974
9077 6546
7193 2864
2387 8503
5815 4389
2853 9831
2058 3771
8795 9774
1079 2444
1428 4927
8817 878
7894 9503
7404 4738
6242 9526
6043 2669
5962 2945
554 6706
8016 2297
3393 4629
5893 3741
4469 676
940 847
7330 1775
8664 7495
8050 237
9677 8947
9519 1815
2714 9512
1091 7983
8374 5386
8433 7215
4262 6041
2474 2882
5128 5541
3416 6134
5526 9419
4634 6124
9584 1800
4401 5467
9130 4569
7404 7967
8305 2563
9020 4158
4445 4837
9052 4490
6904 8625
2329 3007
2660 9110
9170 6567
360 6949
1947 2570
8495 8445
8301 7589
3695 7817
1250 9159
9402 4396
2377 7632
8695 8603
6876 7535
7905 2717
3977 5097
6769 4805
4874 249
8872 6150
6932 8627
8628 8958
7728 7390
8624 8395
1684 9812
9217 1590
2629 5614
1212 4604
2470 3386
4237 1773
3710 3188
5222 4979
4554 7653
8756 5315
9403 337
8820 1544
832 3629
2511 7810
5240 9101
5901 7064
6838 21
1498 1668
2835 1718
8711 6570
4391 2797
8970 1769
5900 6414
4167 2859
2011 8040
8524 9814
9057 6349
7390 2178
2524 8732
7930 2765
2484 2474
5858 8584
8649 3969
6213 213
8350 8233
4541 9006
5387 7495
5160 6739
3808 4966
9342 1613
3087 9497
1037 2032
8683 9099
6955 6108
2916 2107
4004 7074
5169 5145
6255 8316
7152 8870
2423 1811
342 8896
2895 7531
6301 9480
5082 3126
9420 9964
753 6143
5392 479
30 4527
9335 490
9781 9615
1276 9832
1926 2074
3517 9637
1140 5641
7627 1149
9122 1918
8460 6889
7072 8138
6156 8050
4381 4029
6826 2644
9557 722
2662 2741
1697 4182
5980 3266
1652 4946
153 1460
690 5158
5176 5233
458 7428
7547 8938
6744 8753
2116 1122
4850 7251
9234 6769
9468 6913
7427 4107
2522 4504
4372 1029
3065 7093
9316 7666
1646 5606
3158 4636
7780 3149
1438 4972
9473 7739
3902 5569
2337 8424
6817 8959
1301 2542
2699 1877
4979 8737
3286 2525
4560 754
1623 3312
6249 534
9001 7973
419 8167
7406 7886
7788 1677
3166 8209
8076 2341
5623 8163
3158 8727
801 5774
1451 2922
4963 8654
8684 5759
8608 9835
5744 5366
6715 1536
8935 1033
5454 6583
1633 3805
9866 6564
406 6247
8491 6742
3556 151
5388 5950
5240 9557
7295 3888
1272 3781
3160 6254
3400 1879
6967 7221
5727 3615
8786 9117
2153 107
5702 9381
4606 4641
7707 4982
4021 648
8968 319
590 6381
3638 2202
3350 1632
435 486
7907 4034
751 9284
8000 5884
5621 6119
4254 271
2447 7476
1167 8667
5650 3927
2265 7145
7631 6935
7894 2906
6345 103
2300 9910
2881 4682
5118 2145
3870 1006
4448 5895
9302 3795
4209 236
1080 9599
9249 1709
5415 3986
6522 4054
4476 3873
2257 2303
3724 8981
7779 6409
3361 3330
8361 9447
1243 6014
8554 9327
5646 3737
5160 2528
5481 55
7842 2873
8745 2735
1740 5965
9512 6433
8680 25
9156 9403
6563 5718
1044 4166
4091 8092
4718 7161
8386 8862
9664 850
9567 1495
9120 1111
1781 4771
6294 95
8955 1592
8651 859
6567 6391
1475 8443
1401 166
1472 5494
7966 7993
8316 7814
6479 9439
8357 5083
7785 1654
8215 3617
8204 7720
9949 9990
4151 3089
3270 9873
2514 5526
4571 3051
2621 9982
299 7413
8930 7374
2308 61
2797 833
8232 1242
8017 1929
8643 5292
3180 1616
4698 878
3041 6189
4855 3358
284 3192
5021 5930
8303 1453
9856 1111
6318 2237
1520 15
7759 8930
969 114
9843 8081
6370 1858
2401 6074
6901 1379
9438 5095
3765 1840
9940 2953
145 3824
9886 65
6800 2094
7169 3281
5895 2889
3967 8916
2043 9673
4502 1056
4742 9718
699 5742
1980 190
1568 956
4775 3655
9557 8712
9193 6478
2402 1249
5849 4489
5236 7794
9625 4365
7089 7479
7937 7149
268 645
1275 2791
5158 2201
4718 8515
9516 1953
8747 1421
8908 2007
4369 9487
5467 6912
3979 7656
1906 2610
6699 5824
5708 1079
8048 3666
7271 1853
8458 388
1108 5805
5460 7340
5578 5536
1846 6343
5368 9247
7925 155
2435 2785
3346 3453
2507 6645
9827 8629
