1000 2
252 8195
1879 6344
9664 850
4890 5607
8301 7589
1141 3265
1419 3190
3416 6134
6978 2005
4541 7549
9738 5085
2922 5330
6341 7015
2835 1718
992 105
9345 8889
5163 8235
1932 1057
7744 3450
875 6840
3346 3453
4288 9678
3002 6787
7966 7993
7788 5899
122 659
8247 5952
3945 4057
6922 4213
6318 2237
8947 8865
8822 2340
1646 3195
9659 4882
7732 6620
2573 472
5705 9473
2970 3091
2931 1347
1325 7831
3629 9258
9519 1815
1444 6154
7330 1775
5187 5904
753 6143
5629 3648
8159 9727
5997 1113
6291 3809
1428 4927
9259 395
4336 5730
8310 1699
6800 2094
1438 4972
4145 9746
3724 8981
2525 9782
9322 7914
9847 1699
360 6949
9201 8730
3914 2044
3515 2622
1351 7642
8316 7814
9438 5095
406 6247
8276 5627
2265 7145
4963 8654
7627 1149
9467 2100
1573 9315
8352 303
6901 1379
2642 4862
1243 6014
9093 2571
4448 5895
5016 5048
7759 8930
8664 7495
9903 157
1480 3079
6485 8123
6653 9835
4985 6650
699 5742
8857 5110
9233 6120
3487 5387
5176 5233
6479 9439
8730 4699
1715 3828
9949 9990
2994 541
2278 5222
4468 3852
8773 4109
3400 2499
4151 6763
9775 4769
9122 1918
7780 3149
7150 7313
6043 2669
8972 2453
3818 2169
5844 1715
5222 4979
2060 5520
6573 8864
6022 7690
1017 2881
5893 3741
3512 5827
8631 2154
3393 4629
5962 2945
7907 4034
4796 953
153 1460
4244 9821
1275 2791
8820 1544
395 1312
8667 3220
607 5687
6864 2301
1740 5965
9516 1953
8608 9835
4629 6895
832 3629
1276 9832
5356 6242
6744 8753
8681 4161
3180 1616
6202 5981
3117 9609
7779 6409
9856 1111
9130 4569
9652 6398
6897 110
670 2591
8470 4380
7406 7886
6249 534
4863 6015
6267 5783
8361 9447
3714 1707
5537 2926
2660 9110
5849 4489
3178 1685
4167 2859
3256 6848
716 5809
3967 8916
6294 95
5494 7804
1577 3541
4952 2663
8549 6403
7995 885
9567 1495
8460 6889
757 3992
8908 2007
6086 7726
9473 7739
5633 4327
4792 693
8374 5386
4254 271
9193 6478
8330 5507
8711 6570
6255 8316
5481 55
325 7731
8204 7720
7072 8138
7162 6824
14 4904
6287 1556
7444 7480
9170 6567
4549 735
9077 6546
7054 2985
6645 5150
4400 4238
6280 3020
3022 4619
3033 75
1636 512
3556 151
590 6381
1111 6742
7709 3265
7394 1621
2655 8865
7489 5689
7509 5188
8076 2341
8492 8876
2936 4968
1114 9712
4606 4641
8848 2884
4455 8559
9700 2648
7619 2039
2866 8222
3902 5569
122 4910
8348 1830
6932 8627
6682 3709
6213 213
6715 1536
6981 7430
525 4450
7465 9372
9403 337
2066 8826
9031 1949
2011 8040
9695 6841
5118 2145
2350 5833
6355 7387
9447 4040
9965 6344
2153 107
3638 4268
1942 6860
3835 4169
5254 6098
9625 4365
1270 8644
1479 8666
199 3102
7728 7390
1212 7310
6615 5146
9832 1866
3065 7093
8394 4447
6927 4408
2308 61
5744 5366
2797 833
6671 4139
9217 1590
2699 1877
6536 3263
8433 7215
2620 1968
8862 5435
1852 8416
7414 3535
2554 1132
2470 3386
9113 3809
6967 7221
8684 5759
6539 9356
8628 8958
8714 6752
727 9324
3274 7534
9097 9633
3575 5040
8495 8445
682 5103
8329 5908
5093 57
6789 8132
1697 4182
1547 2992
9342 1613
9523 9608
7547 8938
4444 3436
859 1526
2573 5320
7949 2219
7295 3888
5752 4157
6340 3528
6522 4054
7512 6460
2569 5729
1555 5429
327 187
4866 7267
8491 6742
5815 4389
8872 6150
8559 2903
5398 4980
6516 936
2714 9512
8756 5315
5233 2826
9184 1525
9249 1709
801 5774
1891 3328
1520 15
4855 3358
3072 2545
5650 3927
2895 7531
9082 4069
5188 7847
7427 4107
9156 9403
5339 3654
7700 7385
589 5107
2522 4504
5621 6119
4718 7161
9434 7795
7741 6671
3586 2897
4571 3051
5387 7495
8649 3969
3517 9637
37 8032
4698 878
2377 7632
8148 1093
5743 7563
665 977
4537 9483
7279 3285
3319 7164
5578 5536
9020 4158
1475 8443
8112 1739
145 3824
3764 2752
7894 2906
4090 2300
8016 2297
4100 9488
1493 4865
1631 1995
7726 5045
4742 9718
7271 1853
3338 2055
5073 6664
410 5518
7152 8870
8227 7598
5778 3946
2836 3101
3466 1692
8217 7456
4618 8767
866 2185
9022 5205
4554 7653
1250 9159
2795 621
873 6036
4850 7251
1405 2058
5549 9667
5392 479
4825 3476
2424 7429
3258 4219
9139 8009
420 9752
6349 1039
6130 8304
1167 8667
857 3427
6955 6108
9234 6769
2511 7810
1824 47
8971 9262
7707 4982
3979 7656
1272 3781
1480 5218
52 9604
7404 7967
6370 1858
5281 7673
4874 249
4354 5014
3400 1879
5388 5950
7052 8030
7958 3109
526 1323
1107 5016
645 2680
5609 1525
4392 9259
6433 2790
8362 2189
6120 4096
3551 9841
751 5724
3158 8727
9885 8223
6251 7171
3087 9497
1472 5494
1190 5043
6084 7829
8644 9753
3977 5097
2621 9982
8048 3666
9940 2953
9781 9615
7505 4185
8432 7992
1108 5805
8799 8859
6771 7771
2474 2882
1906 2610
4445 4837
347 1650
7089 7479
2507 6645
7460 259
259 7934
6480 7424
2337 8424
7404 4738
3266 8408
7930 2765
6826 2644
9750 6129
1401 166
6876 7535
1846 6343
2304 8867
2331 6883
5325 2970
4560 4219
4656 6213
4372 1029
8934 510
7048 2048
5169 5145
6738 5584
8381 492
8465 1942
5901 7064
6177 1672
2773 7210
1646 5606
5646 3737
3009 9822
8791 7824
1886 5104
1623 3312
9919 9439
8927 3134
8478 7752
3266 9385
6403 2974
8501 773
8968 319
5977 3110
3823 7363
5789 4407
8970 1769
8683 9099
2047 7290
3291 6500
1846 1114
4387 5176
5739 5569
6334 7377
5187 5819
5160 6739
4718 8515
419 8167
1771 480
2402 1249
4237 1773
4852 2694
7712 9100
5368 9247
9335 490
3546 2269
5460 7340
5463 2218
4541 9006
7169 3281
5545 5615
3717 3632
607 2358
480 2979
8620 2747
5727 3615
7030 8566
9812 1855
7681 9822
9120 1111
3676 3827
3055 3936
6567 6391
8573 3838
4445 4902
1498 1668
949 858
5932 4823
3041 6189
5787 5604
8303 1453
1784 6804
1710 254
2255 8657
8017 1929
3980 712
4011 1371
4560 754
4826 5991
6206 4049
8386 8862
6684 3704
268 645
4469 676
9001 7973
8971 1120
6242 9526
5368 5437
1826 9614
4816 3610
5158 2201
6817 8959
406 3327
5128 5541
1091 7983
540 1985
2457 7932
728 5062
1338 9231
7280 6345
7397 6949
1730 9392
8000 5884
1446 8041
8406 9555
8395 3909
2053 5100
5168 3097
7639 431
8001 519
1633 3805
2577 9132
9339 6674
5905 4864
2514 5526
7135 4519
8292 6680
6499 8174
2446 6905
5215 1231
8209 9447
3530 5984
6924 3622
8654 4880
8050 237
2300 9910
7613 8072
5895 2889
3158 4636
5423 7292
3695 7817
3117 1962
8786 7706
9124 6086
9584 1800
4979 8737
7390 2178
9316 7666
1210 3929
7711 9136
690 5158
5765 4800
5240 9101
8357 5083
8935 1033
9996 2033
1212 4604
9192 2314
960 766
3211 6482
4709 4604
4945 6479
2423 1811
8305 2563
4389 5615
1684 9812
9489 3197
6801 5261
6344 4760
9329 6790
1926 2074
7170 5582
2046 2225
9420 9964
2401 6074
2789 2502
8727 4351
4523 467
4982 1179
3350 1632
8624 8395
9142 650
8671 9224
3638 2202
5904 8282
7842 2873
292 4947
9022 4883
8395 5499
8524 9814
5467 6912
2499 8319
9827 8629
5950 8494
2976 304
3870 1006
865 6420
7480 246
9866 6564
9490 6214
1060 3352
199 3991
5021 5930
1133 1184
7788 1677
914 1774
9974 8870
3992 8213
323 5462
9575 7772
2852 1801
1441 2607
4699 7759
5240 9557
3123 9539
3266 3885
5160 2528
5082 3126
1568 956
4487 7354
3156 3061
2977 8244
8376 5394
2358 8426
6396 8126
8745 2735
6681 1001
4092 7446
4406 1460
9149 3927
8747 1421
2713 2570
75 2194
1519 4585
4608 4375
5442 2661
8612 1433
6569 479
3765 1840
7767 1464
1079 2444
8786 9117
6345 103
4799 3777
4973 177
2435 2785
2043 9673
9335 2054
8680 25
5883 9124
362 2076
6560 1078
5657 8214
1690 6269
3710 3188
1184 3912
8876 9369
3549 8002
4848 9462
3010 1617
3635 5174
9089 2293
8795 9774
2369 7518
1138 6081
4456 8165
40 7813
5236 7794
8215 3617
8507 2647
9302 3795
2329 3007
1626 3100
1432 5871
626 603
5023 2165
589 6588
1037 2032
4021 648
3068 7534
1915 1408
8943 2010
9512 6433
1473 8907
5980 3266
8953 9934
2484 2474
7495 1313
3314 5343
4040 6560
5210 5552
4634 6124
6344 8166
2678 3983
2387 8503
435 486
2043 4813
4369 9487
62 9506
4928 4469
7361 3164
1947 2570
5623 8163
8075 662
7631 6935
2881 4682
6699 5824
3808 4966
1044 4166
4039 897
4889 3787
9241 6499
582 8056
8638 9225
4381 4029
1910 6486
1301 2542
2944 4587
6386 590
8817 878
3166 8209
30 4527
940 847
8458 388
8588 4984
3646 7636
2745 7071
8639 3676
3327 6042
4502 1056
3636 3752
8366 2515
410 3222
8548 4145
1781 4771
6046 5564
2916 2107
2181 2557
9006 3107
342 8896
7078 5519
9536 4785
1980 190
5036 572
7905 2717
7802 4832
3286 2525
6147 2116
7193 2864
6838 21
367 8896
1140 5641
571 3880
2853 9831
8133 9170
7789 8382
3481 4952
5741 3572
5270 1636
4151 3089
3313 5056
3663 2014
2720 5915
9557 8712
4725 1662
4593 4837
5702 9381
9052 4490
421 4581
6769 4805
6756 1774
759 918
4262 6041
7785 1654
969 114
1265 6516
458 7428
5615 7422
4058 8677
5418 9628
3759 3539
2444 484
5526 9419
1944 4494
284 3192
4461 5834
5983 7246
6656 843
8563 6819
6940 2998
9468 6913
5454 6583
7377 7286
8198 585
2662 2741
2804 7509
1080 9599
3657 8347
2264 5377
9021 9987
5201 4696
6474 7338
5761 2829
4775 3655
9677 8947
2524 8732
4956 7783
9402 4396
7925 155
4091 8092
8942 4171
4324 9378
6563 5718
3326 2378
4855 86
4905 8646
2338 4159
9050 9374
5926 9941
3098 4272
3692 6872
4476 3873
3697 9391
8839 7544
4808 3402
8643 5292
1652 4946
5637 7218
9843 8081
7592 4173
9886 65
6757 2203
7525 9973
2447 7476
3088 5267
5762 2296
8695 8603
7981 9676
6108 4178
5272 6974
8014 7516
2752 3227
7541 7946
4391 2797
5900 6414
1745 8699
5858 8584
5415 3986
8982 7783
6742 579
5101 531
738 5976
3546 2785
3835 907
7894 9503
9250 8278
4761 578
6596 6611
9200 6971
554 6706
9557 722
8930 7374
751 9284
3347 4825
5894 2745
2629 5614
893 392
8651 859
8409 4671
2116 1122
7627 6690
9850 1609
2405 3418
4835 7909
3160 6254
5151 9227
8955 1592
3548 5289
5352 1661
7466 2514
1268 9498
6904 8625
3270 9873
9664 9367
7787 6368
5011 1070
4144 9543
3233 7357
8322 7695
5708 1079
8026 1519
1358 8661
1271 8601
5046 5200
5370 4383
7578 9899
8250 96
3466 691
2058 3771
685 3576
3361 3330
482 928
1467 2538
648 6580
1758 8138
5662 9180
186 4566
512 5719
7753 5789
9057 6349
4004 7074
6686 3210
8886 6027
8027 4538
6374 8886
1451 2922
7917 4227
8554 9327
7724 5516
4032 6052
682 7030
8232 1242
6101 5833
8350 8233
3098 9385
3265 3982
3244 2458
6301 9480
2257 2303
299 7413
525 13
2550 7563
9573 2681
9076 9180
6130 852
5683 6478
4209 236
9913 779
4401 5467
5889 675
1859 417
4453 2944
882 2359
7937 7149
9838 819
6156 8050
7895 3029
2119 4365
