1000 2
8362 2189
3326 2378
8357 5083
6267 5783
2405 3418
1275 2791
9142 650
8862 5435
5752 4157
8366 2515
1079 2444
37 8032
8001 519
6771 7771
2554 1132
342 8896
9659 4882
8942 4171
4608 4375
3178 1685
5893 3741
7802 4832
6349 1039
949 858
3180 1616
5858 8584
9250 8278
4372 1029
6876 7535
420 9752
1577 3541
3319 7164
7700 7385
8381 492
8361 9447
3977 5097
419 8167
1646 5606
4593 4837
8395 3909
480 2979
8559 2903
5765 4800
7444 7480
8548 4145
9329 6790
3346 3453
8048 3666
7030 8566
5787 5604
5977 3110
2881 4682
7193 2864
8955 1592
8112 1739
9447 4040
8817 878
6560 1078
5744 5366
4796 953
2358 8426
4979 8737
3350 1632
5387 7495
832 3629
3765 1840
8276 5627
8943 2010
8330 5507
8638 9225
4092 7446
3638 2202
1451 2922
8204 7720
9021 9987
145 3824
3022 4619
2119 4365
5415 3986
8460 6889
6904 8625
8930 7374
6901 1379
2329 3007
9113 3809
4032 6052
323 5462
7162 6824
9093 2571
1419 3190
5549 9667
3676 3827
9843 8081
5168 3097
4560 4219
5046 5200
8303 1453
7404 7967
4448 5895
9217 1590
2043 9673
8554 9327
9082 4069
5082 3126
9866 6564
8654 4880
3123 9539
9097 9633
3258 4219
4761 578
7480 246
893 392
5708 1079
3266 3885
5163 8235
6120 4096
5702 9381
4855 3358
5980 3266
9516 1953
8982 7783
9557 8712
4945 6479
1190 5043
2308 61
6287 1556
7788 1677
2474 2882
992 105
6757 2203
7789 8382
3517 9637
1519 4585
5187 5904
8756 5315
4144 9543
1745 8699
2444 484
1243 6014
865 6420
4461 5834
3002 6787
1301 2542
5983 7246
8573 3838
8492 8876
8872 6150
4973 177
8310 1699
8927 3134
8292 6680
9057 6349
6156 8050
3338 2055
2795 621
2994 541
3466 691
8683 9099
4718 8515
1044 4166
9575 7772
8747 1421
9557 722
1250 9159
3808 4966
6800 2094
4389 5615
7728 7390
1852 8416
7613 8072
3575 5040
2447 7476
2337 8424
4634 6124
8352 303
6242 9526
1555 5429
7495 1313
3156 3061
3291 6500
7894 2906
299 7413
727 9324
1824 47
5418 9628
6567 6391
8664 7495
2524 8732
4011 1371
7404 4738
3487 5387
1944 4494
6251 7171
4469 676
589 6588
410 5518
6924 3622
8820 1544
3967 8916
9467 2100
7150 7313
8247 5952
5463 2218
4254 271
2573 5320
857 3427
5646 3737
9130 4569
8250 96
3466 1692
1846 1114
4523 467
2257 2303
2745 7071
3818 2169
2577 9132
7744 3450
1212 4604
5128 5541
9170 6567
5962 2945
5356 6242
4775 3655
2931 1347
9919 9439
3714 1707
1697 4182
7592 4173
5021 5930
6355 7387
6386 590
2401 6074
1467 2538
3041 6189
8608 9835
7427 4107
3992 8213
3400 1879
4541 7549
9536 4785
3266 8408
5201 4696
3347 4825
3009 9822
4855 86
6699 5824
5339 3654
7390 2178
9885 8223
7981 9676
8651 859
1091 7983
8644 9753
5325 2970
5016 5048
6255 8316
8406 9555
1444 6154
7525 9973
3979 7656
9677 8947
3546 2269
7925 155
5997 1113
1080 9599
284 3192
682 5103
1441 2607
4606 4641
4090 2300
7295 3888
2514 5526
3870 1006
9940 2953
5118 2145
122 659
8839 7544
2699 1877
6838 21
395 1312
8316 7814
1710 254
5093 57
1906 2610
5537 2926
8822 2340
1498 1668
2181 2557
8935 1033
7726 5045
8684 5759
1740 5965
8215 3617
1879 6344
5950 8494
1859 417
4985 6650
4445 4837
347 1650
9775 4769
6370 1858
7394 1621
2621 9982
9434 7795
6596 6611
8491 6742
3160 6254
866 2185
7627 6690
5633 4327
7330 1775
5423 7292
3663 2014
540 1985
3481 4952
8159 9727
2278 5222
1401 166
5900 6414
7460 259
8886 6027
2620 1968
5023 2165
9781 9615
2424 7429
2678 3983
2642 4862
292 4947
1270 8644
4952 2663
2916 2107
5494 7804
2936 4968
6573 8864
9812 1855
1633 3805
9200 6971
8507 2647
7271 1853
8133 9170
8017 1929
2255 8657
6922 4213
9738 5085
6742 579
690 5158
8232 1242
3088 5267
8198 585
4699 7759
2387 8503
4387 5176
6046 5564
5467 6912
5650 3927
9664 850
3914 2044
7779 6409
2511 7810
6202 5981
9022 4883
7152 8870
8076 2341
3266 9385
7048 2048
1684 9812
7078 5519
8470 4380
7512 6460
9489 3197
8612 1433
4151 3089
4209 236
8795 9774
9827 8629
3244 2458
8394 4447
6249 534
8848 2884
9139 8009
1428 4927
7627 1149
4656 6213
5895 2889
2116 1122
5778 3946
6789 8132
435 486
8433 7215
6569 479
1826 9614
5905 4864
6563 5718
4468 3852
4982 1179
554 6706
8027 4538
4799 3777
4401 5467
52 9604
40 7813
757 3992
4537 9483
9302 3795
360 6949
607 2358
525 13
5281 7673
5352 1661
3638 4268
4852 2694
2836 3101
2499 8319
7547 8938
5789 4407
1265 6516
2835 1718
8908 2007
6345 103
2066 8826
3657 8347
4167 2859
2265 7145
2789 2502
5609 1525
9184 1525
8680 25
6715 1536
2053 5100
6344 8166
7895 3029
7937 7149
8000 5884
6756 1774
8643 5292
8786 9117
9903 157
7785 1654
3902 5569
859 1526
7135 4519
7949 2219
1480 3079
9031 1949
4808 3402
3546 2785
4956 7783
6864 2301
9750 6129
8432 7992
7505 4185
3823 7363
759 918
4288 9678
5662 9180
5454 6583
4725 1662
960 766
9468 6913
4792 693
2046 2225
1017 2881
3697 9391
8745 2735
3515 2622
5727 3615
738 5976
5368 5437
2853 9831
626 603
9335 490
3314 5343
482 928
2852 1801
2423 1811
6291 3809
1472 5494
3695 7817
1891 3328
7280 6345
3055 3936
5236 7794
6645 5150
6681 1001
4850 7251
4963 8654
2525 9782
9913 779
801 5774
3530 5984
4549 735
410 3222
7712 9100
4039 897
607 5687
2470 3386
75 2194
3117 1962
7788 5899
512 5719
5526 9419
1111 6742
4091 8092
8495 8445
5160 6739
406 6247
5158 2201
4237 1773
8631 2154
9996 2033
8791 7824
2457 7932
5932 4823
940 847
8934 510
8524 9814
1479 8666
9089 2293
4021 648
122 4910
3586 2897
3710 3188
4100 9488
7489 5689
4476 3873
4369 9487
645 2680
5388 5950
2300 9910
9342 1613
6022 7690
5481 55
5901 7064
9156 9403
1212 7310
458 7428
1475 8443
4742 9718
5210 5552
1781 4771
1473 8907
571 3880
5176 5233
268 645
9402 4396
9335 2054
526 1323
7741 6671
8563 6819
9122 1918
3286 2525
7397 6949
1568 956
914 1774
8376 5394
5743 7563
969 114
5739 5569
9077 6546
7753 5789
4816 3610
4560 754
4456 8165
3724 8981
7465 9372
1037 2032
2922 5330
9473 7739
8799 8859
5169 5145
8730 4699
6340 3528
8671 9224
7780 3149
7406 7886
5368 9247
8649 3969
259 7934
9695 6841
9050 9374
8695 8603
3072 2545
7619 2039
7541 7946
2264 5377
3270 9873
6499 8174
7170 5582
2662 2741
4541 9006
5460 7340
4826 5991
6516 936
5657 8214
3393 4629
1623 3312
6955 6108
3692 6872
2773 7210
1730 9392
186 4566
5904 8282
6344 4760
7414 3535
7787 6368
9949 9990
8857 5110
5442 2661
6522 4054
8624 8395
4381 4029
9201 8730
9233 6120
9249 1709
4629 6895
7709 3265
4406 1460
2507 6645
6086 7726
4244 9821
6738 5584
9001 7973
5815 4389
7631 6935
4905 8646
5240 9557
8227 7598
2484 2474
7732 6620
7842 2873
1338 9231
5741 3572
1268 9498
199 3102
6101 5833
9974 8870
1926 2074
8050 237
670 2591
1520 15
6817 8959
7509 5188
30 4527
8458 388
6615 5146
362 2076
2304 8867
3068 7534
6653 9835
6147 2116
6485 8123
4848 9462
7907 4034
4445 4902
5036 572
3233 7357
1980 190
2752 3227
7466 2514
3416 6134
8409 4671
4554 7653
8329 5908
5889 675
648 6580
6932 8627
525 4450
2573 472
6280 3020
1942 6860
1114 9712
2550 7563
4354 5014
1932 1057
2338 4159
8947 8865
8209 9447
1915 1408
6744 8753
6396 8126
7995 885
6374 8886
8016 2297
153 1460
14 4904
8639 3676
2713 2570
6671 4139
2369 7518
4392 9259
4487 7354
3313 5056
5187 5819
9850 1609
6684 3704
6897 110
1167 8667
1432 5871
6981 7430
8348 1830
682 7030
3361 3330
367 8896
5233 2826
7279 3285
9886 65
699 5742
3265 3982
582 8056
9490 6214
3945 4057
8971 1120
1271 8601
5883 9124
9573 2681
7966 7993
7578 9899
3980 712
5578 5536
2655 8865
8386 8862
1652 4946
9523 9608
2660 9110
8620 2747
5761 2829
4571 3051
1138 6081
7724 5516
9403 337
1784 6804
8350 8233
3548 5289
9832 1866
2569 5729
2377 7632
8374 5386
1405 2058
1438 4972
3158 8727
6294 95
9519 1815
4866 7267
9052 4490
7759 8930
6084 7829
3211 6482
4336 5730
6927 4408
6686 3210
6967 7221
5705 9473
9965 6344
5160 2528
5222 4979
3256 6848
882 2359
4928 4469
8628 8958
589 5107
2047 7290
2866 8222
5545 5615
3764 2752
4698 878
3327 6042
4391 2797
9192 2314
2446 6905
6479 9439
685 3576
2331 6883
8395 5499
2970 3091
7089 7479
1771 480
5370 4383
1947 2570
5188 7847
8727 4351
4262 6041
9120 1111
1276 9832
5615 7422
9584 1800
6108 4178
5623 8163
7930 2765
3274 7534
3556 151
4618 8767
1108 5805
1140 5641
5254 6098
9847 1699
7905 2717
6480 7424
3166 8209
4718 7161
4058 8677
8217 7456
62 9506
5398 4980
9022 5205
7169 3281
2435 2785
3636 3752
3551 9841
2058 3771
1184 3912
6334 7377
1758 8138
2804 7509
199 3991
873 6036
8773 4109
6474 7338
5621 6119
1626 3100
4889 3787
7917 4227
3065 7093
2714 9512
3629 9258
6403 2974
1715 3828
9345 8889
6769 4805
4863 6015
751 9284
6656 843
5240 9101
9339 6674
2895 7531
4709 4604
8714 6752
9020 4158
8876 9369
406 3327
6433 2790
751 5724
3087 9497
4890 5607
9438 5095
8667 3220
5011 1070
9700 2648
9149 3927
8305 2563
5215 1231
8588 4984
2011 8040
1573 9315
4502 1056
1446 8041
7072 8138
9316 7666
4453 2944
1690 6269
7681 9822
3512 5827
1210 3929
2043 4813
6341 7015
5629 3648
6826 2644
5151 9227
9567 1495
4004 7074
1272 3781
5849 4489
6682 3709
4040 6560
7377 7286
2629 5614
2976 304
252 8195
9076 9180
4825 3476
875 6840
728 5062
9664 9367
9512 6433
1631 1995
8786 7706
9322 7914
325 7731
753 6143
9241 6499
3549 8002
5101 531
3835 4169
6130 8304
1846 6343
5270 1636
2060 5520
7958 3109
8478 7752
9006 3107
8711 6570
1636 512
6318 2237
8026 1519
8322 7695
1480 5218
1325 7831
6130 852
1547 2992
1358 8661
3400 2499
6043 2669
4400 4238
5762 2296
590 6381
5073 6664
3759 3539
4145 9746
6539 9356
5683 6478
3717 3632
1493 4865
4455 8559
9625 4365
1910 6486
6301 9480
7707 4982
6206 4049
4835 7909
9652 6398
8971 9262
8681 4161
9124 6086
3010 1617
1060 3352
1886 5104
2522 4504
7639 431
1141 3265
3117 9609
2153 107
9259 395
8549 6403
327 187
4444 3436
8148 1093
6213 213
7052 8030
7054 2985
8970 1769
8501 773
5272 6974
3635 5174
4874 249
6940 2998
9234 6769
5894 2745
7894 9503
6536 3263
8014 7516
5392 479
9856 1111
8465 1942
716 5809
9838 819
8301 7589
3098 9385
9420 9964
8953 9934
3835 907
2797 833
1133 1184
2977 8244
3033 75
3158 4636
1107 5016
5926 9941
2402 1249
3098 4272
8972 2453
5844 1715
8968 319
6177 1672
2944 4587
4151 6763
7767 1464
2350 5833
7711 9136
5637 7218
8075 662
6978 2005
665 977
1646 3195
3646 7636
421 4581
9193 6478
2720 5915
1351 7642
7361 3164
6801 5261
4324 9378
