1000 2
8620 2747
199 3102
2046 2225
4151 6763
582 8056
1212 7310
6046 5564
8352 303
2569 5729
3256 6848
1325 7831
4369 9487
5021 5930
1044 4166
1473 8907
2304 8867
940 847
866 2185
8433 7215
3902 5569
8048 3666
3244 2458
4468 3852
9838 819
8968 319
8786 9117
8649 3969
323 5462
4456 8165
1652 4946
5980 3266
1547 2992
7930 2765
9233 6120
8215 3617
7512 6460
5415 3986
2474 2882
6563 5718
4541 9006
4336 5730
3977 5097
7925 155
670 2591
7509 5188
3400 2499
5932 4823
2329 3007
8303 1453
1852 8416
8683 9099
3233 7357
3710 3188
8217 7456
2257 2303
8654 4880
3663 2014
2752 3227
5093 57
1301 2542
5761 2829
1107 5016
5705 9473
3835 4169
3098 9385
9434 7795
3551 9841
8624 8395
5739 5569
1451 2922
5883 9124
4092 7446
5894 2745
7390 2178
4537 9483
3158 4636
1684 9812
2444 484
1631 1995
751 5724
2655 8865
4560 754
6615 5146
2931 1347
9750 6129
4593 4837
6433 2790
7030 8566
1272 3781
8381 492
8955 1592
1846 6343
6715 1536
8970 1769
8786 7706
5657 8214
9885 8223
284 3192
7444 7480
6789 8132
9940 2953
6255 8316
9156 9403
8822 2340
8250 96
8857 5110
5201 4696
8001 519
6567 6391
6202 5981
7802 4832
1859 417
1479 8666
6485 8123
960 766
2795 621
5463 2218
6682 3709
7072 8138
1646 5606
5016 5048
1926 2074
3009 9822
6924 3622
1824 47
9664 850
2401 6074
2621 9982
571 3880
1891 3328
8204 7720
3068 7534
2043 9673
8148 1093
6242 9526
6345 103
3258 4219
8628 8958
6801 5261
5187 5819
5633 4327
8507 2647
875 6840
6940 2998
540 1985
8664 7495
6318 2237
648 6580
8460 6889
2066 8826
3338 2055
9447 4040
9489 3197
1268 9498
9006 3107
8876 9369
1270 8644
9001 7973
4262 6041
645 2680
1141 3265
7279 3285
1826 9614
4445 4902
5176 5233
8014 7516
1715 3828
7150 7313
3266 8408
8076 2341
4718 7161
8501 773
1212 4604
8554 9327
4982 1179
2835 1718
2511 7810
4554 7653
2713 2570
7789 8382
4401 5467
2424 7429
6206 4049
5368 5437
6897 110
7949 2219
2573 5320
6653 9835
893 392
4392 9259
8361 9447
7547 8938
5889 675
949 858
7728 7390
1906 2610
7295 3888
1932 1057
5370 4383
8947 8865
1690 6269
9403 337
7054 2985
4011 1371
3041 6189
4288 9678
5240 9557
2116 1122
6043 2669
6287 1556
2522 4504
3010 1617
342 8896
5454 6583
5537 2926
2053 5100
7709 3265
8799 8859
759 918
1498 1668
6022 7690
7406 7886
9089 2293
7330 1775
8198 585
6922 4213
5708 1079
5997 1113
2331 6883
2423 1811
6876 7535
5621 6119
4487 7354
5398 4980
5526 9419
1446 8041
8394 4447
4455 8559
8745 2735
7780 3149
8432 7992
347 1650
5662 9180
362 2076
1740 5965
6084 7829
3676 3827
5615 7422
589 5107
8478 7752
5545 5615
6301 9480
5702 9381
410 3222
3361 3330
525 4450
5442 2661
3979 7656
7048 2048
9584 1800
7361 3164
5387 7495
2181 2557
5233 2826
832 3629
8292 6680
6536 3263
607 2358
7905 2717
5023 2165
6817 8959
969 114
7052 8030
2446 6905
8608 9835
3393 4629
4825 3476
3266 9385
3180 1616
9827 8629
2881 4682
122 4910
6386 590
8942 4171
435 486
6904 8625
9142 650
7842 2873
7937 7149
2402 1249
9625 4365
512 5719
7732 6620
7753 5789
9664 9367
5578 5536
8000 5884
8330 5507
1493 4865
7785 1654
1520 15
8908 2007
7724 5516
2153 107
410 5518
9812 1855
4928 4469
7995 885
3823 7363
1781 4771
6955 6108
801 5774
4799 3777
4453 2944
3530 5984
8227 7598
3692 6872
4461 5834
5388 5950
4571 3051
8862 5435
5637 7218
7397 6949
8612 1433
3835 907
7377 7286
8756 5315
4400 4238
14 4904
8927 3134
589 6588
665 977
5744 5366
3765 1840
2350 5833
9512 6433
4699 7759
1114 9712
9170 6567
2387 8503
4549 735
4254 271
8711 6570
3546 2269
8027 4538
9775 4769
2620 1968
8573 3838
6769 4805
3759 3539
4058 8677
9250 8278
4718 8515
8376 5394
3697 9391
4855 3358
5765 4800
1730 9392
8773 4109
4808 3402
1358 8661
1626 3100
690 5158
8695 8603
2265 7145
6756 1774
9241 6499
3211 6482
5549 9667
9050 9374
5046 5200
757 3992
9193 6478
3158 8727
8971 1120
4021 648
7700 7385
1879 6344
7627 1149
8667 3220
9567 1495
4905 8646
7525 9973
4389 5615
4979 8737
859 1526
526 1323
1275 2791
7505 4185
7466 2514
7613 8072
1250 9159
52 9604
7465 9372
5950 8494
751 9284
2745 7071
5977 3110
6864 2301
2720 5915
3319 7164
590 6381
4090 2300
4792 693
5741 3572
6516 936
1980 190
5743 7563
2970 3091
2300 9910
4476 3873
1210 3929
9996 2033
9847 1699
5844 1715
3980 712
5858 8584
9302 3795
3065 7093
8276 5627
3481 4952
1351 7642
3270 9873
3870 1006
8953 9934
419 8167
2804 7509
4816 3610
8639 3676
1338 9231
292 4947
8209 9447
4606 4641
6249 534
7152 8870
607 5687
5168 3097
5187 5904
8458 388
4956 7783
1405 2058
6901 1379
5163 8235
8817 878
2047 7290
4866 7267
62 9506
299 7413
8050 237
9536 4785
6645 5150
1091 7983
7578 9899
3416 6134
9057 6349
8935 1033
9249 1709
4963 8654
3517 9637
7958 3109
3515 2622
8848 2884
6403 2974
2338 4159
5356 6242
6671 4139
9020 4158
420 9752
1079 2444
8133 9170
7726 5045
4145 9746
145 3824
1784 6804
252 8195
9192 2314
4973 177
8795 9774
8301 7589
3487 5387
7681 9822
8982 7783
9052 4490
9700 2648
3033 75
406 6247
5815 4389
421 4581
4004 7074
9420 9964
8651 859
7707 4982
9097 9633
9345 8889
4855 86
8563 6819
1944 4494
2337 8424
153 1460
4874 249
6744 8753
8492 8876
5629 3648
3117 9609
7271 1853
6927 4408
8934 510
6560 1078
3347 4825
9200 6971
5926 9941
5118 2145
2976 304
5270 1636
1401 166
5418 9628
3178 1685
7078 5519
6334 7377
8549 6403
1184 3912
7541 7946
8362 2189
6374 8886
8680 25
7193 2864
6341 7015
4742 9718
7907 4034
8366 2515
2308 61
9217 1590
8350 8233
8075 662
7592 4173
6800 2094
5240 9101
2866 8222
7981 9676
5683 6478
3098 4272
7135 4519
1080 9599
8820 1544
4985 6650
3635 5174
4629 6895
8727 4351
9467 2100
8559 2903
9139 8009
7767 1464
2936 4968
9903 157
4502 1056
4406 1460
5893 3741
3466 1692
2773 7210
1758 8138
5623 8163
4391 2797
1017 2881
3638 4268
8305 2563
3022 4619
7404 4738
882 2359
738 5976
9919 9439
1710 254
1037 2032
5254 6098
7619 2039
2550 7563
2011 8040
9468 6913
2922 5330
9124 6086
6978 2005
8329 5908
7639 431
6156 8050
8159 9727
4945 6479
3638 2202
716 5809
728 5062
1942 6860
6771 7771
9523 9608
1419 3190
8643 5292
2573 472
30 4527
4209 236
480 2979
5983 7246
1243 6014
9490 6214
5460 7340
4560 4219
6596 6611
4354 5014
9850 1609
2377 7632
6147 2116
2514 5526
1438 4972
8322 7695
8872 6150
6681 1001
3350 1632
7089 7479
6686 3210
8374 5386
1623 3312
7460 259
2852 1801
3657 8347
4091 8092
8631 2154
5762 2296
9077 6546
8638 9225
2895 7531
699 5742
3156 3061
1060 3352
5423 7292
7966 7993
1480 5218
3992 8213
3818 2169
3714 1707
857 3427
1910 6486
6101 5833
3636 3752
6251 7171
4698 878
1472 5494
5169 5145
9573 2681
2358 8426
9234 6769
4144 9543
6396 8126
4469 676
7394 1621
3327 6042
4040 6560
9022 4883
3717 3632
8465 1942
8232 1242
4725 1662
4863 6015
6499 8174
6932 8627
1428 4927
2369 7518
3274 7534
4775 3655
9120 1111
75 2194
186 4566
3967 8916
1133 1184
5281 7673
7894 2906
3466 691
7404 7967
395 1312
6291 3809
682 7030
9259 395
5467 6912
7895 3029
4445 4837
4523 467
9738 5085
8016 2297
5101 531
1441 2607
9022 5205
327 187
992 105
6108 4178
2447 7476
5151 9227
4372 1029
5082 3126
753 6143
1111 6742
9856 1111
9184 1525
3548 5289
325 7731
5160 2528
3160 6254
8026 1519
4381 4029
4608 4375
7741 6671
1276 9832
5128 5541
5895 2889
8357 5083
3326 2378
9122 1918
6742 579
4244 9821
6355 7387
2660 9110
9149 3927
9335 490
2435 2785
1697 4182
5352 1661
2797 833
8491 6742
8348 1830
6120 4096
3914 2044
8524 9814
2264 5377
5188 7847
2554 1132
1646 3195
5339 3654
5900 6414
6349 1039
6699 5824
9652 6398
7280 6345
2789 2502
5158 2201
4167 2859
9335 2054
2836 3101
9695 6841
7917 4227
9201 8730
2629 5614
8409 4671
6267 5783
2499 8319
8943 2010
5901 7064
873 6036
6656 843
2058 3771
7788 5899
259 7934
2662 2741
5849 4489
4387 5176
6130 8304
3346 3453
5073 6664
9322 7914
1138 6081
2524 8732
5789 4407
6344 8166
406 3327
5210 5552
626 603
914 1774
5325 2970
9913 779
1573 9315
3556 151
9316 7666
4889 3787
2484 2474
8684 5759
5494 7804
9832 1866
5215 1231
3087 9497
3313 5056
5609 1525
1915 1408
9866 6564
5787 5604
8644 9753
9402 4396
1771 480
2255 8657
1846 1114
5036 572
268 645
5778 3946
3002 6787
2916 2107
482 928
4952 2663
6086 7726
7894 9503
9781 9615
2853 9831
5222 4979
9949 9990
6280 3020
199 3991
2119 4365
8930 7374
1140 5641
8791 7824
1568 956
5368 9247
7489 5689
6213 213
6981 7430
3586 2897
7787 6368
8310 1699
122 659
9519 1815
3575 5040
6738 5584
4835 7909
9557 722
9130 4569
8747 1421
3546 2785
3286 2525
7711 9136
2678 3983
5650 3927
8548 4145
3764 2752
525 13
9093 2571
4709 4604
6826 2644
3266 3885
3314 5343
40 7813
9082 4069
3724 8981
4634 6124
8681 4161
5904 8282
4448 5895
5727 3615
9021 9987
8714 6752
4890 5607
6130 852
7744 3450
4444 3436
4796 953
3123 9539
5236 7794
1444 6154
6684 3704
3629 9258
458 7428
367 8896
2525 9782
6480 7424
685 3576
7788 1677
727 9324
9575 7772
1475 8443
9516 1953
4151 3089
8395 5499
6539 9356
6522 4054
6569 479
2457 7932
3291 6500
7480 246
1271 8601
6294 95
4100 9488
5481 55
3945 4057
8470 4380
4237 1773
9965 6344
360 6949
3646 7636
9438 5095
9557 8712
3265 3982
4848 9462
7631 6935
8112 1739
7759 8930
3695 7817
3808 4966
8971 9262
2507 6645
5392 479
2043 4813
1886 5104
2994 541
9843 8081
9974 8870
9473 7739
5011 1070
8406 9555
9342 1613
2060 5520
3117 1962
6340 3528
1633 3805
2714 9512
6757 2203
2642 4862
6344 4760
1636 512
8671 9224
3549 8002
1947 2570
1432 5871
2278 5222
4032 6052
8588 4984
3088 5267
8017 1929
865 6420
5272 6974
2405 3418
5905 4864
4039 897
1167 8667
8495 8445
6479 9439
9031 1949
7427 4107
8386 8862
8972 2453
7170 5582
9339 6674
4852 2694
4850 7251
1577 3541
7712 9100
1190 5043
37 8032
1555 5429
6967 7221
4761 578
9329 6790
2577 9132
5646 3737
9113 3809
4618 8767
5962 2945
3055 3936
1519 4585
7627 6690
1265 6516
3072 2545
682 5103
8247 5952
8839 7544
6474 7338
9076 9180
1467 2538
4826 5991
7779 6409
9677 8947
6573 8864
5160 6739
5752 4157
6838 21
6177 1672
2944 4587
7414 3535
7162 6824
1745 8699
8316 7814
9659 4882
1480 3079
2470 3386
1108 5805
7495 1313
7169 3281
2977 8244
3166 8209
4541 7549
8886 6027
2699 1877
6370 1858
3512 5827
4656 6213
8395 3909
8730 4699
9886 65
554 6706
3400 1879
4324 9378
