1000 2
9775 4769
8773 4109
2970 3091
8478 7752
992 105
8684 5759
1479 8666
690 5158
6817 8959
3710 3188
8014 7516
5463 2218
5494 7804
4502 1056
5460 7340
3258 4219
4444 3436
4090 2300
8492 8876
5254 6098
2514 5526
4629 6895
3466 691
3265 3982
5657 8214
199 3102
62 9506
7427 4107
7917 4227
5650 3927
1441 2607
1265 6516
4928 4469
699 5742
1141 3265
6386 590
3636 3752
4549 735
8491 6742
2852 1801
1626 3100
3980 712
8501 773
4369 9487
1520 15
6156 8050
8316 7814
940 847
9170 6567
2522 4504
7785 1654
4866 7267
1891 3328
1444 6154
2058 3771
5128 5541
362 2076
665 977
9200 6971
323 5462
2507 6645
8947 8865
6615 5146
7995 885
6108 4178
5418 9628
9122 1918
8352 303
8971 9262
1419 3190
1710 254
8227 7598
5169 5145
2043 9673
7578 9899
3350 1632
2642 4862
6355 7387
6563 5718
1568 956
9903 157
2047 7290
2444 484
4448 5895
7193 2864
5352 1661
5388 5950
9536 4785
2043 4813
5623 8163
6897 110
7444 7480
1980 190
5392 479
8639 3676
3979 7656
2977 8244
9089 2293
9097 9633
8972 2453
6301 9480
5526 9419
2866 8222
2922 5330
4956 7783
8460 6889
8026 1519
6699 5824
7787 6368
420 9752
3759 3539
7619 2039
2797 833
8857 5110
3549 8002
8148 1093
8872 6150
4391 2797
9832 1866
875 6840
8628 8958
4816 3610
6344 4760
9584 1800
52 9604
8050 237
9057 6349
6130 852
2377 7632
648 6580
2066 8826
4835 7909
1250 9159
2662 2741
9843 8081
252 8195
4952 2663
9124 6086
5272 6974
4389 5615
3266 9385
5537 2926
7509 5188
682 5103
3326 2378
3158 4636
5210 5552
3764 2752
6287 1556
7627 1149
4468 3852
9113 3809
2119 4365
9567 1495
3266 3885
2338 4159
1358 8661
5765 4800
7072 8138
145 3824
7052 8030
6370 1858
7460 259
7394 1621
3914 2044
7789 8382
3546 2785
3530 5984
4455 8559
4855 3358
6924 3622
3481 4952
7404 4738
9020 4158
4092 7446
3319 7164
7135 4519
4850 7251
8348 1830
832 3629
2699 1877
1212 4604
7404 7967
5093 57
5387 7495
5240 9557
4144 9543
7788 5899
8209 9447
1646 3195
1646 5606
5215 1231
1906 2610
4973 177
6978 2005
8714 6752
3992 8213
4406 1460
3072 2545
3160 6254
1037 2032
8048 3666
7711 9136
2569 5729
5549 9667
2300 9910
7525 9973
5893 3741
2944 4587
419 8167
5578 5536
1212 7310
8747 1421
3487 5387
4848 9462
3512 5827
9201 8730
4699 7759
9022 4883
421 4581
6742 579
3416 6134
8361 9447
2773 7210
1480 5218
1826 9614
4718 7161
3002 6787
435 486
292 4947
5163 8235
5727 3615
9342 1613
4656 6213
4237 1773
406 3327
1140 5641
9193 6478
8017 1929
5176 5233
1480 3079
3556 151
8507 2647
7592 4173
8495 8445
5222 4979
6567 6391
8112 1739
9249 1709
8395 5499
6242 9526
1824 47
9827 8629
3098 4272
8394 4447
893 392
1060 3352
6213 213
3697 9391
5545 5615
3065 7093
1684 9812
1275 2791
1473 8907
3586 2897
2046 2225
9919 9439
3629 9258
1325 7831
4523 467
4799 3777
873 6036
5683 6478
9402 4396
8076 2341
9850 1609
9996 2033
6967 7221
3009 9822
8386 8862
9886 65
2278 5222
589 6588
1555 5429
2484 2474
4100 9488
4889 3787
7631 6935
8822 2340
7397 6949
6294 95
3548 5289
1781 4771
6249 534
9856 1111
5011 1070
9259 395
6485 8123
9434 7795
1114 9712
7802 4832
6596 6611
3327 6042
859 1526
2499 8319
7089 7479
2264 5377
7925 155
2573 472
6101 5833
2720 5915
5900 6414
1138 6081
4400 4238
1272 3781
9885 8223
3033 75
6474 7338
5646 3737
9192 2314
8711 6570
7780 3149
4718 8515
4963 8654
6206 4049
5281 7673
3657 8347
8470 4380
9519 1815
3244 2458
7361 3164
8786 9117
1108 5805
5815 4389
9512 6433
5609 1525
3117 9609
3314 5343
9149 3927
4021 648
367 8896
2752 3227
590 6381
5454 6583
37 8032
8381 492
7753 5789
4852 2694
8432 7992
6433 2790
458 7428
3714 1707
7707 4982
5895 2889
8624 8395
6569 479
5046 5200
8016 2297
4874 249
4445 4837
410 3222
9467 2100
685 3576
4058 8677
6955 6108
3870 1006
4151 6763
3646 7636
5708 1079
525 13
8292 6680
2629 5614
2304 8867
2257 2303
6539 9356
6499 8174
4618 8767
3977 5097
727 9324
9335 2054
1846 6343
4372 1029
2577 9132
259 7934
1745 8699
2181 2557
3717 3632
2621 9982
9142 650
9974 8870
1547 2992
4324 9378
7170 5582
8276 5627
4145 9746
5778 3946
1932 1057
4709 4604
2714 9512
6403 2974
8953 9934
7279 3285
8756 5315
4151 3089
9468 6913
7547 8938
5662 9180
1715 3828
5739 5569
7728 7390
6801 5261
1080 9599
75 2194
2116 1122
122 4910
4537 9483
7744 3450
6826 2644
5187 5819
3211 6482
3266 8408
3158 8727
1879 6344
40 7813
9750 6129
7505 4185
8001 519
2994 541
7712 9100
9447 4040
8982 7783
8133 9170
1111 6742
1942 6860
6374 8886
8839 7544
8930 7374
4336 5730
670 2591
7981 9676
5370 4383
5858 8584
1091 7983
2423 1811
2745 7071
6744 8753
4032 6052
6757 2203
3724 8981
8198 585
8559 2903
8027 4538
7390 2178
9516 1953
6349 1039
3233 7357
5073 6664
2511 7810
6876 7535
526 1323
728 5062
5423 7292
5983 7246
9490 6214
1859 417
757 3992
8310 1699
360 6949
3088 5267
1351 7642
5997 1113
8000 5884
8409 4671
3393 4629
9339 6674
6838 21
4254 271
1730 9392
554 6706
9940 2953
2804 7509
3466 1692
6981 7430
7958 3109
284 3192
2470 3386
1438 4972
5705 9473
2525 9782
1493 4865
6334 7377
5904 8282
9847 1699
4487 7354
2329 3007
4091 8092
2308 61
3010 1617
6120 4096
7150 7313
5023 2165
7495 1313
4571 3051
153 1460
8301 7589
9130 4569
7709 3265
8799 8859
9233 6120
1167 8667
6769 4805
7759 8930
5980 3266
7541 7946
8667 3220
7907 4034
8465 1942
1852 8416
199 3991
1301 2542
6715 1536
1623 3312
8862 5435
1107 5016
186 4566
6522 4054
6022 7690
8204 7720
6684 3704
8727 4351
2550 7563
4945 6479
5844 1715
4354 5014
7700 7385
5442 2661
4456 8165
1276 9832
3945 4057
753 6143
3635 5174
5082 3126
5021 5930
2795 621
14 4904
7406 7886
7054 2985
607 5687
8671 9224
751 9284
30 4527
9838 819
3902 5569
4040 6560
9575 7772
2424 7429
8817 878
5905 4864
6932 8627
9329 6790
1652 4946
9438 5095
4401 5467
4698 878
1079 2444
5467 6912
9965 6344
3313 5056
6345 103
8820 1544
5789 4407
7512 6460
5849 4489
5702 9381
7414 3535
1451 2922
5325 2970
8934 510
5744 5366
4855 86
4808 3402
7169 3281
6340 3528
4825 3476
759 918
410 5518
4167 2859
1573 9315
6341 7015
8303 1453
6344 8166
2573 5320
9093 2571
1270 8644
589 5107
3180 1616
857 3427
8395 3909
6202 5981
4392 9259
4244 9821
6396 8126
5187 5904
3347 4825
7627 6690
9082 4069
5761 2829
1190 5043
8943 2010
1472 5494
8350 8233
1475 8443
9949 9990
4469 676
8330 5507
2916 2107
4387 5176
751 5724
7741 6671
6656 843
8968 319
9031 1949
2387 8503
9695 6841
1428 4927
5016 5048
9403 337
6251 7171
9677 8947
6267 5783
1044 4166
5932 4823
9139 8009
2474 2882
5201 4696
1771 480
1631 1995
6686 3210
9021 9987
7295 3888
9022 5205
2853 9831
8631 2154
8554 9327
3087 9497
1498 1668
8563 6819
8955 1592
8695 8603
7162 6824
6318 2237
2447 7476
5160 2528
6738 5584
4982 1179
1947 2570
9001 7973
9250 8278
2678 3983
6573 8864
6086 7726
8376 5394
7937 7149
7480 246
9781 9615
1915 1408
3517 9637
3546 2269
6046 5564
3765 1840
9076 9180
914 1774
1446 8041
9006 3107
8322 7695
5356 6242
5158 2201
8638 9225
7465 9372
5339 3654
5629 3648
1184 3912
5151 9227
5743 7563
682 7030
3098 9385
5637 7218
9322 7914
9420 9964
3041 6189
2895 7531
5741 3572
347 1650
8458 388
9052 4490
8970 1769
1271 8601
7724 5516
3663 2014
2060 5520
5762 2296
3835 907
7732 6620
1210 3929
6922 4213
8573 3838
8612 1433
1519 4585
5901 7064
3808 4966
5889 675
9241 6499
6255 8316
9120 1111
1690 6269
7030 8566
5883 9124
5894 2745
3515 2622
5977 3110
4979 8737
2255 8657
9664 850
8795 9774
3967 8916
3123 9539
1268 9498
4826 5991
7966 7993
8730 4699
2358 8426
6516 936
2524 8732
8654 4880
2350 5833
5415 3986
1017 2881
3638 4268
7639 431
4792 693
6864 2301
7078 5519
8232 1242
3338 2055
1846 1114
8159 9727
3400 2499
8329 5908
1886 5104
8548 4145
6671 4139
960 766
4288 9678
6536 3263
4608 4375
6645 5150
7788 1677
9217 1590
4554 7653
5481 55
8876 9369
3068 7534
7048 2048
1405 2058
4453 2944
5270 1636
9050 9374
480 2979
2554 1132
8247 5952
571 3880
8680 25
5962 2945
6682 3709
9335 490
8549 6403
7466 2514
6681 1001
5398 4980
3291 6500
9184 1525
3692 6872
6291 3809
3156 3061
2446 6905
8608 9835
7377 7286
5368 5437
8524 9814
582 8056
1432 5871
1910 6486
2153 107
8620 2747
8366 2515
3638 2202
8786 7706
7330 1775
9345 8889
9557 8712
8433 7215
3551 9841
6084 7829
2331 6883
4593 4837
6789 8132
7613 8072
9625 4365
3274 7534
4905 8646
6479 9439
8848 2884
949 858
1926 2074
2457 7932
3695 7817
3361 3330
4039 897
4209 236
5621 6119
8215 3617
882 2359
395 1312
5168 3097
9077 6546
5233 2826
607 2358
1133 1184
5926 9941
4560 754
6904 8625
3286 2525
8681 4161
1401 166
5118 2145
7280 6345
6653 9835
2369 7518
540 1985
299 7413
9573 2681
3400 1879
1243 6014
6771 7771
1784 6804
9866 6564
738 5976
9523 9608
9557 722
9473 7739
406 6247
2836 3101
7895 3029
8683 9099
1758 8138
9913 779
8075 662
9489 3197
3256 6848
8942 4171
327 187
1577 3541
7894 2906
716 5809
6147 2116
3055 3936
5160 6739
2620 1968
8651 859
8927 3134
2713 2570
6901 1379
626 603
9316 7666
8250 96
4560 4219
9652 6398
1944 4494
8745 2735
7930 2765
122 659
8935 1033
6560 1078
5036 572
1338 9231
3346 3453
5633 4327
8971 1120
3818 2169
1740 5965
8664 7495
865 6420
525 4450
2401 6074
1636 512
3270 9873
4461 5834
8362 2189
645 2680
2655 8865
2337 8424
8908 2007
9812 1855
7767 1464
5368 9247
7271 1853
2405 3418
7949 2219
3178 1685
2936 4968
2931 1347
866 2185
969 114
7842 2873
6177 1672
4606 4641
8886 6027
482 928
5615 7422
4634 6124
1633 3805
5240 9101
6800 2094
3022 4619
8305 2563
4262 6041
9664 9367
2011 8040
5188 7847
6280 3020
8644 9753
9234 6769
8217 7456
8406 9555
4985 6650
3676 3827
6927 4408
6043 2669
325 7731
4775 3655
2053 5100
6940 2998
3835 4169
7489 5689
8374 5386
4445 4902
268 645
5101 531
3575 5040
2265 7145
7152 8870
3823 7363
9738 5085
4796 953
4863 6015
8357 5083
2660 9110
1697 4182
2976 304
4011 1371
9156 9403
4761 578
801 5774
8791 7824
5787 5604
6756 1774
2835 1718
1467 2538
2881 4682
6480 7424
7905 2717
8649 3969
7779 6409
2435 2785
5950 8494
3117 1962
4890 5607
8643 5292
4476 3873
7726 5045
342 8896
4541 7549
9659 4882
4004 7074
2789 2502
9700 2648
8588 4984
512 5719
2402 1249
4381 4029
5752 4157
3166 8209
5236 7794
9302 3795
4742 9718
4725 1662
7681 9822
7894 9503
6130 8304
4541 9006
