1000 2
5454 6583
1243 6014
2337 8424
969 114
395 1312
4855 86
8330 5507
1932 1057
9402 4396
5082 3126
7724 5516
8955 1592
8548 4145
6932 8627
9233 6120
914 1774
1824 47
2699 1877
6334 7377
859 1526
6645 5150
5901 7064
5895 2889
9700 2648
5708 1079
9523 9608
1473 8907
8563 6819
8501 773
1441 2607
3692 6872
9113 3809
9259 395
2569 5729
5368 9247
6084 7829
7788 5899
4468 3852
1519 4585
14 4904
6563 5718
435 486
8848 2884
4254 271
5281 7673
4816 3610
3635 5174
5637 7218
1480 5218
9664 850
5151 9227
8329 5908
5240 9557
30 4527
9467 2100
2265 7145
9447 4040
9490 6214
4392 9259
882 2359
8301 7589
8644 9753
2457 7932
1826 9614
6485 8123
8376 5394
8316 7814
5188 7847
1275 2791
5392 479
4091 8092
6656 843
9468 6913
8433 7215
3556 151
7700 7385
9192 2314
7280 6345
1915 1408
4761 578
2499 8319
419 8167
7741 6671
6403 2974
5187 5819
8934 510
1745 8699
7789 8382
3233 7357
5168 3097
3258 4219
7377 7286
8050 237
4058 8677
8381 492
9519 1815
5744 5366
582 8056
6341 7015
2046 2225
1942 6860
866 2185
4244 9821
5549 9667
4039 897
8573 3838
8680 25
8588 4984
1108 5805
3517 9637
6927 4408
2116 1122
7905 2717
9130 4569
9536 4785
751 5724
3416 6134
801 5774
4336 5730
6757 2203
2522 4504
4985 6650
406 3327
9077 6546
3764 2752
4852 2694
1886 5104
525 4450
8027 4538
7404 4738
2713 2570
1846 1114
1270 8644
4808 3402
6897 110
7279 3285
4963 8654
5073 6664
5537 2926
6681 1001
7726 5045
1017 2881
4445 4902
8478 7752
4444 3436
7072 8138
5118 2145
8549 6403
3714 1707
480 2979
6249 534
6147 2116
8305 2563
4448 5895
3466 691
3663 2014
1697 4182
367 8896
3033 75
9940 2953
4606 4641
5609 1525
5646 3737
5900 6414
6108 4178
3629 9258
5163 8235
3967 8916
8227 7598
9052 4490
4866 7267
9919 9439
1114 9712
3697 9391
1475 8443
5629 3648
9832 1866
5844 1715
5270 1636
1636 512
3098 9385
8357 5083
5236 7794
1212 4604
2525 9782
4699 7759
2976 304
9124 6086
40 7813
8970 1769
292 4947
6560 1078
5016 5048
7170 5582
7512 6460
7779 6409
6769 4805
9584 1800
2655 8865
4387 5176
3244 2458
3314 5343
3586 2897
4863 6015
6287 1556
4487 7354
5702 9381
8857 5110
7639 431
5187 5904
1879 6344
9516 1953
4945 6479
3548 5289
4209 236
1401 166
3979 7656
6800 2094
1446 8041
6742 579
8348 1830
2853 9831
2435 2785
3638 4268
2278 5222
1044 4166
5254 6098
5210 5552
5980 3266
4709 4604
7397 6949
5011 1070
9847 1699
738 5976
2011 8040
6569 479
1140 5641
3158 8727
1577 3541
9345 8889
8953 9934
2789 2502
7712 9100
8112 1739
9076 9180
4890 5607
8491 6742
5387 7495
1432 5871
9302 3795
7949 2219
7728 7390
8016 2297
9843 8081
8133 9170
949 858
7894 9503
2153 107
5160 2528
9567 1495
728 5062
3575 5040
9093 2571
6355 7387
3065 7093
2621 9982
5526 9419
9217 1590
7444 7480
3055 3936
7995 885
3638 2202
8631 2154
6340 3528
6386 590
9329 6790
7152 8870
9082 4069
7078 5519
4850 7251
5683 6478
1846 6343
8374 5386
6344 8166
4461 5834
3818 2169
3346 3453
1626 3100
5158 2201
4011 1371
5356 6242
3211 6482
7465 9372
5743 7563
8756 5315
9322 7914
2331 6883
5325 2970
6955 6108
1730 9392
5762 2296
875 6840
2507 6645
5545 5615
153 1460
4455 8559
2329 3007
7509 5188
4151 6763
2797 833
759 918
512 5719
7169 3281
7767 1464
5926 9941
7732 6620
9575 7772
7330 1775
7930 2765
525 13
9201 8730
9750 6129
1276 9832
9250 8278
8209 9447
6671 4139
5222 4979
2970 3091
5467 6912
7193 2864
1758 8138
2047 7290
6206 4049
4456 8165
2931 1347
4537 9483
865 6420
4905 8646
2745 7071
6573 8864
8876 9369
9089 2293
4167 2859
727 9324
8250 96
8350 8233
5481 55
6682 3709
940 847
1781 4771
2369 7518
7048 2048
8362 2189
6156 8050
3117 9609
145 3824
1480 3079
7917 4227
1079 2444
9856 1111
3350 1632
4372 1029
6922 4213
7030 8566
6202 5981
699 5742
8217 7456
8620 2747
645 2680
5905 4864
8711 6570
6826 2644
626 603
9403 337
7788 1677
3265 3982
1740 5965
7427 4107
420 9752
4826 5991
6101 5833
7802 4832
2387 8503
6686 3210
8935 1033
1250 9159
2308 61
4469 676
8942 4171
5128 5541
1631 1995
589 5107
3835 907
4796 953
1926 2074
8786 9117
3022 4619
5752 4157
3068 7534
1646 3195
9512 6433
8624 8395
7390 2178
2066 8826
6499 8174
9913 779
2795 621
5983 7246
9738 5085
5705 9473
1498 1668
3291 6500
9557 722
4040 6560
3338 2055
1771 480
2304 8867
8075 662
1472 5494
7052 8030
4021 648
8681 4161
4629 6895
665 977
8076 2341
1633 3805
9827 8629
5789 4407
6771 7771
2550 7563
3178 1685
4634 6124
9057 6349
8822 2340
5442 2661
5460 7340
5962 2945
6213 213
2720 5915
6370 1858
5494 7804
8745 2735
62 9506
8628 8958
682 5103
6349 1039
5623 8163
2402 1249
1891 3328
9664 9367
3274 7534
873 6036
8386 8862
6474 7338
6756 1774
8460 6889
4874 249
1190 5043
3466 1692
7150 7313
2119 4365
7631 6935
3657 8347
6396 8126
6291 3809
9903 157
6479 9439
4618 8767
4656 6213
5398 4980
4608 4375
4288 9678
2423 1811
6374 8886
3902 5569
9193 6478
2852 1801
2181 2557
1138 6081
9420 9964
8727 4351
3002 6787
8671 9224
3549 8002
299 7413
2043 9673
1652 4946
9249 1709
458 7428
7785 1654
2944 4587
3717 3632
9659 4882
5093 57
2257 2303
9316 7666
8927 3134
3326 2378
6715 1536
9335 490
3823 7363
8612 1433
6022 7690
2300 9910
4541 9006
3286 2525
4354 5014
9200 6971
362 2076
1906 2610
8651 859
5932 4823
893 392
1451 2922
3710 3188
5023 2165
5233 2826
8148 1093
9695 6841
1547 2992
5657 8214
8683 9099
8930 7374
5741 3572
9438 5095
4502 1056
7505 4185
4262 6041
607 2358
5621 6119
4825 3476
4593 4837
5388 5950
8276 5627
8684 5759
3646 7636
2773 7210
4453 2944
2444 484
6255 8316
1351 7642
4889 3787
9120 1111
3088 5267
4792 693
8982 7783
406 6247
9156 9403
1438 4972
3156 3061
8554 9327
4151 3089
7681 9822
3765 1840
1265 6516
3546 2269
4571 3051
2836 3101
199 3991
9625 4365
8232 1242
4092 7446
7480 246
8204 7720
7925 155
3117 1962
7162 6824
252 8195
2401 6074
6301 9480
1573 9315
6294 95
3977 5097
7414 3535
1646 5606
6838 21
2660 9110
2573 5320
9335 2054
1268 9498
3361 3330
410 5518
3551 9841
3636 3752
2977 8244
3393 4629
7541 7946
8747 1421
3530 5984
1210 3929
9339 6674
6978 2005
9838 819
1037 2032
6817 8959
6924 3622
960 766
1467 2538
757 3992
9022 4883
1623 3312
2866 8222
9142 650
2835 1718
5650 3927
2264 5377
4476 3873
3266 8408
4237 1773
6901 1379
9021 9987
7707 4982
8664 7495
4775 3655
7937 7149
75 2194
1091 7983
1852 8416
1520 15
2752 3227
7958 3109
8908 2007
5021 5930
9850 1609
6967 7221
5727 3615
6653 9835
6744 8753
360 6949
1684 9812
3870 1006
7627 6690
8432 7992
8014 7516
753 6143
9965 6344
3400 2499
690 5158
1338 9231
9020 4158
8292 6680
9557 8712
2714 9512
5463 2218
6789 8132
6940 2998
4400 4238
8971 9262
2573 472
8395 5499
8608 9835
2922 5330
589 6588
1133 1184
8017 1929
5778 3946
8730 4699
2620 1968
284 3192
7613 8072
6046 5564
7753 5789
3160 6254
3313 5056
9122 1918
4445 4837
6684 3704
7547 8938
8817 878
8695 8603
8303 1453
4718 7161
3835 4169
3266 9385
1568 956
6130 852
6280 3020
327 187
4698 878
5849 4489
4324 9378
8971 1120
3759 3539
8352 303
4554 7653
6539 9356
4928 4469
5765 4800
122 659
7842 2873
8395 3909
7578 9899
1479 8666
8495 8445
8773 4109
3166 8209
8886 6027
5889 675
2350 5833
2642 4862
9170 6567
4973 177
2895 7531
3808 4966
6242 9526
2804 7509
526 1323
4541 7549
4742 9718
8048 3666
9949 9990
5046 5200
7525 9973
3327 6042
1690 6269
2058 3771
6433 2790
3158 4636
5352 1661
6516 936
3992 8213
8638 9225
9573 2681
3319 7164
1555 5429
5615 7422
1060 3352
9812 1855
8947 8865
2678 3983
9489 3197
8786 7706
1784 6804
992 105
9234 6769
8943 2010
1080 9599
4835 7909
7135 4519
8361 9447
4100 9488
9139 8009
7054 2985
6904 8625
3515 2622
6120 4096
8839 7544
2053 5100
2484 2474
4718 8515
5950 8494
5101 531
7271 1853
7466 2514
8310 1699
6130 8304
4145 9746
6345 103
482 928
8820 1544
8639 3676
8247 5952
590 6381
2514 5526
6876 7535
4848 9462
3087 9497
2474 2882
5415 3986
3123 9539
7709 3265
7711 9136
6615 5146
8872 6150
1272 3781
7460 259
9241 6499
5761 2829
8507 2647
9022 5205
3914 2044
9434 7795
8492 8876
1428 4927
8968 319
3400 1879
2405 3418
3180 1616
6801 5261
4144 9543
8215 3617
9866 6564
1419 3190
7406 7886
7361 3164
540 1985
1493 4865
4855 3358
4401 5467
682 7030
857 3427
1325 7831
9001 7973
6480 7424
8000 5884
122 4910
2060 5520
259 7934
2577 9132
5858 8584
4979 8737
8795 9774
4549 735
5201 4696
268 645
9097 9633
9775 4769
3724 8981
8667 3220
8714 6752
3512 5827
1444 6154
5894 2745
2916 2107
5169 5145
1141 3265
410 3222
7966 7993
8470 4380
9473 7739
4799 3777
5883 9124
751 9284
1405 2058
648 6580
8409 4671
8159 9727
1107 5016
6536 3263
8654 4880
5633 4327
1980 190
7787 6368
3546 2785
670 2591
9184 1525
1715 3828
5215 1231
6318 2237
5368 5437
1910 6486
1358 8661
5339 3654
716 5809
3072 2545
9886 65
7394 1621
1167 8667
2424 7429
1184 3912
5904 8282
7894 2906
2358 8426
2881 4682
2446 6905
52 9604
3256 6848
5240 9101
325 7731
7759 8930
2936 4968
3010 1617
199 3102
37 8032
4725 1662
5815 4389
4391 2797
4090 2300
2511 7810
4381 4029
7744 3450
6344 4760
8559 2903
7895 3029
5423 7292
5997 1113
7495 1313
7089 7479
5036 572
7489 5689
9781 9615
2470 3386
4523 467
3481 4952
4982 1179
1212 7310
9996 2033
607 5687
6981 7430
5272 6974
342 8896
6522 4054
9050 9374
1710 254
3487 5387
685 3576
8322 7695
2662 2741
7981 9676
8643 5292
6738 5584
7404 7967
8649 3969
5578 5536
8524 9814
1301 2542
6596 6611
7619 2039
8862 5435
5160 6739
6699 5824
7295 3888
4004 7074
832 3629
3945 4057
7780 3149
4956 7783
4560 4219
6043 2669
554 6706
3266 3885
2043 4813
8406 9555
9006 3107
186 4566
1947 2570
5418 9628
8001 519
421 4581
3270 9873
2994 541
8799 8859
5739 5569
6864 2301
2255 8657
6086 7726
3009 9822
1271 8601
8972 2453
3695 7817
9974 8870
5176 5233
7907 4034
5893 3741
8458 388
5977 3110
7627 1149
5370 4383
323 5462
1111 6742
4389 5615
9149 3927
2447 7476
8791 7824
7592 4173
1944 4494
8026 1519
6567 6391
9342 1613
4032 6052
4560 754
2338 4159
9885 8223
5787 5604
1859 417
3098 4272
3676 3827
571 3880
9031 1949
4952 2663
6251 7171
4406 1460
8394 4447
3980 712
8366 2515
8198 585
9652 6398
9677 8947
8465 1942
3041 6189
6177 1672
2554 1132
2377 7632
2524 8732
4369 9487
3347 4825
2629 5614
5662 9180
6267 5783
347 1650
