1000 2
7788 1677
5901 7064
8250 96
3945 4057
9233 6120
571 3880
6374 8886
1428 4927
690 5158
5932 4823
5778 3946
2745 7071
8027 4538
2043 4813
1358 8661
3065 7093
5494 7804
6479 9439
4725 1662
1891 3328
7489 5689
1272 3781
7052 8030
3676 3827
7925 155
5762 2296
6294 95
3575 5040
5787 5604
4618 8767
969 114
1250 9159
7753 5789
7787 6368
2444 484
5356 6242
1730 9392
4973 177
6671 4139
8955 1592
3400 2499
2447 7476
7547 8938
9241 6499
2329 3007
3663 2014
5727 3615
7707 4982
3992 8213
8026 1519
8352 303
6656 843
6516 936
9130 4569
8942 4171
2699 1877
8301 7589
8204 7720
6563 5718
1060 3352
7427 4107
4850 7251
6130 852
7541 7946
6396 8126
4905 8646
8050 237
7681 9822
5046 5200
5168 3097
4554 7653
8820 1544
4091 8092
1740 5965
4381 4029
6086 7726
5222 4979
5983 7246
7170 5582
2916 2107
8381 492
1275 2791
6573 8864
2401 6074
8048 3666
8198 585
4656 6213
8756 5315
6876 7535
3313 5056
2053 5100
9996 2033
6344 8166
259 7934
5905 4864
753 6143
9217 1590
5578 5536
5526 9419
1167 8667
6699 5824
1915 1408
9903 157
5741 3572
3211 6482
4890 5607
9403 337
7505 4185
6433 2790
3022 4619
360 6949
7788 5899
9512 6433
7280 6345
1684 9812
5101 531
1268 9498
4593 4837
9664 850
665 977
9031 1949
8395 5499
7627 1149
2936 4968
6757 2203
5743 7563
8908 2007
199 3991
4560 4219
9695 6841
2662 2741
1405 2058
5215 1231
8357 5083
7361 3164
1781 4771
2714 9512
2435 2785
6202 5981
9420 9964
8730 4699
14 4904
4288 9678
1141 3265
3350 1632
5657 8214
4468 3852
8886 6027
8714 6752
3764 2752
8664 7495
7917 4227
9249 1709
3274 7534
2881 4682
5423 7292
8478 7752
362 2076
8501 773
9022 4883
8934 510
5623 8163
1184 3912
5073 6664
6817 8959
5169 5145
1879 6344
4502 1056
1573 9315
4863 6015
2507 6645
699 5742
7460 259
6499 8174
5662 9180
5789 4407
2043 9673
6684 3704
3549 8002
1758 8138
153 1460
8631 2154
3256 6848
1479 8666
1623 3312
8329 5908
1017 2881
40 7813
4761 578
9738 5085
9329 6790
1824 47
5398 4980
1111 6742
2457 7932
5904 8282
960 766
1910 6486
8017 1929
3657 8347
1633 3805
728 5062
4400 4238
421 4581
5895 2889
1568 956
6682 3709
6596 6611
4090 2300
1325 7831
8148 1093
2255 8657
9139 8009
7495 1313
4889 3787
8406 9555
9201 8730
5281 7673
7509 5188
9057 6349
1652 4946
8524 9814
1631 1995
1190 5043
5900 6414
4476 3873
347 1650
1547 2992
1555 5429
875 6840
5023 2165
6901 1379
9781 9615
9089 2293
6715 1536
4244 9821
4952 2663
5454 6583
3902 5569
5368 9247
8310 1699
9170 6567
8935 1033
4058 8677
8612 1433
4487 7354
893 392
8695 8603
4826 5991
3556 151
5082 3126
9575 7772
395 1312
6485 8123
5118 2145
1859 417
7726 5045
5158 2201
5683 6478
9082 4069
7937 7149
3156 3061
3914 2044
5962 2945
6249 534
2895 7531
8982 7783
6744 8753
4336 5730
4928 4469
8303 1453
3291 6500
5233 2826
2977 8244
75 2194
4151 6763
8930 7374
3646 7636
7639 431
6967 7221
8458 388
7295 3888
2522 4504
2773 7210
323 5462
7627 6690
9021 9987
5752 4157
6156 8050
7072 8138
2970 3091
1140 5641
2866 8222
4167 2859
4549 735
5016 5048
6864 2301
1276 9832
1577 3541
9827 8629
9001 7973
8628 8958
5858 8584
607 5687
5151 9227
5633 4327
6108 4178
2377 7632
2470 3386
9490 6214
410 5518
3697 9391
4792 693
525 13
9519 1815
1646 5606
5163 8235
3010 1617
3635 5174
7271 1853
3009 9822
5128 5541
3178 1685
8000 5884
5549 9667
5370 4383
3319 7164
589 6588
8872 6150
3180 1616
5646 3737
9659 4882
9259 395
7525 9973
7089 7479
4979 8737
5415 3986
1079 2444
5889 675
6769 4805
5844 1715
122 4910
8433 7215
9345 8889
9965 6344
406 3327
8292 6680
8559 2903
4151 3089
9516 1953
3724 8981
9156 9403
8076 2341
1446 8041
6826 2644
3286 2525
3098 4272
9664 9367
8159 9727
2331 6883
4040 6560
8839 7544
5160 2528
4541 9006
2835 1718
2752 3227
9847 1699
4039 897
5765 4800
3266 9385
1886 5104
8227 7598
9856 1111
5272 6974
9523 9608
4866 7267
8862 5435
458 7428
8348 1830
8217 7456
1467 2538
590 6381
4237 1773
9700 2648
7780 3149
3160 6254
3265 3982
8492 8876
6800 2094
9940 2953
9625 4365
526 1323
865 6420
8563 6819
5708 1079
2550 7563
299 7413
5893 3741
589 5107
199 3102
8209 9447
8644 9753
4456 8165
7512 6460
2525 9782
3347 4825
2629 5614
8432 7992
6539 9356
3638 2202
8409 4671
6756 1774
7732 6620
1626 3100
3088 5267
8684 5759
367 8896
9850 1609
716 5809
3326 2378
4021 648
4985 6650
8876 9369
5093 57
5744 5366
3835 4169
7330 1775
1473 8907
1475 8443
8366 2515
186 4566
1265 6516
8799 8859
582 8056
9335 490
5011 1070
3487 5387
6386 590
6940 2998
6653 9835
3835 907
4799 3777
3759 3539
1771 480
3338 2055
4848 9462
3808 4966
1947 2570
6645 5150
1690 6269
9677 8947
6569 479
2511 7810
325 7731
30 4527
751 9284
5702 9381
1108 5805
3361 3330
7711 9136
480 2979
6474 7338
5368 5437
9750 6129
682 5103
2424 7429
8971 1120
727 9324
4092 7446
7712 9100
7895 3029
8667 3220
6742 579
8548 4145
5387 7495
4523 467
9052 4490
6022 7690
3967 8916
5270 1636
6341 7015
7578 9899
9573 2681
5021 5930
2387 8503
9832 1866
7404 4738
7480 246
7465 9372
2853 9831
5629 3648
3546 2785
9885 8223
9468 6913
7048 2048
5739 5569
9447 4040
9584 1800
1932 1057
3466 691
7930 2765
1745 8699
4709 4604
4453 2944
6287 1556
9557 722
3270 9873
670 2591
5481 55
5761 2829
8507 2647
4145 9746
1419 3190
6801 5261
2678 3983
4372 1029
5442 2661
8316 7814
7802 4832
9076 9180
6738 5584
8972 2453
9567 1495
8971 9262
3166 8209
9974 8870
4699 7759
1351 7642
6130 8304
8495 8445
6403 2974
7613 8072
3481 4952
2642 4862
6206 4049
3098 9385
6267 5783
9093 2571
8376 5394
4742 9718
3002 6787
3717 3632
5339 3654
8795 9774
5894 2745
4032 6052
645 2680
5926 9941
5650 3927
2976 304
6101 5833
2337 8424
6771 7771
2046 2225
8620 2747
5467 6912
2300 9910
4855 86
4387 5176
9652 6398
9077 6546
1432 5871
2655 8865
5240 9101
648 6580
6280 3020
4629 6895
2577 9132
1212 4604
3117 1962
1243 6014
6291 3809
4445 4837
4392 9259
7150 7313
1438 4972
8386 8862
7078 5519
8608 9835
9536 4785
4560 754
410 3222
9050 9374
1037 2032
8361 9447
857 3427
4391 2797
1826 9614
5545 5615
9006 3107
4324 9378
1697 4182
7966 7993
4144 9543
1715 3828
4634 6124
7152 8870
6370 1858
4445 4902
3548 5289
4808 3402
4254 271
2116 1122
2153 107
1271 8601
3123 9539
1444 6154
5392 479
7709 3265
8549 6403
8638 9225
2060 5520
435 486
4945 6479
8639 3676
7744 3450
1133 1184
9322 7914
37 8032
4209 236
2573 5320
832 3629
9122 1918
9843 8081
6560 1078
3546 2269
554 6706
6318 2237
6242 9526
7404 7967
6927 4408
626 603
62 9506
7700 7385
8927 3134
9250 8278
1212 7310
3977 5097
9886 65
4389 5615
7169 3281
2836 3101
9838 819
327 187
9342 1613
9812 1855
6046 5564
2308 61
3068 7534
8016 2297
2621 9982
145 3824
685 3576
4369 9487
7414 3535
4455 8559
8671 9224
9097 9633
6147 2116
8649 3969
52 9604
1493 4865
2569 5729
6522 4054
2797 833
6355 7387
3416 6134
6344 4760
3586 2897
3327 6042
1846 1114
8822 2340
607 2358
2484 2474
5815 4389
3692 6872
940 847
3870 1006
268 645
6177 1672
122 659
4825 3476
8953 9934
8817 878
8943 2010
8554 9327
5036 572
1270 8644
4537 9483
882 2359
1646 3195
1636 512
3393 4629
8330 5507
1784 6804
682 7030
6251 7171
1044 4166
6686 3210
8470 4380
6897 110
5460 7340
801 5774
8573 3838
8001 519
1710 254
6978 2005
3258 4219
7394 1621
2405 3418
3244 2458
757 3992
1498 1668
4461 5834
9302 3795
4608 4375
8362 2189
7905 2717
8112 1739
4835 7909
8711 6570
7759 8930
5187 5819
4855 3358
4004 7074
5254 6098
342 8896
5160 6739
8395 3909
525 4450
5201 4696
3041 6189
8786 9117
8681 4161
1852 8416
1906 2610
2066 8826
8654 4880
8791 7824
6536 3263
8465 1942
9557 8712
2058 3771
6043 2669
1926 2074
2119 4365
9020 4158
4816 3610
8350 8233
1519 4585
3400 1879
1107 5016
3765 1840
5977 3110
4982 1179
8133 9170
3823 7363
2264 5377
4011 1371
7728 7390
5609 1525
5325 2970
8322 7695
6567 6391
284 3192
2474 2882
3638 4268
4262 6041
3346 3453
8588 4984
7958 3109
5705 9473
8857 5110
8968 319
6981 7430
3695 7817
866 2185
5997 1113
3266 3885
8460 6889
5188 7847
7466 2514
4796 953
1846 6343
9149 3927
5236 7794
2304 8867
8394 4447
859 1526
8624 8395
9142 650
2524 8732
9316 7666
9113 3809
6924 3622
1210 3929
4444 3436
2573 472
9184 1525
3158 4636
1480 5218
540 1985
8247 5952
6301 9480
3517 9637
4963 8654
4571 3051
9919 9439
9192 2314
8683 9099
5615 7422
3818 2169
4775 3655
8651 859
4401 5467
1091 7983
3980 712
1520 15
4406 1460
9467 2100
9434 7795
5849 4489
4874 249
738 5976
2499 8319
6932 8627
7592 4173
7949 2219
4354 5014
1942 6860
3158 8727
1944 4494
2720 5915
9335 2054
2922 5330
4852 2694
512 5719
5950 8494
7995 885
8947 8865
8305 2563
2402 1249
6213 213
7779 6409
8745 2735
6789 8132
7631 6935
6955 6108
6120 4096
6255 8316
2852 1801
6340 3528
8727 4351
2944 4587
9949 9990
4956 7783
9339 6674
8848 2884
5637 7218
3266 8408
5418 9628
7054 2985
914 1774
9913 779
3979 7656
5176 5233
2994 541
4448 5895
5240 9557
2554 1132
3117 9609
6615 5146
7789 8382
252 8195
4718 8515
4541 7549
7894 2906
751 5724
8232 1242
3515 2622
2369 7518
2011 8040
3033 75
2620 1968
8075 662
6681 1001
8276 5627
2181 2557
5352 1661
2660 9110
5980 3266
6084 7829
1480 3079
7279 3285
2350 5833
8643 5292
9866 6564
7377 7286
9124 6086
8747 1421
7741 6671
7162 6824
6349 1039
5388 5950
2795 621
7907 4034
9022 5205
1080 9599
7030 8566
7767 1464
8014 7516
5463 2218
4606 4641
406 6247
7785 1654
5621 6119
4469 676
8374 5386
420 9752
5537 2926
6904 8625
3314 5343
2713 2570
2358 8426
6345 103
1338 9231
7444 7480
6334 7377
4698 878
9200 6971
992 105
759 918
2047 7290
9438 5095
1451 2922
9402 4396
949 858
2265 7145
3629 9258
2423 1811
7406 7886
9775 4769
3466 1692
7135 4519
4100 9488
9473 7739
6922 4213
8786 7706
2278 5222
8773 4109
1472 5494
7894 9503
7724 5516
6480 7424
2338 4159
5883 9124
3710 3188
9234 6769
8970 1769
3233 7357
8491 6742
9489 3197
1401 166
9120 1111
6838 21
8680 25
5210 5552
2514 5526
7397 6949
292 4947
7981 9676
2804 7509
873 6036
7390 2178
419 8167
2789 2502
3087 9497
4718 7161
1114 9712
5187 5904
3551 9841
1980 190
3714 1707
3636 3752
482 928
7842 2873
3530 5984
2446 6905
1441 2607
3072 2545
1301 2542
9193 6478
8215 3617
1138 6081
3055 3936
7619 2039
7193 2864
2257 2303
3512 5827
2931 1347
