1000 2
2881 4682
7330 1775
8786 7706
1138 6081
2470 3386
8608 9835
2066 8826
6341 7015
4468 3852
4848 9462
3346 3453
7406 7886
1044 4166
435 486
7078 5519
832 3629
1451 2922
9156 9403
992 105
5368 5437
3629 9258
7681 9822
9438 5095
4618 8767
5778 3946
9082 4069
5526 9419
1479 8666
8305 2563
9886 65
540 1985
4826 5991
8927 3134
1091 7983
122 659
199 3991
7390 2178
1891 3328
6120 4096
8786 9117
2119 4365
9659 4882
5844 1715
4698 878
7627 1149
2655 8865
5549 9667
8310 1699
122 4910
4502 1056
4144 9543
7414 3535
9490 6214
9077 6546
3180 1616
6967 7221
8247 5952
5739 5569
3270 9873
9625 4365
3314 5343
875 6840
1498 1668
3717 3632
6318 2237
7072 8138
1037 2032
5980 3266
8374 5386
5761 2829
2499 8319
1338 9231
4487 7354
8350 8233
5270 1636
1275 2791
3393 4629
1473 8907
8649 3969
5093 57
8386 8862
9738 5085
1428 4927
6978 2005
9149 3927
2058 3771
6924 3622
5118 2145
1886 5104
7741 6671
5339 3654
410 3222
3657 8347
4718 7161
1730 9392
4537 9483
395 1312
8942 4171
5160 2528
9523 9608
3258 4219
6251 7171
75 2194
1758 8138
8651 859
6955 6108
5787 5604
5460 7340
571 3880
5977 3110
1184 3912
6177 1672
7489 5689
4956 7783
1250 9159
645 2680
2116 1122
8953 9934
8935 1033
6291 3809
9700 2648
2621 9982
5016 5048
9750 6129
8376 5394
3055 3936
3902 5569
738 5976
1781 4771
5702 9381
7732 6620
1932 1057
7397 6949
7509 5188
2660 9110
626 603
7779 6409
525 4450
9217 1590
2569 5729
5201 4696
4400 4238
7404 4738
6771 7771
6349 1039
8588 4984
6396 8126
2525 9782
2976 304
2423 1811
3512 5827
3166 8209
7613 8072
3546 2269
1568 956
3117 1962
1626 3100
8075 662
7279 3285
5858 8584
5895 2889
325 7731
3274 7534
7152 8870
6536 3263
410 5518
8839 7544
9113 3809
3466 691
2835 1718
7619 2039
866 2185
4796 953
4453 2944
3808 4966
9097 9633
3517 9637
3313 5056
2511 7810
1212 7310
3087 9497
727 9324
3487 5387
3710 3188
5158 2201
4656 6213
4952 2663
5418 9628
801 5774
8620 2747
8695 8603
2524 8732
6255 8316
525 13
9827 8629
14 4904
1577 3541
7958 3109
9020 4158
4835 7909
7780 3149
1212 4604
347 1650
6800 2094
5240 9101
8000 5884
3400 2499
5752 4157
9076 9180
4979 8737
1636 512
7150 7313
914 1774
4560 754
8612 1433
5708 1079
2308 61
5637 7218
9652 6398
1646 5606
665 977
5727 3615
9200 6971
2181 2557
9775 4769
6699 5824
1646 3195
9838 819
4571 3051
5128 5541
8050 237
9192 2314
4288 9678
8683 9099
9447 4040
4850 7251
5240 9557
3233 7357
6355 7387
4090 2300
4406 1460
5281 7673
8799 8859
6301 9480
1265 6516
3327 6042
6516 936
6838 21
4354 5014
7427 4107
7788 5899
3818 2169
8016 2297
2278 5222
8491 6742
3350 1632
7907 4034
9052 4490
1824 47
3347 4825
4709 4604
6682 3709
360 6949
4866 7267
6756 1774
9335 2054
4560 4219
9322 7914
4151 3089
9781 9615
3676 3827
8643 5292
7753 5789
1060 3352
1980 190
6567 6391
4634 6124
5036 572
9402 4396
7802 4832
5325 2970
9122 1918
8548 4145
859 1526
3158 4636
299 7413
2300 9910
8381 492
4445 4837
1826 9614
9021 9987
1715 3828
8362 2189
9142 650
9089 2293
2797 833
2369 7518
7724 5516
2629 5614
1419 3190
2514 5526
3319 7164
9850 1609
7981 9676
6615 5146
9974 8870
7894 2906
8250 96
4699 7759
9250 8278
5023 2165
8684 5759
4816 3610
2789 2502
4392 9259
5815 4389
480 2979
1141 3265
5163 8235
589 6588
685 3576
2046 2225
6897 110
607 5687
2745 7071
3266 9385
8348 1830
9847 1699
8076 2341
2060 5520
8394 4447
9241 6499
3548 5289
6499 8174
3635 5174
259 7934
2662 2741
7052 8030
3692 6872
4448 5895
3638 4268
3256 6848
2507 6645
4058 8677
5633 4327
4889 3787
728 5062
2350 5833
8303 1453
5950 8494
2402 1249
6043 2669
3286 2525
9093 2571
5650 3927
2866 8222
1270 8644
1358 8661
6876 7535
1441 2607
9832 1866
3945 4057
7894 9503
8664 7495
8563 6819
8470 4380
7295 3888
8433 7215
5481 55
420 9752
5215 1231
1108 5805
6086 7726
3002 6787
5160 6739
3266 8408
6904 8625
2153 107
1740 5965
2358 8426
5187 5819
7759 8930
7707 4982
7541 7946
6864 2301
1926 2074
9120 1111
6202 5981
7709 3265
3065 7093
3697 9391
6485 8123
5454 6583
3515 2622
8791 7824
7995 885
6560 1078
6334 7377
3546 2785
4100 9488
5905 4864
6653 9835
8458 388
3835 4169
6681 1001
6769 4805
2265 7145
5962 2945
5073 6664
5176 5233
5151 9227
7444 7480
2573 5320
8432 7992
8795 9774
8554 9327
9536 4785
3914 2044
757 3992
8329 5908
6267 5783
4445 4902
5609 1525
3098 9385
4167 2859
7377 7286
5494 7804
6242 9526
4799 3777
9050 9374
3361 3330
367 8896
4092 7446
6742 579
2484 2474
30 4527
9489 3197
590 6381
268 645
7193 2864
6656 843
9573 2681
8934 510
2752 3227
2936 4968
9516 1953
5629 3648
4469 676
5657 8214
5983 7246
6981 7430
5646 3737
5883 9124
4237 1773
1745 8699
8559 2903
865 6420
7480 246
8001 519
589 5107
7627 6690
4461 5834
5352 1661
1846 1114
8820 1544
3244 2458
969 114
7785 1654
1493 4865
6287 1556
3481 4952
3098 4272
2331 6883
1906 2610
3759 3539
2255 8657
5623 8163
284 3192
8292 6680
512 5719
2401 6074
1111 6742
52 9604
6108 4178
5188 7847
5370 4383
5621 6119
6206 4049
7547 8938
5894 2745
6344 8166
6940 2998
9130 4569
9339 6674
1771 480
7639 431
4725 1662
3980 712
8395 3909
6370 1858
5683 6478
4209 236
9233 6120
8671 9224
2424 7429
8972 2453
1276 9832
4444 3436
1623 3312
3338 2055
5168 3097
1472 5494
8817 878
6084 7829
8409 4671
1631 1995
7578 9899
8204 7720
8014 7516
857 3427
8330 5507
8357 5083
9001 7973
8745 2735
6927 4408
1438 4972
323 5462
9575 7772
9234 6769
6130 852
8624 8395
3088 5267
3724 8981
6684 3704
9919 9439
8639 3676
9903 157
6344 4760
753 6143
2795 621
7495 1313
8857 5110
5254 6098
4945 6479
2304 8867
3010 1617
5789 4407
2257 2303
6738 5584
7949 2219
8822 2340
4456 8165
9345 8889
4391 2797
4369 9487
2699 1877
7512 6460
9434 7795
8970 1769
6686 3210
2043 9673
2474 2882
8027 4538
2264 5377
7404 7967
3551 9841
8955 1592
8215 3617
8159 9727
2678 3983
7048 2048
7895 3029
607 2358
5356 6242
4825 3476
8276 5627
9184 1525
4011 1371
3636 3752
8026 1519
554 6706
1210 3929
1910 6486
5997 1113
682 5103
4541 7549
8465 1942
7361 3164
9913 779
2337 8424
1684 9812
6101 5833
8133 9170
8232 1242
1480 3079
8631 2154
421 4581
2977 8244
4761 578
5368 9247
1573 9315
6374 8886
7712 9100
1140 5641
4982 1179
1944 4494
37 8032
8573 3838
716 5809
1133 1184
6522 4054
2338 4159
3033 75
6479 9439
582 8056
1480 5218
8209 9447
8395 5499
7711 9136
8361 9447
9193 6478
5463 2218
2577 9132
6280 3020
6671 4139
7787 6368
648 6580
7937 7149
5233 2826
1268 9498
3178 1685
4890 5607
3823 7363
4718 8515
8406 9555
1942 6860
4372 1029
3764 2752
6213 213
4032 6052
5387 7495
5423 7292
4855 3358
4039 897
3326 2378
3117 9609
2377 7632
7700 7385
7930 2765
6474 7338
3068 7534
9170 6567
8872 6150
4792 693
2720 5915
1633 3805
8711 6570
9557 8712
8644 9753
1519 4585
1432 5871
6539 9356
3022 4619
6156 8050
9329 6790
62 9506
3586 2897
8848 2884
8198 585
5169 5145
406 6247
4389 5615
1301 2542
6744 8753
4262 6041
2922 5330
6789 8132
3291 6500
9022 5205
9965 6344
7525 9973
7917 4227
1080 9599
362 2076
6922 4213
1852 8416
8507 2647
2931 1347
9031 1949
2714 9512
3575 5040
3992 8213
4381 4029
3663 2014
1547 2992
8971 1120
2836 3101
9996 2033
8968 319
9695 6841
1555 5429
699 5742
5442 2661
2435 2785
1272 3781
7135 4519
5705 9473
3158 8727
8148 1093
6433 2790
406 3327
1401 166
1915 1408
8501 773
1467 2538
4324 9378
9940 2953
9567 1495
252 8195
1271 8601
940 847
5210 5552
5900 6414
2011 8040
4145 9746
6130 8304
4973 177
5392 479
9022 4883
3266 3885
2970 3091
5741 3572
7728 7390
1784 6804
3466 1692
6569 479
8886 6027
5467 6912
145 3824
8628 8958
6294 95
6147 2116
3967 8916
2405 3418
8654 4880
7966 7993
2554 1132
8982 7783
4004 7074
8460 6889
4775 3655
7466 2514
3160 6254
1351 7642
7925 155
682 7030
5743 7563
1114 9712
3638 2202
4874 249
4608 4375
5388 5950
6817 8959
751 9284
873 6036
6563 5718
8366 2515
5744 5366
8638 9225
8549 6403
5272 6974
9420 9964
5932 4823
7465 9372
6345 103
8681 4161
8495 8445
5082 3126
9201 8730
6573 8864
5615 7422
6480 7424
9259 395
2550 7563
5011 1070
4629 6895
1446 8041
8747 1421
7271 1853
9519 1815
199 3102
8714 6752
670 2591
6826 2644
9124 6086
5893 3741
5889 675
2573 472
4928 4469
3009 9822
7162 6824
7744 3450
327 187
9467 2100
7089 7479
6596 6611
5415 3986
8017 1929
6715 1536
419 8167
3041 6189
2713 2570
8227 7598
6022 7690
9057 6349
8971 9262
4963 8654
5578 5536
1652 4946
7842 2873
4549 735
4040 6560
6901 1379
949 858
8908 2007
1520 15
7054 2985
1690 6269
1190 5043
8730 4699
690 5158
3695 7817
5021 5930
8667 3220
9335 490
3556 151
5901 7064
4606 4641
4254 271
3714 1707
2994 541
4091 8092
8773 4109
4593 4837
9856 1111
882 2359
4336 5730
3400 1879
6932 8627
759 918
3835 907
7905 2717
6046 5564
5765 4800
5101 531
4863 6015
8930 7374
2895 7531
2447 7476
6757 2203
9316 7666
4852 2694
9584 1800
893 392
8301 7589
153 1460
3977 5097
9664 9367
2446 6905
9139 8009
2053 5100
3549 8002
9006 3107
342 8896
8316 7814
1325 7831
4985 6650
4855 86
2457 7932
5046 5200
2047 7290
8943 2010
7789 8382
5762 2296
7592 4173
7788 1677
5849 4489
9473 7739
8217 7456
8680 25
8478 7752
9677 8947
7394 1621
6340 3528
9885 8223
1710 254
3156 3061
3211 6482
8947 8865
9249 1709
4905 8646
8492 8876
9403 337
5904 8282
4021 648
2916 2107
6403 2974
2329 3007
8322 7695
1947 2570
7767 1464
458 7428
2852 1801
8112 1739
4401 5467
7170 5582
2620 1968
2773 7210
9342 1613
7030 8566
6386 590
5662 9180
7505 4185
6645 5150
9557 722
5398 4980
3979 7656
960 766
2387 8503
5187 5904
1167 8667
9512 6433
751 5724
2444 484
9468 6913
3265 3982
5236 7794
2522 4504
2853 9831
3072 2545
5545 5615
2804 7509
9843 8081
9302 3795
4808 3402
2944 4587
3646 7636
5926 9941
9866 6564
3123 9539
8048 3666
9949 9990
7631 6935
9812 1855
7460 259
8756 5315
4455 8559
2642 4862
8862 5435
2043 4813
8727 4351
4387 5176
1243 6014
5537 2926
3870 1006
7169 3281
186 4566
1475 8443
1879 6344
6801 5261
4476 3873
7280 6345
4554 7653
4541 9006
3530 5984
3416 6134
4742 9718
4151 6763
1859 417
1017 2881
1107 5016
482 928
1079 2444
7726 5045
1444 6154
3765 1840
4523 467
9664 850
8352 303
8876 9369
40 7813
1697 4182
5222 4979
526 1323
1405 2058
292 4947
8524 9814
6249 534
4244 9821
1846 6343
