1000 2
9241 6499
1932 1057
8198 585
2881 4682
3166 8209
1646 3195
3256 6848
4560 754
1480 3079
3487 5387
325 7731
6345 103
7054 2985
1846 1114
4826 5991
2423 1811
6801 5261
6255 8316
4244 9821
7907 4034
4698 878
1265 6516
7525 9973
3515 2622
7925 155
7404 7967
9057 6349
4167 2859
3258 4219
5662 9180
6656 843
727 9324
4058 8677
153 1460
2066 8826
3818 2169
3548 5289
3055 3936
626 603
4406 1460
9434 7795
9940 2953
1275 2791
7930 2765
6396 8126
9557 8712
554 6706
40 7813
1626 3100
1547 2992
5454 6583
6433 2790
5894 2745
3546 2785
7193 2864
4963 8654
419 8167
2550 7563
7541 7946
3347 4825
9259 395
6287 1556
3646 7636
8908 2007
4476 3873
2522 4504
6242 9526
9812 1855
5741 3572
2278 5222
9031 1949
4209 236
2369 7518
7613 8072
940 847
5615 7422
3400 1879
6756 1774
2655 8865
2922 5330
6981 7430
37 8032
7700 7385
526 1323
8026 1519
3546 2269
4537 9483
8848 2884
1479 8666
1826 9614
8460 6889
395 1312
8573 3838
525 4450
9738 5085
186 4566
9250 8278
589 6588
5158 2201
8638 9225
914 1774
738 5976
3629 9258
4288 9678
4618 8767
7639 431
2789 2502
2047 7290
7744 3450
6922 4213
4742 9718
410 5518
2265 7145
4144 9543
4381 4029
7712 9100
7728 7390
3692 6872
8612 1433
9775 4769
9006 3107
3697 9391
7150 7313
3466 691
6249 534
9402 4396
75 2194
5368 5437
8303 1453
9856 1111
4011 1371
9113 3809
3211 6482
2337 8424
1520 15
1555 5429
7152 8870
268 645
3033 75
4541 9006
3979 7656
4952 2663
5844 1715
2994 541
8470 4380
8322 7695
8970 1769
8329 5908
3823 7363
2976 304
5708 1079
8667 3220
7958 3109
8651 859
7753 5789
8395 5499
5281 7673
7162 6824
6206 4049
4004 7074
3676 3827
3098 4272
6686 3210
9447 4040
3117 1962
2447 7476
9949 9990
4145 9746
3180 1616
5962 2945
2853 9831
8972 2453
8227 7598
2514 5526
8232 1242
2944 4587
3481 4952
699 5742
4487 7354
6924 3622
1859 417
7404 4738
3117 9609
3717 3632
865 6420
8549 6403
2525 9782
3835 4169
9335 490
9122 1918
6403 2974
6978 2005
8791 7824
3638 2202
4541 7549
7280 6345
199 3991
1846 6343
9843 8081
9512 6433
3393 4629
458 7428
4889 3787
2377 7632
7759 8930
8971 9262
6876 7535
8501 773
8795 9774
2387 8503
3517 9637
4608 4375
4796 953
9001 7973
8409 4671
1270 8644
4549 735
8276 5627
3346 3453
9217 1590
2350 5833
866 2185
3244 2458
2524 8732
1438 4972
2977 8244
5240 9101
8695 8603
1401 166
6715 1536
9490 6214
5210 5552
3009 9822
4761 578
5163 8235
8381 492
8683 9099
2662 2741
1138 6081
2797 833
590 6381
728 5062
5176 5233
1980 190
2116 1122
9850 1609
2474 2882
4629 6895
8376 5394
9142 650
9339 6674
9523 9608
482 928
5849 4489
8628 8958
4151 3089
6022 7690
3530 5984
5621 6119
1212 7310
3977 5097
8352 303
3980 712
5883 9124
9903 157
7842 2873
9184 1525
5023 2165
4262 6041
4656 6213
7052 8030
1079 2444
4560 4219
8491 6742
8943 2010
4855 86
3657 8347
3291 6500
7512 6460
8820 1544
4445 4902
6084 7829
7779 6409
8935 1033
2660 9110
9077 6546
3319 7164
7135 4519
2444 484
5101 531
3902 5569
4718 8515
5240 9557
6596 6611
4855 3358
9124 6086
4151 6763
6573 8864
3466 1692
5370 4383
8350 8233
9664 9367
7627 6690
3400 2499
3065 7093
5272 6974
9584 1800
5093 57
8786 9117
949 858
8524 9814
8631 2154
2836 3101
5481 55
5657 8214
5765 4800
6386 590
6927 4408
6563 5718
8076 2341
607 5687
8247 5952
6374 8886
5236 7794
882 2359
5623 8163
7741 6671
6955 6108
1243 6014
2257 2303
8348 1830
6567 6391
969 114
362 2076
2060 5520
6536 3263
4461 5834
9097 9633
2804 7509
5815 4389
1091 7983
2970 3091
4850 7251
6901 1379
3327 6042
7767 1464
1690 6269
4808 3402
9974 8870
2620 1968
5858 8584
3759 3539
6967 7221
3870 1006
4866 7267
8930 7374
6499 8174
3274 7534
8942 4171
2046 2225
1190 5043
8664 7495
7631 6935
5201 4696
7048 2048
7390 2178
3350 1632
2424 7429
5325 2970
1498 1668
3338 2055
3072 2545
3158 8727
1879 6344
4387 5176
2936 4968
8215 3617
3156 3061
7937 7149
8357 5083
5118 2145
9156 9403
8624 8395
6340 3528
9838 819
1573 9315
1405 2058
8361 9447
9996 2033
9438 5095
9082 4069
3556 151
292 4947
3266 8408
7394 1621
3002 6787
7406 7886
1771 480
2895 7531
8982 7783
5233 2826
5187 5904
284 3192
6826 2644
8620 2747
1758 8138
1636 512
4401 5467
8548 4145
3663 2014
5752 4157
3326 2378
9170 6567
6539 9356
4979 8737
7789 8382
5932 4823
8394 4447
6370 1858
8395 3909
4354 5014
7427 4107
9913 779
1141 3265
1271 8601
7711 9136
960 766
1272 3781
5743 7563
5761 2829
5418 9628
1710 254
5895 2889
3945 4057
1419 3190
9965 6344
5904 8282
5629 3648
4444 3436
2699 1877
9020 4158
6932 8627
1745 8699
589 5107
3635 5174
9089 2293
62 9506
4718 7161
2554 1132
1250 9159
8209 9447
3286 2525
4324 9378
3160 6254
9234 6769
2053 5100
9664 850
30 4527
7271 1853
3710 3188
5633 4327
9866 6564
6130 852
1301 2542
751 5724
6267 5783
2331 6883
360 6949
8310 1699
7724 5516
4725 1662
7489 5689
8386 8862
7787 6368
1167 8667
6757 2203
2773 7210
8680 25
8747 1421
7592 4173
6349 1039
8971 1120
2835 1718
8027 4538
6280 3020
259 7934
2446 6905
14 4904
1852 8416
3551 9841
8857 5110
1631 1995
3724 8981
8934 510
3638 4268
5423 7292
8330 5507
3158 4636
8799 8859
2255 8657
6940 2998
420 9752
4091 8092
9052 4490
3914 2044
5762 2296
6738 5584
5169 5145
1480 5218
5352 1661
9827 8629
4392 9259
9677 8947
9200 6971
5160 6739
3361 3330
4523 467
875 6840
8050 237
6789 8132
1080 9599
2678 3983
5021 5930
3088 5267
9700 2648
5997 1113
9575 7772
9781 9615
1338 9231
5889 675
5254 6098
347 1650
8316 7814
5392 479
8559 2903
1017 2881
8671 9224
9021 9987
751 9284
9249 1709
4982 1179
1475 8443
992 105
1111 6742
5609 1525
5151 9227
7030 8566
6897 110
8014 7516
8727 4351
3314 5343
8133 9170
3549 8002
8886 6027
7905 2717
9076 9180
716 5809
2043 4813
199 3102
801 5774
7788 5899
757 3992
7780 3149
2714 9512
1740 5965
1568 956
5977 3110
9847 1699
6046 5564
2866 8222
893 392
3967 8916
607 2358
4469 676
3808 4966
4032 6052
5222 4979
4816 3610
8159 9727
2720 5915
7505 4185
5545 5615
3266 9385
8148 1093
1467 2538
2621 9982
435 486
9329 6790
406 3327
3695 7817
2043 9673
4039 897
1891 3328
6653 9835
3265 3982
5650 3927
6516 936
7726 5045
4100 9488
9302 3795
7681 9822
5983 7246
4709 4604
7170 5582
8608 9835
2752 3227
8745 2735
5537 2926
4254 271
7802 4832
9139 8009
9652 6398
1044 4166
8465 1942
1577 3541
5705 9473
8000 5884
8374 5386
2153 107
2470 3386
9345 8889
7466 2514
1140 5641
7465 9372
2795 621
6864 2301
9420 9964
5637 7218
1947 2570
4455 8559
9886 65
6615 5146
1652 4946
5744 5366
7578 9899
2507 6645
1133 1184
3586 2897
8588 4984
6560 1078
6355 7387
2511 7810
9516 1953
4372 1029
8492 8876
5168 3097
1060 3352
6569 479
8458 388
6341 7015
682 5103
6213 213
4400 4238
5549 9667
9567 1495
1623 3312
4956 7783
7330 1775
9557 722
4775 3655
342 8896
9625 4365
8432 7992
4905 8646
753 6143
6485 8123
7444 7480
1212 4604
8714 6752
7732 6620
6480 7424
5082 3126
3714 1707
122 659
8250 96
2577 9132
4634 6124
8643 5292
759 918
571 3880
9149 3927
1519 4585
6838 21
5787 5604
5388 5950
6671 4139
7078 5519
8495 8445
7460 259
859 1526
8563 6819
2457 7932
1472 5494
8075 662
2499 8319
7895 3029
1684 9812
1730 9392
9467 2100
6108 4178
6800 2094
5270 1636
2300 9910
7894 2906
7547 8938
4792 693
8048 3666
9885 8223
7495 1313
7981 9676
2304 8867
4554 7653
6769 4805
8711 6570
8362 2189
5900 6414
7089 7479
1886 5104
682 7030
1446 8041
2713 2570
7295 3888
690 5158
540 1985
5578 5536
9322 7914
8872 6150
6645 5150
5368 9247
9519 1815
5215 1231
410 3222
1114 9712
1906 2610
8649 3969
7397 6949
9468 6913
2405 3418
5046 5200
4445 4837
3313 5056
8204 7720
9403 337
5387 7495
7894 9503
832 3629
145 3824
6904 8625
3636 3752
2402 1249
8839 7544
2852 1801
8554 9327
1108 5805
8433 7215
5011 1070
8862 5435
5646 3737
5339 3654
2569 5729
327 187
6684 3704
9050 9374
2401 6074
4863 6015
8366 2515
5356 6242
670 2591
5415 3986
6130 8304
2484 2474
1910 6486
6301 9480
4389 5615
2264 5377
2745 7071
8478 7752
1325 7831
7785 1654
4092 7446
7788 1677
480 2979
406 6247
9489 3197
3041 6189
7072 8138
3512 5827
7619 2039
9130 4569
3010 1617
6156 8050
1451 2922
9659 4882
4448 5895
2329 3007
3123 9539
9695 6841
5128 5541
525 13
9750 6129
7509 5188
1715 3828
873 6036
4852 2694
6177 1672
4825 3476
7377 7286
6742 579
4848 9462
8953 9934
6771 7771
1432 5871
1276 9832
6334 7377
299 7413
7949 2219
512 5719
1944 4494
8730 4699
3416 6134
6251 7171
3098 9385
3270 9873
4985 6650
5036 572
2931 1347
6744 8753
6344 4760
4468 3852
6120 4096
5926 9941
6699 5824
1633 3805
8639 3676
1926 2074
4369 9487
857 3427
648 6580
9093 2571
4021 648
8654 4880
1824 47
582 8056
3022 4619
3765 1840
5702 9381
8681 4161
367 8896
5739 5569
6086 7726
1441 2607
252 8195
8406 9555
1428 4927
4606 4641
2358 8426
5727 3615
1942 6860
6682 3709
4835 7909
7414 3535
9573 2681
1646 5606
5073 6664
1697 4182
2338 4159
8876 9369
8927 3134
6479 9439
8955 1592
9316 7666
7917 4227
9919 9439
1915 1408
9832 1866
3087 9497
8947 8865
5950 8494
7480 246
9233 6120
5442 2661
5778 3946
6522 4054
6294 95
1493 4865
3575 5040
421 4581
8822 2340
5905 4864
5980 3266
3068 7534
8112 1739
7966 7993
4391 2797
4090 2300
3764 2752
8684 5759
8292 6680
1358 8661
2573 5320
2435 2785
4593 4837
9193 6478
1184 3912
6817 8959
8773 4109
1444 6154
3835 907
1473 8907
3178 1685
9335 2054
5460 7340
9022 5205
7707 4982
5789 4407
6101 5833
4874 249
5494 7804
1351 7642
6344 8166
2642 4862
8016 2297
8786 7706
3266 3885
7169 3281
5016 5048
4928 4469
122 4910
1781 4771
5398 4980
5188 7847
6474 7338
8301 7589
9201 8730
4973 177
6147 2116
323 5462
1037 2032
4237 1773
7361 3164
8217 7456
5683 6478
7279 3285
2916 2107
3992 8213
5463 2218
4945 6479
8968 319
4699 7759
2181 2557
2011 8040
4799 3777
6202 5981
2308 61
2629 5614
2058 3771
52 9604
7627 1149
5160 2528
4336 5730
5893 3741
9120 1111
4453 2944
8644 9753
1107 5016
7995 885
2119 4365
2573 472
3233 7357
6318 2237
8001 519
8305 2563
4890 5607
9192 2314
5526 9419
7709 3265
9342 1613
1784 6804
8017 1929
1210 3929
8507 2647
4502 1056
9473 7739
5187 5819
645 2680
6681 1001
6291 3809
4456 8165
665 977
8756 5315
9022 4883
9536 4785
1268 9498
6043 2669
5901 7064
8817 878
4040 6560
4571 3051
685 3576
5467 6912
