1000 2
8681 4161
7150 7313
8649 3969
5977 3110
4537 9483
8027 4538
2047 7290
590 6381
3945 4057
5188 7847
2058 3771
7627 6690
6715 1536
4541 7549
4835 7909
7925 155
759 918
3088 5267
8204 7720
757 3992
1697 4182
7078 5519
3818 2169
6536 3263
4058 8677
2435 2785
1079 2444
1243 6014
9886 65
8406 9555
6344 4760
9490 6214
153 1460
6499 8174
882 2359
8628 8958
751 9284
6645 5150
7842 2873
512 5719
3512 5827
9473 7739
3530 5984
9149 3927
992 105
8671 9224
2405 3418
4775 3655
9022 5205
1190 5043
5368 5437
3870 1006
3244 2458
6684 3704
2977 8244
9695 6841
3466 1692
9832 1866
4145 9746
1358 8661
1037 2032
1846 1114
1108 5805
9335 2054
3291 6500
2446 6905
7404 4738
5481 55
1740 5965
5883 9124
8664 7495
4455 8559
6897 110
4244 9821
969 114
2447 7476
6981 7430
5073 6664
1250 9159
8667 3220
2424 7429
6615 5146
8554 9327
9468 6913
6403 2974
6682 3709
8747 1421
8548 4145
3400 1879
753 6143
4874 249
2662 2741
1212 7310
9420 9964
9001 7973
4549 735
832 3629
9850 1609
8322 7695
1473 8907
5222 4979
5352 1661
8050 237
3548 5289
6838 21
1947 2570
7709 3265
7135 4519
4448 5895
7905 2717
2255 8657
8573 3838
6522 4054
2629 5614
5657 8214
4952 2663
6539 9356
8395 5499
1268 9498
4541 9006
1852 8416
8133 9170
9512 6433
4144 9543
8386 8862
7724 5516
8215 3617
2797 833
1771 480
6738 5584
2773 7210
8683 9099
1419 3190
5629 3648
4979 8737
367 8896
7489 5689
420 9752
9259 395
8507 2647
1826 9614
1475 8443
5201 4696
6101 5833
7427 4107
866 2185
9250 8278
421 4581
1138 6081
4709 4604
8381 492
8651 859
3400 2499
4453 2944
5467 6912
3233 7357
5036 572
5858 8584
7788 5899
4890 5607
8638 9225
2369 7518
75 2194
1626 3100
5950 8494
3338 2055
3759 3539
252 8195
6567 6391
323 5462
8970 1769
7404 7967
7054 2985
9057 6349
4863 6015
8643 5292
7753 5789
2338 4159
728 5062
2522 4504
6474 7338
5905 4864
1879 6344
5815 4389
6904 8625
685 3576
7619 2039
3087 9497
8876 9369
8820 1544
2944 4587
4400 4238
6826 2644
6084 7829
3313 5056
8357 5083
738 5976
419 8167
6686 3210
7578 9899
2278 5222
6560 1078
3393 4629
8588 4984
9557 8712
3902 5569
5215 1231
8026 1519
4445 4902
5526 9419
626 603
8839 7544
8361 9447
5549 9667
5325 2970
5623 8163
5398 4980
7787 6368
6569 479
4905 8646
4848 9462
6267 5783
2789 2502
2119 4365
1140 5641
5240 9557
342 8896
3663 2014
5151 9227
7361 3164
347 1650
8773 4109
9567 1495
8209 9447
5387 7495
5900 6414
8014 7516
2329 3007
5463 2218
2300 9910
5893 3741
9516 1953
5160 6739
2713 2570
5339 3654
526 1323
5415 3986
7767 1464
7930 2765
8872 6150
6757 2203
4606 4641
3586 2897
5011 1070
6147 2116
5741 3572
5849 4489
3657 8347
6177 1672
5418 9628
1432 5871
5210 5552
9322 7914
5537 2926
8075 662
1276 9832
9339 6674
299 7413
3098 4272
8470 4380
3823 7363
8348 1830
554 6706
6130 852
8395 3909
1405 2058
9856 1111
7894 2906
893 392
4796 953
5392 479
7613 8072
6901 1379
199 3102
8563 6819
7072 8138
2976 304
4151 6763
3123 9539
1519 4585
6742 579
9523 9608
1915 1408
8301 7589
940 847
2046 2225
6817 8959
7958 3109
6967 7221
5101 531
8017 1929
6433 2790
9402 4396
5980 3266
9403 337
4372 1029
7894 9503
670 2591
8292 6680
1784 6804
8714 6752
6596 6611
8478 7752
699 5742
3546 2269
9434 7795
3326 2378
8822 2340
2153 107
5727 3615
3178 1685
4469 676
8684 5759
1301 2542
1472 5494
6656 843
8329 5908
7414 3535
2308 61
2484 2474
5895 2889
9584 1800
7495 1313
4091 8092
3266 8408
9249 1709
3156 3061
1325 7831
7788 1677
8695 8603
8982 7783
6280 3020
2573 5320
3266 3885
5708 1079
4725 1662
2377 7632
6955 6108
5926 9941
8756 5315
1652 4946
6130 8304
859 1526
6924 3622
3466 691
8076 2341
4855 3358
5082 3126
9031 1949
2066 8826
4445 4837
9139 8009
727 9324
4698 878
1932 1057
8727 4351
4468 3852
525 4450
8016 2297
327 187
8112 1739
9659 4882
3347 4825
2554 1132
186 4566
5236 7794
1351 7642
8524 9814
3636 3752
8227 7598
4792 693
6480 7424
9750 6129
6756 1774
8943 2010
8930 7374
3314 5343
6479 9439
1944 4494
480 2979
7744 3450
7779 6409
3158 8727
1080 9599
5254 6098
5761 2829
3274 7534
9827 8629
6485 8123
3256 6848
5370 4383
4391 2797
8848 2884
9124 6086
5615 7422
122 4910
8935 1033
5778 3946
1114 9712
2922 5330
9573 2681
7466 2514
9193 6478
3211 6482
2053 5100
6573 8864
4100 9488
4401 5467
5789 4407
6932 8627
435 486
2043 9673
5118 2145
8927 3134
2835 1718
3361 3330
6681 1001
8972 2453
1730 9392
8310 1699
5889 675
362 2076
4629 6895
1623 3312
5158 2201
4254 271
1265 6516
4209 236
5368 9247
7460 259
8366 2515
2916 2107
3350 1632
5423 7292
5093 57
1107 5016
62 9506
4092 7446
3556 151
9519 1815
3764 2752
3676 3827
4523 467
2060 5520
2936 4968
8250 96
360 6949
7279 3285
5762 2296
7397 6949
5578 5536
7394 1621
1438 4972
690 5158
1212 4604
406 3327
4444 3436
5388 5950
5545 5615
2660 9110
4262 6041
4571 3051
8971 9262
2931 1347
9536 4785
395 1312
607 5687
6876 7535
5683 6478
6355 7387
8786 7706
5233 2826
6251 7171
9130 4569
8730 4699
2569 5729
1636 512
6291 3809
2423 1811
284 3192
9050 9374
571 3880
4381 4029
9738 5085
6249 534
648 6580
6940 2998
8654 4880
1980 190
960 766
8198 585
5128 5541
4456 8165
8971 1120
9940 2953
9965 6344
5744 5366
6301 9480
8458 388
9575 7772
949 858
875 6840
5997 1113
1555 5429
3041 6189
4826 5991
1577 3541
325 7731
4560 754
3160 6254
3117 1962
3065 7093
9241 6499
4985 6650
5270 1636
9677 8947
1091 7983
7030 8566
9974 8870
6801 5261
9700 2648
1942 6860
5609 1525
8817 878
3180 1616
7406 7886
3327 6042
3629 9258
410 3222
8795 9774
8432 7992
5904 8282
2116 1122
4476 3873
1498 1668
9838 819
3646 7636
6769 4805
7726 5045
37 8032
2507 6645
1141 3265
406 6247
3914 2044
2642 4862
122 659
2678 3983
1906 2610
3286 2525
1167 8667
4850 7251
2444 484
2895 7531
4167 2859
7193 2864
5752 4157
3765 1840
3010 1617
3270 9873
7512 6460
3055 3936
1891 3328
3835 907
582 8056
5016 5048
2852 1801
8350 8233
3724 8981
7728 7390
1715 3828
2511 7810
8501 773
5163 8235
3549 8002
5621 6119
3808 4966
8745 2735
4973 177
6341 7015
5160 2528
8644 9753
9201 8730
8968 319
7505 4185
9184 1525
9843 8081
3166 8209
4866 7267
3098 9385
8620 2747
6744 8753
6653 9835
9812 1855
4039 897
3967 8916
6516 936
3266 9385
9489 3197
8680 25
1480 5218
7639 431
3992 8213
8608 9835
3072 2545
4618 8767
6318 2237
3068 7534
5169 5145
2795 621
5021 5930
4855 86
3980 712
8639 3676
8857 5110
1444 6154
1886 5104
5765 4800
2181 2557
7271 1853
7525 9973
1401 166
4324 9378
2745 7071
9329 6790
8791 7824
4816 3610
4928 4469
6922 4213
14 4904
4389 5615
589 5107
8495 8445
8232 1242
6563 5718
4021 648
3022 4619
4354 5014
2970 3091
2853 9831
7741 6671
2358 8426
292 4947
5901 7064
8711 6570
4799 3777
2655 8865
6156 8050
9866 6564
8460 6889
9052 4490
7089 7479
4336 5730
8247 5952
9903 157
2620 1968
8330 5507
1133 1184
6340 3528
5460 7340
8549 6403
7785 1654
4718 8515
3717 3632
7390 2178
8000 5884
7895 3029
9093 2571
6771 7771
9302 3795
6370 1858
7295 3888
8433 7215
7169 3281
6043 2669
9447 4040
145 3824
3117 9609
1824 47
2514 5526
5240 9101
5739 5569
6022 7690
1467 2538
4634 6124
4963 8654
2573 472
8303 1453
1428 4927
2499 8319
1547 2992
1758 8138
410 5518
8908 2007
1272 3781
2264 5377
8786 9117
7280 6345
8631 2154
3517 9637
7170 5582
6671 4139
9996 2033
1646 5606
2577 9132
4699 7759
4090 2300
9847 1699
1684 9812
1441 2607
3265 3982
7707 4982
9156 9403
5787 5604
8947 8865
9089 2293
525 13
7330 1775
7681 9822
4852 2694
4825 3476
2401 6074
9022 4883
7937 7149
7700 7385
9913 779
1646 3195
9076 9180
7759 8930
9097 9633
4288 9678
7509 5188
2524 8732
7162 6824
3695 7817
4956 7783
716 5809
7995 885
5662 9180
2621 9982
9625 4365
1270 8644
5442 2661
9342 1613
1060 3352
3710 3188
5046 5200
6120 4096
4406 1460
7802 4832
9664 9367
4502 1056
1710 254
7541 7946
9335 490
2011 8040
9082 4069
2457 7932
4560 4219
8362 2189
1846 6343
2387 8503
8491 6742
4392 9259
6374 8886
8886 6027
4656 6213
3575 5040
8862 5435
9467 2100
7966 7993
8001 519
4237 1773
9234 6769
9170 6567
4761 578
645 2680
4718 7161
1781 4771
7711 9136
3714 1707
3638 2202
9919 9439
5983 7246
6396 8126
1568 956
1520 15
1480 3079
9192 2314
2550 7563
5023 2165
9006 3107
5650 3927
1017 2881
4461 5834
7592 4173
1446 8041
873 6036
6086 7726
2881 4682
4040 6560
1493 4865
6345 103
268 645
4487 7354
9781 9615
7444 7480
6386 590
8624 8395
5281 7673
9949 9990
7917 4227
6978 2005
1275 2791
6334 7377
1631 1995
9077 6546
9120 1111
914 1774
1573 9315
4011 1371
1111 6742
8953 9934
4593 4837
9233 6120
3487 5387
2699 1877
6864 2301
8374 5386
857 3427
3258 4219
751 5724
4889 3787
8217 7456
3009 9822
2714 9512
1271 8601
7981 9676
3551 9841
7907 4034
607 2358
8276 5627
2337 8424
665 977
5176 5233
5633 4327
2350 5833
2525 9782
540 1985
6242 9526
589 6588
7712 9100
458 7428
9775 4769
8376 5394
6800 2094
7052 8030
9020 4158
1184 3912
8148 1093
2043 4813
5272 6974
8942 4171
6202 5981
6206 4049
8799 8859
4004 7074
4742 9718
9316 7666
1044 4166
8492 8876
3635 5174
9217 1590
9142 650
2866 8222
2304 8867
3546 2785
7465 9372
1690 6269
7631 6935
8934 510
30 4527
9113 3809
8394 4447
8612 1433
3416 6134
1210 3929
5187 5819
2836 3101
801 5774
6294 95
8559 2903
5356 6242
8465 1942
8159 9727
682 5103
4151 3089
2474 2882
4554 7653
4982 1179
5637 7218
5743 7563
3977 5097
3692 6872
3638 4268
4945 6479
3158 4636
259 7934
7732 6620
5187 5904
2752 3227
2720 5915
5702 9381
4369 9487
3697 9391
9438 5095
3033 75
1451 2922
5168 3097
865 6420
682 7030
9557 722
6287 1556
8409 4671
6046 5564
8048 3666
1338 9231
2265 7145
40 7813
5962 2945
7949 2219
3979 7656
9345 8889
6699 5824
3481 4952
3319 7164
5646 3737
2994 541
7547 8938
1926 2074
9122 1918
5705 9473
4608 4375
8352 303
8955 1592
7789 8382
482 928
2470 3386
52 9604
6349 1039
7048 2048
5844 1715
4387 5176
5932 4823
1745 8699
5454 6583
5894 2745
6344 8166
199 3991
3002 6787
9652 6398
8305 2563
3515 2622
9885 8223
7377 7286
1633 3805
9021 9987
2804 7509
1910 6486
4032 6052
9200 6971
4808 3402
6927 4408
3346 3453
1859 417
2331 6883
6213 213
7480 246
7780 3149
3835 4169
6789 8132
2257 2303
9664 850
7152 8870
7627 1149
8316 7814
2402 1249
6108 4178
5494 7804
1479 8666
6255 8316
