1000 2
1325 7831
8492 8876
2554 1132
4032 6052
6757 2203
9974 8870
9302 3795
728 5062
7732 6620
5926 9941
6522 4054
4629 6895
3717 3632
7414 3535
1846 1114
8862 5435
6370 1858
1438 4972
5950 8494
4004 7074
1271 8601
1265 6516
1108 5805
6242 9526
3724 8981
6156 8050
1626 3100
7271 1853
5637 7218
7779 6409
4808 3402
3010 1617
1111 6742
8795 9774
1906 2610
1781 4771
5789 4407
9335 490
8549 6403
5281 7673
3710 3188
626 603
3992 8213
9903 157
4698 878
6901 1379
4455 8559
1044 4166
682 7030
1212 7310
8644 9753
1467 2538
9523 9608
3166 8209
2424 7429
7152 8870
4656 6213
9077 6546
3123 9539
1272 3781
5352 1661
2423 1811
3098 4272
525 4450
8695 8603
5481 55
3314 5343
3487 5387
5240 9557
7709 3265
699 5742
3400 2499
7444 7480
9142 650
5657 8214
8350 8233
2895 7531
7995 885
7295 3888
8001 519
5188 7847
8773 4109
8786 7706
2265 7145
8971 1120
7169 3281
8876 9369
259 7934
7759 8930
5151 9227
2444 484
6255 8316
8683 9099
6301 9480
2257 2303
3158 8727
1942 6860
4237 1773
7787 6368
7460 259
2043 9673
9022 4883
7780 3149
8247 5952
8554 9327
3676 3827
410 3222
5549 9667
30 4527
8643 5292
5325 2970
3160 6254
6130 852
914 1774
3629 9258
2752 3227
7728 7390
8848 2884
7631 6935
8376 5394
8524 9814
8017 1929
5977 3110
6615 5146
5073 6664
482 928
4502 1056
1745 8699
2970 3091
9020 4158
7054 2985
4011 1371
3835 4169
4100 9488
4039 897
458 7428
3022 4619
6932 8627
6978 2005
4725 1662
7619 2039
2655 8865
8927 3134
2058 3771
2047 7290
8631 2154
969 114
6536 3263
940 847
8433 7215
406 6247
859 1526
665 977
8395 5499
9250 8278
4092 7446
6341 7015
6563 5718
3481 4952
7785 1654
5893 3741
1826 9614
9677 8947
1301 2542
8198 585
865 6420
5858 8584
7048 2048
949 858
1891 3328
4855 3358
8478 7752
6340 3528
3575 5040
4905 8646
3586 2897
4091 8092
589 5107
9149 3927
5752 4157
1519 4585
3088 5267
4718 8515
6130 8304
8301 7589
6349 1039
3823 7363
9170 6567
9557 722
2401 6074
9838 819
2620 1968
8501 773
757 3992
4381 4029
9919 9439
4144 9543
5894 2745
2329 3007
9420 9964
8209 9447
7089 7479
9659 4882
9234 6769
5629 3648
9625 4365
5702 9381
1114 9712
5158 2201
9584 1800
5609 1525
6101 5833
8548 4145
5392 479
3361 3330
9473 7739
5021 5930
5815 4389
8727 4351
7681 9822
3087 9497
4560 754
7627 6690
6084 7829
4956 7783
5467 6912
1555 5429
8955 1592
395 1312
8664 7495
8292 6680
7377 7286
6120 4096
8322 7695
6955 6108
1250 9159
9847 1699
1276 9832
2629 5614
738 5976
8460 6889
421 4581
7930 2765
9652 6398
5388 5950
5176 5233
648 6580
5997 1113
3638 4268
6569 479
1479 8666
6108 4178
8971 9262
284 3192
1275 2791
4826 5991
7894 2906
3338 2055
8791 7824
1859 417
6981 7430
9001 7973
6249 534
8747 1421
8968 319
8935 1033
3466 1692
2470 3386
9249 1709
9201 8730
7509 5188
3211 6482
3033 75
3902 5569
1690 6269
4523 467
1480 3079
1079 2444
8432 7992
4952 2663
2304 8867
6499 8174
7949 2219
8227 7598
8026 1519
4855 86
9695 6841
4866 7267
9192 2314
2573 5320
9113 3809
5187 5819
2337 8424
9438 5095
7613 8072
7788 1677
8573 3838
4453 2944
4445 4902
3068 7534
9738 5085
9329 6790
6539 9356
4021 648
5765 4800
5615 7422
5463 2218
5163 8235
3636 3752
2046 2225
7078 5519
4456 8165
1351 7642
4979 8737
406 3327
8076 2341
2060 5520
2043 4813
3546 2269
554 6706
4593 4837
4254 271
6206 4049
435 486
2569 5729
2264 5377
1493 4865
5844 1715
9233 6120
1401 166
8394 4447
4151 6763
9241 6499
9467 2100
7592 4173
2789 2502
4391 2797
8507 2647
1520 15
3117 1962
3835 907
1446 8041
8329 5908
8470 4380
2853 9831
3979 7656
3551 9841
5980 3266
342 8896
8628 8958
2484 2474
6924 3622
7135 4519
3512 5827
4406 1460
9489 3197
62 9506
6897 110
2358 8426
6686 3210
2678 3983
1243 6014
9940 2953
6213 213
9335 2054
5849 4489
7465 9372
1270 8644
4288 9678
9468 6913
5983 7246
3270 9873
5545 5615
3714 1707
5662 9180
186 4566
9097 9633
6904 8625
2881 4682
1623 3312
7712 9100
7958 3109
7895 3029
1846 6343
367 8896
5762 2296
1480 5218
1138 6081
14 4904
3646 7636
525 13
5454 6583
4571 3051
1432 5871
3393 4629
6756 1774
1472 5494
6177 1672
6769 4805
7030 8566
5168 3097
3346 3453
7707 4982
199 3991
1715 3828
2278 5222
571 3880
7842 2873
9827 8629
9573 2681
2773 7210
5621 6119
801 5774
6516 936
5895 2889
3347 4825
8930 7374
4889 3787
8361 9447
1980 190
8820 1544
4468 3852
7150 7313
2836 3101
5210 5552
2713 2570
8817 878
3327 6042
8357 5083
5727 3615
9217 1590
3818 2169
1684 9812
3313 5056
3258 4219
5889 675
8027 4538
3556 151
3178 1685
7627 1149
6355 7387
1631 1995
9322 7914
7547 8938
3098 9385
3055 3936
2499 8319
6864 2301
4852 2694
2338 4159
9832 1866
9184 1525
1184 3912
2976 304
4761 578
6086 7726
360 6949
5460 7340
8495 8445
4244 9821
1710 254
420 9752
9850 1609
6645 5150
8608 9835
5650 3927
5160 2528
9403 337
9402 4396
8839 7544
8395 3909
2011 8040
5901 7064
2573 472
5962 2945
8947 8865
6742 579
9193 6478
9664 850
1932 1057
1910 6486
9886 65
6480 7424
8075 662
4541 9006
1730 9392
6801 5261
7480 246
3266 8408
1037 2032
5272 6974
6715 1536
2435 2785
4709 4604
7512 6460
4963 8654
1473 8907
8016 2297
6474 7338
716 5809
3663 2014
9082 4069
670 2591
8970 1769
9913 779
9052 4490
5526 9419
6022 7690
3808 4966
4487 7354
8639 3676
2119 4365
9316 7666
8250 96
3416 6134
7541 7946
6396 8126
8406 9555
122 659
2507 6645
5705 9473
3156 3061
347 1650
37 8032
9516 1953
3265 3982
2053 5100
9490 6214
4389 5615
5932 4823
9200 6971
7966 7993
1758 8138
5233 2826
9022 5205
5739 5569
2350 5833
3945 4057
992 105
526 1323
7072 8138
7361 3164
9031 1949
5169 5145
5046 5200
7905 2717
8620 2747
4541 7549
6699 5824
1091 7983
5883 9124
9050 9374
5082 3126
4945 6479
5236 7794
8680 25
6671 4139
685 3576
8303 1453
9021 9987
1944 4494
40 7813
6294 95
2804 7509
4336 5730
8681 4161
7981 9676
1441 2607
4982 1179
7639 431
3180 1616
1419 3190
8310 1699
8799 8859
323 5462
540 1985
5023 2165
8000 5884
1697 4182
4369 9487
6682 3709
9093 2571
4537 9483
5254 6098
9519 1815
3635 5174
4863 6015
4445 4837
5537 2926
8305 2563
2660 9110
1190 5043
1646 3195
4476 3873
268 645
3530 5984
3244 2458
7937 7149
8756 5315
2835 1718
4324 9378
8014 7516
8217 7456
7170 5582
4145 9746
1167 8667
3319 7164
4401 5467
3515 2622
6202 5981
2524 8732
3466 691
1824 47
8563 6819
5160 6739
5118 2145
480 2979
5743 7563
7279 3285
9885 8223
8316 7814
2745 7071
5387 7495
325 7731
5423 7292
866 2185
7406 7886
1338 9231
8612 1433
582 8056
8786 9117
1451 2922
6287 1556
2514 5526
8730 4699
145 3824
7789 8382
751 5724
6656 843
7917 4227
4835 7909
4387 5176
4928 4469
9342 1613
3548 5289
1107 5016
4058 8677
8458 388
4448 5895
4874 249
4634 6124
52 9604
2377 7632
6344 8166
4699 7759
682 5103
7925 155
5623 8163
2866 8222
2714 9512
960 766
5418 9628
8908 2007
8048 3666
6560 1078
3967 8916
2795 621
7330 1775
4354 5014
5708 1079
8374 5386
6345 103
4392 9259
9750 6129
4890 5607
7404 7967
753 6143
7427 4107
857 3427
4792 693
8215 3617
6817 8959
8822 2340
3695 7817
2977 8244
6876 7535
8651 859
4799 3777
3002 6787
8684 5759
1444 6154
6334 7377
4444 3436
3274 7534
3870 1006
9512 6433
9843 8081
2642 4862
8204 7720
8872 6150
6403 2974
9156 9403
4469 676
4400 4238
3549 8002
1060 3352
4850 7251
751 9284
893 392
8654 4880
6344 4760
5442 2661
7404 4738
6940 2998
2405 3418
9124 6086
5036 572
8409 4671
1547 2992
8159 9727
3400 1879
5011 1070
5578 5536
4973 177
873 6036
6838 21
3977 5097
5270 1636
3638 2202
2387 8503
9567 1495
690 5158
3692 6872
7788 5899
5128 5541
2577 9132
1017 2881
8348 1830
7052 8030
3009 9822
5744 5366
8972 2453
2446 6905
4775 3655
882 2359
2153 107
8232 1242
9122 1918
5187 5904
3759 3539
6267 5783
8588 4984
2255 8657
4560 4219
5398 4980
2331 6883
6922 4213
9775 4769
3065 7093
4606 4641
362 2076
3158 4636
5339 3654
6251 7171
7726 5045
2662 2741
5633 4327
6744 8753
2066 8826
512 5719
6738 5584
8133 9170
1405 2058
7193 2864
8714 6752
7578 9899
4718 7161
3266 9385
2621 9982
3546 2785
9259 395
6479 9439
4461 5834
2474 2882
8667 3220
4848 9462
1646 5606
2447 7476
5215 1231
5201 4696
1358 8661
3072 2545
5101 531
7505 4185
9575 7772
3326 2378
9965 6344
2699 1877
7525 9973
1886 5104
6147 2116
7394 1621
4090 2300
7767 1464
2457 7932
607 2358
4816 3610
9120 1111
199 3102
3286 2525
5370 4383
6374 8886
2402 1249
299 7413
9089 2293
589 6588
7744 3450
2511 7810
1428 4927
9139 8009
1633 3805
2116 1122
1568 956
1852 8416
6573 8864
4151 3089
6318 2237
2181 2557
9345 8889
7390 2178
1080 9599
607 5687
875 6840
6043 2669
8366 2515
1577 3541
5368 9247
6386 590
8638 9225
2308 61
4040 6560
1268 9498
153 1460
2525 9782
1926 2074
3657 8347
1140 5641
8857 5110
5904 8282
8934 510
252 8195
9006 3107
5222 4979
8352 303
8942 4171
7741 6671
1212 4604
5093 57
2300 9910
3233 7357
9447 4040
3697 9391
5368 5437
3350 1632
8491 6742
6681 1001
7466 2514
5494 7804
8050 237
7894 9503
5240 9101
9812 1855
9856 1111
3914 2044
9536 4785
419 8167
6771 7771
8465 1942
7397 6949
5905 4864
9557 8712
1133 1184
5415 3986
8745 2735
3266 3885
727 9324
7700 7385
9057 6349
4618 8767
1210 3929
7711 9136
3517 9637
1879 6344
6596 6611
5741 3572
6046 5564
7753 5789
3041 6189
7802 4832
4549 735
2994 541
1636 512
3291 6500
7162 6824
4985 6650
2797 833
6291 3809
122 4910
1141 3265
4209 236
292 4947
9434 7795
1915 1408
4167 2859
6967 7221
1652 4946
9076 9180
4372 1029
2522 4504
1771 480
6927 4408
4742 9718
645 2680
8943 2010
4608 4375
5761 2829
9664 9367
8649 3969
7724 5516
2916 2107
590 6381
327 187
6567 6391
2369 7518
9700 2648
1475 8443
9996 2033
6653 9835
4796 953
9339 6674
7907 4034
8362 2189
2550 7563
6800 2094
410 5518
5778 3946
8711 6570
8112 1739
6280 3020
1498 1668
6826 2644
1573 9315
2944 4587
1947 2570
5646 3737
2931 1347
5016 5048
5900 6414
3765 1840
7280 6345
7495 1313
8330 5507
8276 5627
6789 8132
8381 492
8624 8395
6433 2790
1784 6804
8559 2903
3256 6848
4825 3476
9781 9615
2922 5330
832 3629
8953 9934
75 2194
759 918
3117 9609
8982 7783
3764 2752
1740 5965
5787 5604
6684 3704
2936 4968
4262 6041
8148 1093
2852 1801
6485 8123
4554 7653
3980 712
9949 9990
5356 6242
2720 5915
5683 6478
9866 6564
7489 5689
8386 8862
8671 9224
9130 4569
8886 6027
