1000 2
9052 4490
5926 9941
1631 1995
8872 6150
6396 8126
2387 8503
5118 2145
3265 3982
7728 7390
9193 6478
7152 8870
8982 7783
7712 9100
8608 9835
8148 1093
2620 1968
3010 1617
759 918
4963 8654
3416 6134
6370 1858
5683 6478
7709 3265
8651 859
458 7428
3088 5267
5894 2745
682 7030
6838 21
3041 6189
9468 6913
3314 5343
8027 4538
7465 9372
9149 3927
5392 479
2401 6074
7193 2864
4032 6052
1107 5016
2621 9982
7627 1149
1358 8661
648 6580
7785 1654
1212 4604
5904 8282
1715 3828
2457 7932
186 4566
4254 271
9516 1953
5789 4407
7779 6409
4151 6763
30 4527
1428 4927
9097 9633
8908 2007
7895 3029
949 858
9233 6120
8017 1929
1547 2992
4956 7783
3068 7534
8026 1519
9886 65
9584 1800
5893 3741
6499 8174
2511 7810
9575 7772
540 1985
8942 4171
323 5462
5240 9557
2852 1801
2522 4504
3266 8408
4400 4238
6108 4178
6569 479
5352 1661
1910 6486
9536 4785
4889 3787
3759 3539
1745 8699
6177 1672
6864 2301
1944 4494
6826 2644
5093 57
4456 8165
8563 6819
1138 6081
4890 5607
2714 9512
626 603
6213 213
690 5158
1301 2542
3400 1879
4389 5615
4090 2300
6769 4805
8612 1433
1623 3312
1467 2538
8876 9369
5702 9381
8953 9934
9467 2100
2922 5330
8198 585
6255 8316
6560 1078
1942 6860
9200 6971
9557 722
4874 249
3765 1840
5210 5552
3160 6254
1932 1057
6249 534
2514 5526
2116 1122
8848 2884
751 9284
5481 55
3123 9539
1210 3929
7361 3164
5615 7422
9573 2681
8292 6680
2895 7531
5950 8494
199 3102
3286 2525
2446 6905
6344 8166
2524 8732
3178 1685
6374 8886
5537 2926
3548 5289
4387 5176
590 6381
6742 579
7802 4832
5844 1715
1915 1408
9020 4158
6757 2203
9523 9608
2944 4587
5270 1636
2329 3007
4381 4029
8014 7516
8000 5884
7489 5689
8386 8862
5629 3648
8711 6570
7414 3535
2066 8826
6287 1556
7639 431
5621 6119
410 3222
9217 1590
8624 8395
9903 157
8366 2515
8730 4699
1479 8666
2994 541
420 9752
1444 6154
6485 8123
9949 9990
3979 7656
2655 8865
7404 4738
9473 7739
1272 3781
2573 5320
5158 2201
7925 155
8247 5952
9420 9964
4406 1460
4808 3402
8374 5386
9940 2953
8822 2340
8839 7544
1784 6804
6671 4139
9089 2293
3350 1632
3676 3827
5895 2889
4850 7251
6699 5824
6801 5261
8727 4351
3724 8981
4392 9259
8684 5759
4444 3436
5744 5366
5176 5233
6744 8753
9512 6433
4826 5991
4469 676
5160 2528
6043 2669
1781 4771
2773 7210
5623 8163
5460 7340
6927 4408
406 6247
1037 2032
8573 3838
3180 1616
4718 7161
2447 7476
9557 8712
6924 3622
571 3880
9076 9180
8432 7992
5932 4823
5905 4864
9965 6344
2629 5614
992 105
4606 4641
4021 648
2058 3771
347 1650
7377 7286
5021 5930
1697 4182
2484 2474
9022 4883
395 1312
6573 8864
8478 7752
9201 8730
5169 5145
6403 2974
6474 7338
2525 9782
2853 9831
1265 6516
8406 9555
1859 417
327 187
2970 3091
6904 8625
2745 7071
8048 3666
7390 2178
1846 1114
4699 7759
4549 735
9677 8947
6340 3528
9322 7914
5578 5536
685 3576
367 8896
8934 510
7789 8382
8972 2453
3098 4272
8549 6403
9700 2648
6789 8132
9006 3107
893 392
3256 6848
7054 2985
9335 2054
9093 2571
8316 7814
699 5742
4092 7446
8395 5499
2424 7429
751 5724
9913 779
8820 1544
6318 2237
2916 2107
607 5687
3692 6872
5254 6098
9447 4040
8747 1421
1652 4946
2153 107
4863 6015
2795 621
3551 9841
1633 3805
4560 754
2977 8244
4629 6895
526 1323
1243 6014
6334 7377
2257 2303
8927 3134
2350 5833
8664 7495
6294 95
6084 7829
6267 5783
360 6949
5233 2826
9843 8081
3009 9822
1141 3265
9625 4365
3098 9385
940 847
2678 3983
8460 6889
5761 2829
757 3992
3549 8002
8075 662
2499 8319
9856 1111
9403 337
2976 304
8376 5394
4608 4375
9339 6674
7681 9822
6922 4213
7048 2048
9302 3795
3274 7534
3087 9497
268 645
5215 1231
6817 8959
3717 3632
3914 2044
2881 4682
1473 8907
1419 3190
4656 6213
7905 2717
1906 2610
5727 3615
1926 2074
8559 2903
5370 4383
2255 8657
2720 5915
5752 4157
9885 8223
6567 6391
4855 3358
199 3991
4144 9543
2304 8867
6656 843
3646 7636
7995 885
7170 5582
3156 3061
6901 1379
122 4910
6147 2116
7135 4519
3586 2897
8935 1033
4866 7267
2046 2225
8076 2341
3575 5040
6480 7424
1498 1668
8930 7374
5281 7673
7981 9676
4982 1179
7787 6368
3327 6042
8683 9099
5442 2661
2550 7563
525 4450
5778 3946
6242 9526
1886 5104
7052 8030
2181 2557
8786 9117
2470 3386
342 8896
9249 1709
8301 7589
5765 4800
4502 1056
859 1526
866 2185
4979 8737
1079 2444
3158 4636
5101 531
4796 953
1275 2791
4634 6124
9434 7795
4537 9483
5046 5200
4369 9487
7788 5899
3710 3188
716 5809
7444 7480
5741 3572
969 114
1475 8443
6684 3704
4945 6479
8232 1242
7759 8930
9184 1525
4905 8646
4324 9378
2265 7145
5082 3126
4445 4837
8303 1453
7509 5188
7162 6824
4523 467
7753 5789
2377 7632
3158 8727
5325 2970
9847 1699
8588 4984
7072 8138
1271 8601
3530 5984
9250 8278
1577 3541
284 3192
9342 1613
9142 650
4792 693
292 4947
2358 8426
6536 3263
7150 7313
2797 833
4541 7549
582 8056
5743 7563
5240 9101
1690 6269
9345 8889
4209 236
7707 4982
9077 6546
753 6143
7958 3109
4825 3476
6686 3210
1133 1184
4237 1773
1432 5871
6981 7430
52 9604
8799 8859
6280 3020
960 766
3166 8209
875 6840
9402 4396
2866 8222
1446 8041
7404 7967
7613 8072
8322 7695
9832 1866
3072 2545
8971 1120
4151 3089
9259 395
8654 4880
4145 9746
122 659
8348 1830
8639 3676
4354 5014
682 5103
6130 8304
8507 2647
8671 9224
3823 7363
5398 4980
1250 9159
5011 1070
5815 4389
7966 7993
2308 61
5494 7804
9490 6214
1441 2607
4461 5834
6715 1536
2331 6883
6653 9835
2474 2882
1740 5965
1730 9392
5977 3110
5889 675
8643 5292
7030 8566
8955 1592
299 7413
6120 4096
1091 7983
6022 7690
1980 190
3117 9609
6539 9356
728 5062
5387 7495
4761 578
8628 8958
4476 3873
8329 5908
7541 7946
6433 2790
5849 4489
8968 319
5339 3654
5739 5569
2573 472
7842 2873
8971 9262
8745 2735
1167 8667
4848 9462
5463 2218
6876 7535
4973 177
7894 2906
5187 5904
4593 4837
8250 96
2338 4159
3512 5827
7280 6345
8357 5083
259 7934
1947 2570
8227 7598
3291 6500
1114 9712
8305 2563
9664 9367
421 4581
525 13
153 1460
8433 7215
3361 3330
5609 1525
3117 1962
1852 8416
1060 3352
607 2358
8465 1942
8638 9225
5236 7794
589 5107
4262 6041
3002 6787
1351 7642
4004 7074
1684 9812
9866 6564
3977 5097
9241 6499
7631 6935
3266 9385
8217 7456
5368 5437
1190 5043
7169 3281
8458 388
914 1774
1846 6343
3546 2269
5549 9667
3022 4619
8817 878
3556 151
5858 8584
4698 878
4852 2694
7295 3888
3065 7093
4448 5895
7767 1464
1451 2922
5368 9247
4928 4469
3967 8916
145 3824
5900 6414
2554 1132
4541 9006
3270 9873
5633 4327
3266 3885
9812 1855
865 6420
9738 5085
1276 9832
1573 9315
4039 897
2699 1877
9781 9615
3338 2055
5168 3097
6738 5584
1636 512
8795 9774
1140 5641
1710 254
6345 103
3714 1707
2836 3101
9022 5205
1405 2058
3902 5569
480 2979
4040 6560
2043 9673
8756 5315
7937 7149
3487 5387
9329 6790
3657 8347
9021 9987
6771 7771
7512 6460
4167 2859
37 8032
5356 6242
1044 4166
2444 484
406 3327
8501 773
8970 1769
6344 4760
4799 3777
7700 7385
6291 3809
1268 9498
5188 7847
5762 2296
7578 9899
2011 8040
2300 9910
3636 3752
7711 9136
6301 9480
6479 9439
3764 2752
7744 3450
1824 47
3945 4057
7466 2514
2119 4365
4336 5730
3870 1006
6046 5564
2278 5222
6202 5981
7330 1775
7917 4227
5657 8214
9838 819
3629 9258
8209 9447
2789 2502
5036 572
8001 519
7788 1677
4288 9678
7505 4185
4560 4219
3695 7817
8857 5110
3346 3453
8016 2297
4372 1029
5705 9473
8862 5435
8133 9170
5962 2945
5163 8235
2507 6645
2569 5729
8524 9814
6897 110
8620 2747
4855 86
554 6706
3211 6482
9057 6349
512 5719
9234 6769
9156 9403
2053 5100
1017 2881
4401 5467
1826 9614
1626 3100
9750 6129
7732 6620
1184 3912
1758 8138
14 4904
2435 2785
9567 1495
6101 5833
5662 9180
4835 7909
7397 6949
8352 303
8050 237
75 2194
1401 166
5637 7218
3546 2785
3244 2458
8644 9753
7480 246
7495 1313
1493 4865
4709 4604
1879 6344
727 9324
4718 8515
873 6036
1111 6742
1555 5429
5650 3927
670 2591
8409 4671
8631 2154
9192 2314
4445 4902
9001 7973
5467 6912
6563 5718
832 3629
7627 6690
2660 9110
2804 7509
9695 6841
7724 5516
7525 9973
9974 8870
8695 8603
6251 7171
8362 2189
857 3427
9775 4769
3466 691
3818 2169
2264 5377
6206 4049
5980 3266
6156 8050
3663 2014
8680 25
2662 2741
40 7813
5545 5615
7279 3285
8554 9327
2043 4813
9996 2033
5023 2165
4725 1662
2402 1249
9652 6398
4618 8767
1646 3195
6355 7387
5151 9227
8381 492
8947 8865
8361 9447
1080 9599
7930 2765
5128 5541
1480 3079
8548 4145
645 2680
8492 8876
2337 8424
7949 2219
362 2076
419 8167
4058 8677
9659 4882
1520 15
5883 9124
5526 9419
7741 6671
1646 5606
2047 7290
3347 4825
6086 7726
9335 490
5708 1079
8773 4109
9124 6086
6681 1001
5787 5604
3808 4966
1270 8644
4091 8092
4487 7354
6955 6108
3481 4952
7406 7886
6615 5146
7460 259
7894 9503
8159 9727
9122 1918
9489 3197
8276 5627
3515 2622
8495 8445
8310 1699
3033 75
3697 9391
1771 480
2369 7518
8667 3220
9170 6567
6682 3709
589 6588
2642 4862
7619 2039
5016 5048
6932 8627
62 9506
4775 3655
1212 7310
3992 8213
738 5976
1325 7831
8791 7824
5388 5950
252 8195
4554 7653
482 928
7078 5519
3635 5174
8681 4161
9130 4569
5997 1113
3400 2499
9139 8009
8491 6742
1568 956
8112 1739
6349 1039
4742 9718
3517 9637
882 2359
3980 712
5222 4979
8886 6027
3319 7164
2936 4968
2752 3227
4100 9488
9850 1609
8395 3909
8470 4380
9827 8629
5418 9628
5646 3737
2060 5520
5983 7246
8204 7720
3835 907
8649 3969
6516 936
1438 4972
9919 9439
6130 852
2405 3418
9113 3809
8786 7706
4244 9821
3233 7357
8714 6752
410 5518
9316 7666
6756 1774
3313 5056
1519 4585
5201 4696
1480 5218
6341 7015
8350 8233
2423 1811
4816 3610
7089 7479
7271 1853
6967 7221
6978 2005
7726 5045
5187 5819
9031 1949
9519 1815
1338 9231
3258 4219
2931 1347
4952 2663
2577 9132
3638 2202
6522 4054
435 486
3466 1692
5454 6583
8394 4447
5160 6739
7547 8938
6596 6611
2835 1718
5272 6974
4571 3051
1891 3328
1472 5494
8330 5507
3326 2378
9438 5095
801 5774
9082 4069
4455 8559
4391 2797
9120 1111
5073 6664
1108 5805
5415 3986
6645 5150
8943 2010
3055 3936
325 7731
3835 4169
3638 4268
4468 3852
7907 4034
3393 4629
7394 1621
2713 2570
4985 6650
4011 1371
7780 3149
9050 9374
8215 3617
5423 7292
7592 4173
5901 7064
4453 2944
7427 4107
9664 850
6940 2998
6800 2094
6386 590
665 977
