1000 2
5849 4489
8027 4538
4874 249
1438 4972
186 4566
5741 3572
2678 3983
2350 5833
4456 8165
4032 6052
1140 5641
3487 5387
3072 2545
8624 8395
4354 5014
8955 1592
4541 9006
8643 5292
3636 3752
4090 2300
4816 3610
1697 4182
6479 9439
4973 177
5388 5950
9077 6546
9903 157
2569 5729
699 5742
1270 8644
5368 9247
3041 6189
4775 3655
9170 6567
7427 4107
52 9604
8433 7215
1451 2922
7709 3265
1631 1995
9664 850
4761 578
2797 833
1758 8138
7895 3029
2331 6883
145 3824
4656 6213
3291 6500
3714 1707
9573 2681
8406 9555
8773 4109
9089 2293
5765 4800
1060 3352
6355 7387
4629 6895
9856 1111
4039 897
8348 1830
727 9324
4209 236
1846 1114
1684 9812
626 603
6876 7535
1210 3929
6684 3704
1926 2074
7480 246
4091 8092
6433 2790
7966 7993
5240 9101
6294 95
299 7413
8316 7814
8217 7456
3765 1840
9234 6769
992 105
6940 2998
5168 3097
7541 7946
5983 7246
7169 3281
2424 7429
9259 395
590 6381
5787 5604
949 858
9512 6433
4151 3089
5023 2165
323 5462
9345 8889
7509 5188
1079 2444
6922 4213
7744 3450
7444 7480
4952 2663
6653 9835
9490 6214
757 3992
1944 4494
2153 107
8330 5507
4400 4238
512 5719
7907 4034
2662 2741
6955 6108
1401 166
645 2680
7150 7313
5021 5930
8357 5083
3710 3188
5702 9381
5977 3110
2699 1877
2629 5614
7072 8138
4963 8654
3266 9385
5187 5819
8786 7706
9652 6398
5442 2661
8727 4351
8786 9117
7631 6935
9316 7666
7460 259
9625 4365
14 4904
37 8032
9468 6913
4145 9746
6901 1379
5904 8282
5778 3946
2550 7563
6370 1858
6756 1774
5392 479
9329 6790
5997 1113
4560 4219
2714 9512
8559 2903
7404 4738
6769 4805
5387 7495
9519 1815
4021 648
9021 9987
6022 7690
5339 3654
6046 5564
6817 8959
589 6588
9335 2054
6086 7726
6130 852
5727 3615
1646 5606
8971 9262
6374 8886
7619 2039
5325 2970
2931 1347
7753 5789
4792 693
1906 2610
199 3102
2444 484
5370 4383
4406 1460
8075 662
8329 5908
2470 3386
7404 7967
5905 4864
2300 9910
9738 5085
3646 7636
7394 1621
1784 6804
3002 6787
2752 3227
1276 9832
682 7030
3068 7534
4445 4902
4808 3402
4571 3051
8076 2341
873 6036
9886 65
5240 9557
2573 5320
6904 8625
1212 4604
4244 9821
1846 6343
2836 3101
5011 1070
3009 9822
8631 2154
5752 4157
9885 8223
5423 7292
2977 8244
7377 7286
6924 3622
5188 7847
5101 531
6386 590
1730 9392
5418 9628
5201 4696
1636 512
540 1985
3158 4636
8495 8445
7030 8566
6251 7171
2511 7810
4905 8646
6682 3709
8886 6027
9193 6478
2181 2557
2304 8867
419 8167
6147 2116
4852 2694
8276 5627
2278 5222
2621 9982
9575 7772
5629 3648
5481 55
4011 1371
6206 4049
2358 8426
6645 5150
9201 8730
3244 2458
9781 9615
9949 9990
5762 2296
7390 2178
3180 1616
9120 1111
4606 4641
9057 6349
1271 8601
9557 8712
9249 1709
3123 9539
5368 5437
2499 8319
7505 4185
7780 3149
3338 2055
9850 1609
7592 4173
5460 7340
2789 2502
3065 7093
7949 2219
8305 2563
8017 1929
4979 8737
3327 6042
525 4450
1428 4927
5743 7563
2058 3771
3992 8213
857 3427
3346 3453
1091 7983
5761 2829
7759 8930
3818 2169
4444 3436
589 5107
6681 1001
5615 7422
7995 885
5222 4979
7330 1775
8695 8603
2970 3091
5415 3986
410 3222
2474 2882
8470 4380
9001 7973
5637 7218
8872 6150
4866 7267
1325 7831
8791 7824
3313 5056
4167 2859
8620 2747
1301 2542
199 3991
4835 7909
2514 5526
8683 9099
3657 8347
9677 8947
9489 3197
6671 4139
1879 6344
8942 4171
3098 9385
3586 2897
284 3192
4391 2797
8376 5394
8232 1242
1740 5965
6249 534
4554 7653
9156 9403
122 4910
6177 1672
8458 388
8227 7598
5036 572
2881 4682
6318 2237
1167 8667
3823 7363
5901 7064
875 6840
1980 190
4468 3852
9832 1866
9940 2953
8681 4161
2402 1249
1080 9599
6485 8123
4100 9488
9847 1699
9031 1949
3515 2622
5683 6478
4453 2944
5657 8214
1133 1184
1444 6154
5646 3737
9052 4490
2936 4968
3512 5827
3556 151
1498 1668
406 3327
30 4527
8395 3909
2264 5377
5158 2201
6596 6611
480 2979
8524 9814
7842 2873
2046 2225
685 3576
3638 4268
8651 859
4634 6124
6120 4096
9076 9180
4541 7549
9142 650
2944 4587
8947 8865
362 2076
751 9284
6864 2301
1859 417
9192 2314
8756 5315
1111 6742
3530 5984
7052 8030
1710 254
7711 9136
4369 9487
1519 4585
6932 8627
4608 4375
1891 3328
4593 4837
8050 237
6927 4408
342 8896
3400 2499
7937 7149
2713 2570
2011 8040
3551 9841
8862 5435
3266 3885
1745 8699
4826 5991
2655 8865
3416 6134
8934 510
8711 6570
1690 6269
6108 4178
259 7934
8638 9225
268 645
8001 519
3274 7534
2337 8424
9434 7795
3980 712
7767 1464
5281 7673
8000 5884
9139 8009
2835 1718
648 6580
3808 4966
421 4581
4392 9259
5739 5569
7466 2514
1947 2570
8026 1519
7925 155
8822 2340
8664 7495
960 766
8549 6403
9302 3795
9467 2100
5494 7804
9402 4396
4389 5615
3258 4219
4092 7446
4487 7354
7779 6409
5621 6119
4725 1662
9020 4158
4262 6041
1108 5805
9006 3107
2116 1122
682 5103
5844 1715
738 5976
2377 7632
8839 7544
582 8056
9122 1918
940 847
7707 4982
7295 3888
665 977
6287 1556
7917 4227
3717 3632
3759 3539
6536 3263
1715 3828
753 6143
3870 1006
7732 6620
6344 8166
2401 6074
8982 7783
1826 9614
7712 9100
9217 1590
8394 4447
6349 1039
5454 6583
8714 6752
2119 4365
2852 1801
8460 6889
1852 8416
6563 5718
1942 6860
9130 4569
8204 7720
3347 4825
3977 5097
9659 4882
5526 9419
1652 4946
7958 3109
7547 8938
526 1323
2265 7145
9124 6086
5950 8494
8943 2010
2524 8732
3233 7357
8014 7516
7639 431
6981 7430
4448 5895
5236 7794
6499 8174
7726 5045
8409 4671
2405 3418
9965 6344
5895 2889
8352 303
9233 6120
9241 6499
3256 6848
8680 25
3695 7817
5272 6974
1358 8661
2773 7210
2916 2107
7512 6460
5858 8584
1555 5429
1184 3912
2895 7531
3158 8727
6084 7829
9093 2571
5398 4980
8799 8859
9775 4769
420 9752
5215 1231
3902 5569
8628 8958
5118 2145
7681 9822
3022 4619
7397 6949
4336 5730
8432 7992
5356 6242
6101 5833
893 392
6516 936
4058 8677
6967 7221
6742 579
6403 2974
3517 9637
7152 8870
7048 2048
8820 1544
690 5158
5662 9180
8588 4984
5352 1661
8649 3969
8016 2297
252 8195
6560 1078
969 114
3663 2014
2308 61
3546 2785
4372 1029
8361 9447
8876 9369
7894 9503
1017 2881
292 4947
5633 4327
4144 9543
7271 1853
7788 1677
3010 1617
6826 2644
2435 2785
367 8896
7078 5519
8968 319
7054 2985
525 13
3692 6872
8908 2007
2257 2303
6800 2094
7613 8072
6130 8304
7787 6368
4848 9462
8250 96
3549 8002
6345 103
8971 1120
8608 9835
1272 3781
8301 7589
6202 5981
4502 1056
670 2591
5046 5200
8745 2735
4004 7074
6341 7015
6340 3528
1419 3190
9113 3809
8362 2189
6789 8132
1781 4771
9342 1613
4560 754
3265 3982
5270 1636
5609 1525
8548 4145
4982 1179
4455 8559
9913 779
327 187
4945 6479
2976 304
8848 2884
1351 7642
6522 4054
1275 2791
1824 47
2620 1968
8817 878
1475 8443
9149 3927
728 5062
2369 7518
3967 8916
1141 3265
1338 9231
607 2358
3350 1632
1107 5016
9447 4040
1212 7310
2329 3007
7627 1149
7905 2717
6539 9356
4956 7783
1910 6486
8310 1699
2457 7932
9200 6971
1480 3079
6897 110
395 1312
6738 5584
2338 4159
3098 4272
8684 5759
5463 2218
7089 7479
2507 6645
8303 1453
6043 2669
8381 492
7361 3164
8148 1093
2795 621
6757 2203
5815 4389
9557 722
8492 8876
5093 57
9473 7739
7406 7886
6280 3020
9523 9608
4709 4604
1480 5218
3914 2044
3697 9391
1626 3100
62 9506
2994 541
8112 1739
9322 7914
4799 3777
6744 8753
8159 9727
5169 5145
8247 5952
8927 3134
8215 3617
6480 7424
4699 7759
9050 9374
5962 2945
4288 9678
2525 9782
8671 9224
7495 1313
2922 5330
2447 7476
866 2185
1473 8907
1932 1057
7627 6690
8366 2515
1633 3805
1472 5494
9339 6674
3270 9873
2043 4813
2804 7509
7728 7390
859 1526
360 6949
9438 5095
3400 1879
1405 2058
1037 2032
4401 5467
3211 6482
8478 7752
759 918
6569 479
5623 8163
9097 9633
4855 86
6474 7338
6573 8864
6567 6391
5254 6098
3393 4629
5073 6664
3945 4057
5163 8235
607 5687
6301 9480
5545 5615
7789 8382
9700 2648
3117 9609
2066 8826
1190 5043
4863 6015
9420 9964
6978 2005
2522 4504
5744 5366
5082 3126
9403 337
2866 8222
3629 9258
8795 9774
9082 4069
406 6247
9184 1525
9695 6841
1771 480
716 5809
7741 6671
7280 6345
5980 3266
3979 7656
2387 8503
5932 4823
2043 9673
8857 5110
9843 8081
832 3629
1479 8666
6156 8050
7578 9899
3286 2525
2642 4862
3481 4952
482 928
9974 8870
6242 9526
3724 8981
4855 3358
4476 3873
6334 7377
3314 5343
7894 2906
5894 2745
2047 7290
9996 2033
6291 3809
6656 843
153 1460
7930 2765
4381 4029
1446 8041
8048 3666
6715 1536
1138 6081
4523 467
2060 5520
2053 5100
751 5724
3156 3061
325 7731
7193 2864
6801 5261
4537 9483
9584 1800
9827 8629
1646 3195
8970 1769
4850 7251
7525 9973
5889 675
2554 1132
3361 3330
347 1650
4254 271
2745 7071
3117 1962
2720 5915
3466 1692
1623 3312
4461 5834
8386 8862
3835 4169
4889 3787
3635 5174
9335 490
9664 9367
410 5518
2660 9110
5176 5233
7135 4519
122 659
3087 9497
5128 5541
3160 6254
1114 9712
7981 9676
8644 9753
5926 9941
8639 3676
9919 9439
3266 8408
3764 2752
5467 6912
40 7813
8465 1942
7465 9372
4928 4469
8350 8233
8322 7695
4549 735
1573 9315
3166 8209
1044 4166
6344 4760
8292 6680
8935 1033
3055 3936
1547 2992
865 6420
75 2194
3319 7164
8563 6819
3676 3827
7802 4832
8198 585
4718 8515
7785 1654
3326 2378
8573 3838
8930 7374
8654 4880
7489 5689
1467 2538
9536 4785
2573 472
6686 3210
8507 2647
4151 6763
5883 9124
1568 956
5160 6739
2255 8657
6699 5824
3466 691
5016 5048
882 2359
8953 9934
5549 9667
1886 5104
8554 9327
4469 676
4445 4837
3575 5040
3835 907
5151 9227
1577 3541
5578 5536
4985 6650
6396 8126
5210 5552
1493 4865
4324 9378
4890 5607
571 3880
8209 9447
1915 1408
8133 9170
9866 6564
8747 1421
5650 3927
6771 7771
4618 8767
8374 5386
8972 2453
6213 213
8395 5499
9838 819
5187 5904
9750 6129
2484 2474
5893 3741
6838 21
2577 9132
9250 8278
1520 15
8491 6742
9812 1855
554 6706
7170 5582
5900 6414
5789 4407
4698 878
6615 5146
4718 7161
435 486
8612 1433
7700 7385
3638 2202
2446 6905
5537 2926
3033 75
4387 5176
1265 6516
2853 9831
5705 9473
1268 9498
7279 3285
3088 5267
1441 2607
1250 9159
3178 1685
4040 6560
9022 4883
7414 3535
1432 5871
9022 5205
8501 773
801 5774
7724 5516
9567 1495
6267 5783
5160 2528
3546 2269
458 7428
4742 9718
7788 5899
4237 1773
4825 3476
4796 953
7162 6824
8667 3220
1243 6014
2423 1811
5708 1079
6255 8316
9516 1953
8730 4699
914 1774
5233 2826
3548 5289
