1000 2
4890 5607
9316 7666
8972 2453
1547 2992
7788 1677
9567 1495
9249 1709
4606 4641
525 4450
3466 691
5158 2201
7390 2178
9233 6120
6147 2116
1167 8667
969 114
4401 5467
2153 107
5708 1079
7460 259
5270 1636
5741 3572
4718 8515
252 8195
5894 2745
2116 1122
992 105
3033 75
7709 3265
1276 9832
2678 3983
5272 6974
6955 6108
3546 2785
9695 6841
6681 1001
7842 2873
699 5742
7170 5582
8250 96
1275 2791
5683 6478
2662 2741
8681 4161
7512 6460
7789 8382
8133 9170
2621 9982
7639 431
2804 7509
2866 8222
2265 7145
8684 5759
6876 7535
9192 2314
9447 4040
670 2591
9827 8629
2511 7810
5423 7292
3548 5289
9775 4769
1338 9231
3098 9385
8839 7544
9903 157
949 858
3166 8209
6817 8959
540 1985
6202 5981
8714 6752
5889 675
199 3102
3180 1616
8822 2340
4145 9746
1133 1184
4021 648
7627 6690
9467 2100
4040 6560
3160 6254
3466 1692
2304 8867
3244 2458
8968 319
6539 9356
2977 8244
1017 2881
3512 5827
801 5774
8330 5507
859 1526
1915 1408
4905 8646
2387 8503
5325 2970
9575 7772
6922 4213
8217 7456
8227 7598
3158 4636
2358 8426
4554 7653
5900 6414
8644 9753
4058 8677
1475 8443
5240 9101
4835 7909
2554 1132
6838 21
9077 6546
5633 4327
9516 1953
419 8167
6715 1536
626 603
9838 819
1210 3929
6294 95
186 4566
2043 4813
690 5158
268 645
571 3880
6940 2998
2720 5915
8886 6027
2331 6883
7627 1149
685 3576
3010 1617
3065 7093
3546 2269
4560 754
325 7731
7330 1775
8857 5110
7767 1464
3098 4272
8406 9555
7741 6671
8559 2903
7048 2048
8376 5394
607 5687
5101 531
4848 9462
5752 4157
4167 2859
4549 735
480 2979
7780 3149
2350 5833
3992 8213
1405 2058
2337 8424
9001 7973
8639 3676
1441 2607
5415 3986
9335 2054
2447 7476
4618 8767
8588 4984
8492 8876
1636 512
6120 4096
3265 3982
5609 1525
3266 8408
6738 5584
9965 6344
682 7030
2994 541
1114 9712
1108 5805
75 2194
2405 3418
8316 7814
7995 885
1910 6486
6101 5833
1633 3805
6671 4139
9335 490
6901 1379
6086 7726
6156 8050
7150 7313
2573 472
8381 492
3517 9637
8017 1929
8310 1699
2936 4968
9812 1855
7295 3888
2046 2225
5702 9381
8711 6570
2916 2107
3979 7656
7505 4185
4699 7759
1784 6804
8643 5292
37 8032
8747 1421
940 847
1111 6742
3416 6134
7759 8930
3629 9258
4372 1029
8745 2735
3327 6042
7724 5516
5467 6912
3286 2525
1745 8699
7712 9100
4571 3051
8935 1033
554 6706
1932 1057
9339 6674
8953 9934
327 187
4718 7161
2066 8826
6682 3709
8305 2563
6370 1858
1555 5429
6927 4408
4593 4837
5926 9941
1358 8661
9664 850
8651 859
2457 7932
2329 3007
367 8896
3575 5040
323 5462
4808 3402
1577 3541
8654 4880
7894 2906
1652 4946
5977 3110
8791 7824
8982 7783
960 766
4244 9821
3967 8916
3266 3885
9142 650
3178 1685
3902 5569
6403 2974
4469 676
9302 3795
6596 6611
9241 6499
1184 3912
8458 388
6108 4178
6522 4054
8350 8233
7895 3029
4982 1179
7054 2985
5454 6583
2550 7563
3009 9822
4608 4375
2573 5320
4487 7354
8322 7695
7466 2514
7744 3450
5442 2661
2369 7518
1212 7310
4476 3873
7271 1853
8664 7495
7089 7479
6130 8304
6345 103
299 7413
3638 2202
8276 5627
3400 1879
9468 6913
5016 5048
5997 1113
9130 4569
2308 61
8683 9099
9652 6398
2931 1347
259 7934
9020 4158
5201 4696
6386 590
2053 5100
1626 3100
3695 7817
9850 1609
7681 9822
5905 4864
3697 9391
4792 693
7280 6345
1926 2074
4455 8559
6499 8174
6567 6391
5615 7422
3266 9385
5743 7563
5222 4979
8362 2189
7966 7993
1140 5641
6340 3528
7525 9973
6924 3622
2525 9782
1467 2538
9089 2293
728 5062
6645 5150
4928 4469
5849 4489
1942 6860
8159 9727
9750 6129
5388 5950
4541 9006
6699 5824
7728 7390
5169 5145
5187 5904
6249 534
8786 7706
7162 6824
9120 1111
1859 417
9438 5095
6801 5261
7937 7149
7465 9372
5815 4389
9402 4396
8050 237
2944 4587
3835 907
8612 1433
7785 1654
3551 9841
9434 7795
2713 2570
4444 3436
8524 9814
4799 3777
682 5103
4502 1056
435 486
9022 5205
9201 8730
6374 8886
6301 9480
8075 662
9097 9633
9843 8081
7030 8566
5481 55
8470 4380
7707 4982
5011 1070
1091 7983
7981 9676
5578 5536
3068 7534
9584 1800
8465 1942
8329 5908
8148 1093
1243 6014
7779 6409
9403 337
7078 5519
8366 2515
1212 4604
3326 2378
6573 8864
3361 3330
5118 2145
8548 4145
7404 7967
2835 1718
4100 9488
2852 1801
5526 9419
1771 480
9473 7739
8374 5386
8501 773
5744 5366
5036 572
8409 4671
665 977
3977 5097
4852 2694
8247 5952
9512 6433
8573 3838
4151 3089
2522 4504
832 3629
3313 5056
4656 6213
7732 6620
421 4581
1573 9315
6022 7690
3556 151
751 5724
5023 2165
5281 7673
9996 2033
6318 2237
4262 6041
2499 8319
5646 3737
6206 4049
6043 2669
5962 2945
3676 3827
3710 3188
7700 7385
4952 2663
3041 6189
1646 5606
4468 3852
9523 9608
6560 1078
8026 1519
5210 5552
1446 8041
6742 579
7949 2219
347 1650
4456 8165
7480 246
9700 2648
5398 4980
738 5976
875 6840
2377 7632
727 9324
30 4527
1060 3352
9234 6769
1265 6516
8934 510
2257 2303
2655 8865
52 9604
6474 7338
2423 1811
9076 9180
4796 953
4889 3787
2714 9512
9193 6478
7052 8030
5705 9473
6516 936
1473 8907
7631 6935
866 2185
3346 3453
7394 1621
8348 1830
6932 8627
607 2358
648 6580
716 5809
8638 9225
4445 4902
8848 2884
7169 3281
6046 5564
3646 7636
9573 2681
751 9284
5623 8163
8876 9369
3945 4057
8215 3617
4336 5730
4369 9487
5021 5930
525 13
3586 2897
7414 3535
4032 6052
9184 1525
1419 3190
4850 7251
4725 1662
6826 2644
8386 8862
1079 2444
7547 8938
4391 2797
8943 2010
1623 3312
6433 2790
1270 8644
1879 6344
6904 8625
1480 3079
4387 5176
8292 6680
1080 9599
4445 4837
5739 5569
2629 5614
2484 2474
1891 3328
8352 303
8495 8445
6341 7015
3270 9873
4775 3655
6255 8316
3233 7357
9217 1590
1190 5043
6771 7771
8955 1592
5932 4823
8395 5499
8942 4171
6396 8126
40 7813
8799 8859
3724 8981
1351 7642
3487 5387
9057 6349
360 6949
3530 5984
2060 5520
8048 3666
8357 5083
589 5107
5637 7218
199 3991
9200 6971
8680 25
9913 779
7397 6949
1250 9159
3635 5174
4863 6015
4537 9483
6967 7221
2745 7071
1268 9498
8014 7516
9031 1949
8947 8865
5128 5541
8862 5435
5254 6098
3002 6787
4523 467
3087 9497
8000 5884
590 6381
914 1774
8667 3220
9677 8947
8076 2341
4209 236
4091 8092
9738 5085
6287 1556
3870 1006
8727 4351
5463 2218
6864 2301
1715 3828
3123 9539
5339 3654
6480 7424
5650 3927
6563 5718
7726 5045
8394 4447
1852 8416
4354 5014
1944 4494
4004 7074
6653 9835
1710 254
2797 833
8872 6150
7578 9899
6686 3210
2401 6074
8432 7992
8001 519
6569 479
3714 1707
1906 2610
5187 5819
2524 8732
2470 3386
6757 2203
8460 6889
8624 8395
8204 7720
2773 7210
6485 8123
5787 5604
458 7428
6213 213
2181 2557
5621 6119
4816 3610
7925 155
4392 9259
9122 1918
1947 2570
5370 4383
5545 5615
6349 1039
2789 2502
8232 1242
284 3192
8971 9262
1444 6154
3055 3936
8027 4538
5093 57
9156 9403
5895 2889
2043 9673
6536 3263
6291 3809
1141 3265
8395 3909
8908 2007
1432 5871
6334 7377
8608 9835
2853 9831
9021 9987
9170 6567
1631 1995
292 4947
420 9752
6280 3020
5629 3648
4090 2300
14 4904
4866 7267
406 3327
7279 3285
3072 2545
8491 6742
122 4910
7787 6368
9082 4069
893 392
1493 4865
1271 8601
5844 1715
7613 8072
6789 8132
2119 4365
4541 7549
8549 6403
9664 9367
857 3427
4956 7783
395 1312
7788 5899
4973 177
8671 9224
9052 4490
7444 7480
9885 8223
5662 9180
8554 9327
9113 3809
122 659
3481 4952
4634 6124
5761 2829
62 9506
7406 7886
3657 8347
2424 7429
2435 2785
3823 7363
1846 6343
2300 9910
8628 8958
3158 8727
5368 5437
1740 5965
406 6247
7592 4173
865 6420
9781 9615
1037 2032
9149 3927
5789 4407
5163 8235
6656 843
6267 5783
3808 4966
3393 4629
5160 2528
2444 484
3400 2499
6242 9526
8773 4109
4560 4219
1684 9812
5233 2826
8209 9447
5160 6739
1325 7831
2795 621
1451 2922
2507 6645
6344 8166
2699 1877
1480 5218
1138 6081
9847 1699
3980 712
512 5719
7489 5689
4945 6479
9022 4883
8970 1769
7072 8138
1781 4771
9093 2571
7377 7286
9006 3107
3636 3752
7802 4832
1301 2542
3759 3539
3256 6848
9139 8009
1272 3781
4709 4604
1730 9392
3258 4219
4381 4029
4254 271
3347 4825
5073 6664
8631 2154
410 3222
9625 4365
5778 3946
2264 5377
2514 5526
3291 6500
7917 4227
1690 6269
9124 6086
9832 1866
1980 190
2577 9132
8433 7215
8563 6819
362 2076
9420 9964
3717 3632
9659 4882
3088 5267
4826 5991
4406 1460
645 2680
9919 9439
3274 7534
9940 2953
1472 5494
589 6588
3211 6482
4092 7446
1520 15
9490 6214
4039 897
2058 3771
4742 9718
8112 1739
5387 7495
6684 3704
6978 2005
4324 9378
3692 6872
2569 5729
7711 9136
3638 4268
9536 4785
5858 8584
4144 9543
5893 3741
2976 304
8507 2647
6981 7430
3818 2169
9489 3197
342 8896
753 6143
4400 4238
6130 852
7905 2717
410 5518
2620 1968
6344 4760
7958 3109
7753 5789
5727 3615
1846 1114
6800 2094
3663 2014
7152 8870
2895 7531
2881 4682
9519 1815
5418 9628
2970 3091
1479 8666
4461 5834
8930 7374
9322 7914
2338 4159
3914 2044
4151 6763
4011 1371
1498 1668
5537 2926
8795 9774
1044 4166
5368 9247
759 918
1758 8138
5549 9667
6615 5146
7907 4034
2836 3101
6897 110
7427 4107
6769 4805
3549 8002
3338 2055
1519 4585
4761 578
3350 1632
2474 2882
5980 3266
873 6036
4698 878
9557 722
5236 7794
4963 8654
5352 1661
2752 3227
8361 9447
8971 1120
8649 3969
7541 7946
5215 1231
8817 878
8730 4699
8198 585
4453 2944
8695 8603
5168 3097
2278 5222
3764 2752
3156 3061
5765 4800
9866 6564
1646 3195
5082 3126
8620 2747
3515 2622
4985 6650
7930 2765
3022 4619
757 3992
8303 1453
7404 4738
8820 1544
145 3824
5901 7064
6177 1672
5188 7847
4979 8737
8756 5315
1826 9614
2011 8040
582 8056
4237 1773
482 928
9250 8278
2402 1249
4855 3358
526 1323
9557 8712
5657 8214
7361 3164
8786 9117
9342 1613
3835 4169
6756 1774
8927 3134
5460 7340
5176 5233
6355 7387
1428 4927
2446 6905
8478 7752
2047 7290
5151 9227
8016 2297
1401 166
3765 1840
4874 249
2660 9110
1824 47
7135 4519
9345 8889
4629 6895
9856 1111
7894 9503
9974 8870
6479 9439
1886 5104
1107 5016
5046 5200
1438 4972
6084 7829
9949 9990
2642 4862
5950 8494
1568 956
3314 5343
4825 3476
6744 8753
4448 5895
5494 7804
3319 7164
4855 86
7193 2864
7619 2039
5356 6242
5240 9557
2255 8657
5904 8282
5983 7246
5883 9124
153 1460
3117 1962
9886 65
1697 4182
9259 395
4288 9678
7509 5188
7495 1313
882 2359
6251 7171
9050 9374
5762 2296
9329 6790
2922 5330
8301 7589
3117 9609
5392 479
4389 5615
