1000 2
5980 3266
5741 3572
3710 3188
2699 1877
1017 2881
4775 3655
6671 4139
8822 2340
4554 7653
5356 6242
5418 9628
7788 5899
4100 9488
5368 5437
8930 7374
1519 4585
4476 3873
5904 8282
7700 7385
571 3880
8027 4538
6742 579
6897 110
857 3427
9434 7795
1091 7983
6769 4805
4461 5834
7712 9100
3022 4619
7525 9973
1730 9392
5739 5569
3759 3539
9097 9633
7512 6460
6927 4408
3166 8209
8478 7752
9843 8081
3663 2014
2662 2741
3346 3453
1108 5805
8362 2189
4698 878
5537 2926
5169 5145
3274 7534
7460 259
1784 6804
1114 9712
8953 9934
2836 3101
2119 4365
7925 155
1740 5965
5118 2145
5778 3946
607 2358
2994 541
5578 5536
5883 9124
5962 2945
8492 8876
8982 7783
7480 246
8395 5499
6817 8959
6301 9480
2264 5377
6801 5261
3697 9391
3818 2169
5932 4823
949 858
6206 4049
6433 2790
3466 1692
8820 1544
5187 5819
1079 2444
3724 8981
3178 1685
153 1460
2852 1801
9249 1709
1265 6516
1358 8661
9919 9439
3033 75
5240 9557
4629 6895
8276 5627
4040 6560
3068 7534
751 5724
3692 6872
75 2194
7726 5045
9021 9987
5368 9247
525 4450
5858 8584
1690 6269
2446 6905
2329 3007
9322 7914
7541 7946
6255 8316
4336 5730
9022 5205
1910 6486
5187 5904
8651 859
9557 8712
360 6949
5460 7340
2554 1132
8683 9099
6826 2644
8654 4880
5526 9419
9233 6120
6374 8886
8406 9555
3992 8213
6355 7387
5789 4407
9192 2314
3466 691
9850 1609
5011 1070
4487 7354
40 7813
8209 9447
3638 2202
7394 1621
252 8195
3327 6042
3546 2269
3266 9385
9940 2953
3980 712
3098 9385
9250 8278
5977 3110
1826 9614
893 392
757 3992
1444 6154
8968 319
6280 3020
8791 7824
2405 3418
3350 1632
8943 2010
5708 1079
2043 9673
420 9752
1636 512
3586 2897
9050 9374
9996 2033
4963 8654
9076 9180
5650 3927
5743 7563
4455 8559
1623 3312
3291 6500
2444 484
7802 4832
6349 1039
8014 7516
2300 9910
3967 8916
9339 6674
1270 8644
6955 6108
6386 590
1438 4972
8316 7814
9329 6790
8386 8862
4889 3787
2944 4587
8680 25
8608 9835
6249 534
6656 843
5036 572
5481 55
292 4947
2387 8503
3517 9637
6046 5564
8217 7456
9625 4365
5423 7292
2773 7210
1301 2542
37 8032
8667 3220
2401 6074
5158 2201
3676 3827
8795 9774
8624 8395
865 6420
8934 510
607 5687
3714 1707
8548 4145
7404 7967
2970 3091
8017 1929
9856 1111
7547 8938
7639 431
9886 65
7728 7390
2181 2557
6560 1078
2043 4813
9781 9615
4956 7783
873 6036
5046 5200
5023 2165
4855 3358
2337 8424
9536 4785
2797 833
9077 6546
2895 7531
9082 4069
8631 2154
5160 2528
2931 1347
1577 3541
1859 417
8460 6889
6981 7430
4725 1662
299 7413
1652 4946
6108 4178
4537 9483
8862 5435
5339 3654
362 2076
9001 7973
3055 3936
2713 2570
5702 9381
2066 8826
1846 1114
9142 650
5621 6119
7779 6409
4445 4902
4209 236
7397 6949
875 6840
7995 885
4979 8737
6699 5824
1250 9159
6084 7829
4718 8515
8366 2515
7427 4107
9193 6478
2514 5526
2550 7563
5893 3741
8491 6742
7894 2906
3211 6482
1942 6860
9467 2100
1633 3805
9512 6433
3065 7093
8348 1830
5765 4800
7404 4738
1475 8443
8495 8445
801 5774
4058 8677
1419 3190
5467 6912
5073 6664
8714 6752
1276 9832
6563 5718
2153 107
682 7030
410 3222
4151 3089
8310 1699
6086 7726
590 6381
1555 5429
5545 5615
1210 3929
6715 1536
4523 467
4928 4469
4381 4029
2655 8865
122 659
2835 1718
8227 7598
8016 2297
2916 2107
728 5062
8876 9369
52 9604
5657 8214
8322 7695
2255 8657
7466 2514
5270 1636
3158 4636
4792 693
7711 9136
9335 2054
4237 1773
8215 3617
2745 7071
2620 1968
9575 7772
2377 7632
8458 388
6156 8050
1697 4182
6344 8166
8303 1453
4709 4604
410 5518
9342 1613
8432 7992
2977 8244
9473 7739
2881 4682
9965 6344
8198 585
284 3192
6569 479
4973 177
5950 8494
4541 7549
3258 4219
6340 3528
2338 4159
665 977
3072 2545
9573 2681
9345 8889
5210 5552
367 8896
5849 4489
9490 6214
6267 5783
1824 47
8935 1033
8681 4161
4389 5615
9122 1918
8465 1942
1771 480
2752 3227
5163 8235
7767 1464
7271 1853
682 5103
7295 3888
1758 8138
5646 3737
1573 9315
2678 3983
4699 7759
1446 8041
8075 662
7078 5519
2573 472
525 13
8799 8859
9695 6841
7981 9676
5463 2218
5549 9667
3646 7636
186 4566
3270 9873
4866 7267
2457 7932
8773 4109
2660 9110
4456 8165
914 1774
8549 6403
5844 1715
1212 7310
5101 531
2804 7509
5021 5930
3551 9841
8133 9170
3041 6189
8559 2903
3575 5040
4445 4837
3002 6787
3286 2525
3629 9258
5240 9101
4288 9678
3265 3982
7930 2765
9200 6971
6344 4760
4262 6041
7377 7286
5787 5604
7937 7149
1044 4166
8908 2007
4618 8767
5683 6478
1351 7642
6744 8753
268 645
6922 4213
8972 2453
2046 2225
1480 5218
5629 3648
3158 8727
6022 7690
5188 7847
512 5719
480 2979
6294 95
6876 7535
2053 5100
3549 8002
3835 907
4392 9259
7489 5689
9113 3809
1631 1995
1111 6742
1626 3100
9031 1949
9120 1111
145 3824
589 6588
4469 676
6213 213
4324 9378
4406 1460
1493 4865
9567 1495
3117 9609
2308 61
2470 3386
6967 7221
342 8896
7162 6824
2499 8319
9089 2293
3313 5056
2569 5729
9259 395
992 105
8148 1093
6539 9356
8292 6680
8433 7215
7613 8072
8971 1120
2507 6645
2423 1811
645 2680
1480 3079
5727 3615
8305 2563
7089 7479
4039 897
7465 9372
9468 6913
5983 7246
6771 7771
62 9506
6370 1858
3244 2458
8786 9117
5997 1113
1167 8667
5752 4157
9184 1525
7788 1677
9403 337
3256 6848
9022 4883
685 3576
3556 151
9149 3927
3117 1962
5442 2661
199 3991
6396 8126
5901 7064
9700 2648
7414 3535
4502 1056
8745 2735
589 5107
6932 8627
6130 852
5623 8163
2435 2785
1451 2922
8001 519
8872 6150
8971 9262
699 5742
5176 5233
395 1312
7707 4982
482 928
7787 6368
7759 8930
8573 3838
8361 9447
9420 9964
2058 3771
5609 1525
1338 9231
2304 8867
7280 6345
3416 6134
4254 271
3009 9822
6202 5981
6645 5150
7709 3265
9750 6129
1190 5043
8159 9727
8970 1769
960 766
9170 6567
1547 2992
4835 7909
5236 7794
4608 4375
6573 8864
8352 303
9447 4040
2350 5833
9335 490
7894 9503
2402 1249
4167 2859
5272 6974
9885 8223
7949 2219
6251 7171
7744 3450
7152 8870
1472 5494
8350 8233
9974 8870
4825 3476
6130 8304
9812 1855
9523 9608
3326 2378
1133 1184
5454 6583
8684 5759
8232 1242
2369 7518
8554 9327
4634 6124
5637 7218
6800 2094
4011 1371
2795 621
8664 7495
5254 6098
259 7934
6681 1001
9124 6086
1141 3265
6738 5584
6499 8174
9139 8009
4092 7446
3914 2044
6978 2005
1926 2074
6242 9526
9316 7666
9020 4158
2331 6883
5128 5541
9677 8947
2265 7145
4850 7251
8857 5110
5370 4383
325 7731
2621 9982
1268 9498
5222 4979
8886 6027
8927 3134
3765 1840
1473 8907
2922 5330
2424 7429
8839 7544
30 4527
4808 3402
6864 2301
1405 2058
2116 1122
8301 7589
8112 1739
6682 3709
6516 936
9775 4769
3088 5267
969 114
1710 254
4151 6763
3123 9539
2524 8732
1401 166
9006 3107
6480 7424
5926 9941
582 8056
8329 5908
3870 1006
832 3629
2714 9512
6940 2998
9302 3795
1271 8601
8942 4171
9652 6398
5895 2889
8050 237
421 4581
14 4904
4890 5607
1906 2610
7054 2985
8649 3969
2629 5614
8048 3666
6287 1556
6485 8123
7681 9822
4145 9746
5615 7422
7505 4185
690 5158
323 5462
1138 6081
727 9324
4742 9718
4387 5176
9664 850
5900 6414
9201 8730
8563 6819
6318 2237
8848 2884
6615 5146
3266 8408
3319 7164
2511 7810
4606 4641
4952 2663
4244 9821
1886 5104
751 9284
4541 9006
4874 249
122 4910
4656 6213
4985 6650
2358 8426
3487 5387
1060 3352
7907 4034
1879 6344
8786 7706
5662 9180
6904 8625
5744 5366
2936 4968
7780 3149
1272 3781
3530 5984
9827 8629
6653 9835
1275 2791
738 5976
3808 4966
3098 4272
8644 9753
7170 5582
7966 7993
5352 1661
8250 96
4090 2300
648 6580
4761 578
8330 5507
3481 4952
6924 3622
1479 8666
6522 4054
2522 4504
866 2185
4796 953
4799 3777
6789 8132
8747 1421
4448 5895
1745 8699
8638 9225
7917 4227
1568 956
2573 5320
4593 4837
2474 2882
670 2591
3635 5174
7578 9899
4369 9487
4848 9462
5160 6739
7592 4173
9516 1953
9659 4882
6147 2116
7627 6690
6101 5833
7361 3164
8588 4984
3512 5827
5905 4864
1428 4927
9847 1699
7390 2178
3338 2055
3400 2499
3266 3885
8357 5083
5889 675
3546 2785
2525 9782
2278 5222
9234 6769
554 6706
759 918
2642 4862
1107 5016
4021 648
458 7428
3515 2622
4453 2944
1852 8416
9057 6349
7444 7480
6474 7338
8381 492
7052 8030
1184 3912
3180 1616
1944 4494
4852 2694
8376 5394
1498 1668
2720 5915
6345 103
8409 4671
4826 5991
5761 2829
626 603
4571 3051
1212 4604
199 3102
2047 7290
7627 1149
5387 7495
4560 4219
8639 3676
4468 3852
6043 2669
3835 4169
5201 4696
6684 3704
4560 754
7495 1313
6177 1672
882 2359
5815 4389
7330 1775
5388 5950
2853 9831
9913 779
5168 3097
8000 5884
1980 190
2447 7476
9241 6499
3717 3632
1932 1057
5415 3986
5633 4327
3160 6254
9156 9403
7169 3281
7406 7886
1037 2032
4091 8092
3638 4268
4004 7074
9217 1590
4945 6479
9052 4490
8671 9224
4032 6052
8394 4447
8507 2647
1646 5606
7958 3109
4400 4238
8947 8865
1846 6343
7030 8566
8026 1519
5762 2296
7631 6935
5093 57
8470 4380
7741 6671
5398 4980
3010 1617
8756 5315
3393 4629
526 1323
6403 2974
8374 5386
1520 15
3695 7817
5894 2745
1891 3328
406 3327
8727 4351
4354 5014
9838 819
347 1650
9519 1815
4855 86
9584 1800
1325 7831
540 1985
4444 3436
6596 6611
7619 2039
7724 5516
6838 21
8395 3909
4718 7161
3548 5289
7842 2873
1467 2538
6536 3263
1715 3828
435 486
6334 7377
2976 304
4144 9543
8711 6570
5494 7804
6479 9439
7732 6620
7905 2717
9093 2571
8076 2341
6686 3210
7509 5188
4863 6015
7279 3285
4391 2797
1140 5641
9949 9990
3945 4057
6291 3809
6901 1379
3764 2752
419 8167
4372 1029
9738 5085
7072 8138
8247 5952
8817 878
4816 3610
5151 9227
3979 7656
9402 4396
3400 1879
3087 9497
6756 1774
2866 8222
5392 479
9664 9367
1915 1408
2011 8040
7895 3029
6757 2203
3314 5343
9557 722
5016 5048
8612 1433
8501 773
8628 8958
9130 4569
4982 1179
5325 2970
8955 1592
7193 2864
1684 9812
7135 4519
753 6143
2577 9132
5215 1231
3657 8347
7753 5789
7789 8382
9438 5095
9903 157
5233 2826
327 187
8730 4699
7150 7313
1432 5871
2257 2303
3347 4825
3361 3330
3823 7363
4905 8646
1080 9599
940 847
5082 3126
6341 7015
716 5809
4549 735
859 1526
5281 7673
8204 7720
8643 5292
3156 3061
4401 5467
2484 2474
9866 6564
406 6247
1243 6014
6120 4096
7048 2048
3636 3752
2789 2502
9832 1866
8620 2747
2060 5520
3902 5569
9489 3197
1646 3195
8695 8603
3233 7357
7785 1654
3977 5097
8524 9814
1781 4771
5705 9473
1947 2570
6567 6391
1441 2607
