1000 2
525 4450
4629 6895
3022 4619
3714 1707
1325 7831
5741 3572
7072 8138
1141 3265
8310 1699
857 3427
6978 2005
3233 7357
9536 4785
6480 7424
5151 9227
8624 8395
1740 5965
9170 6567
8549 6403
571 3880
4011 1371
2713 2570
3178 1685
8943 2010
7958 3109
8366 2515
4874 249
2931 1347
3256 6848
2304 8867
882 2359
9082 4069
2331 6883
9402 4396
1690 6269
665 977
7271 1853
969 114
9052 4490
4537 9483
1942 6860
5023 2165
9919 9439
6370 1858
1428 4927
5894 2745
992 105
8680 25
8773 4109
4369 9487
9557 8712
9339 6674
5727 3615
6349 1039
1438 4972
4905 8646
5900 6414
2621 9982
3549 8002
4866 7267
670 2591
1626 3100
1947 2570
5169 5145
4848 9462
4725 1662
3635 5174
6922 4213
8381 492
1472 5494
482 928
5093 57
3314 5343
6686 3210
4554 7653
3764 2752
8357 5083
8361 9447
6981 7430
2720 5915
8507 2647
6563 5718
8982 7783
9996 2033
4237 1773
6789 8132
8730 4699
6344 4760
7724 5516
1270 8644
6536 3263
5905 4864
5494 7804
4656 6213
9139 8009
2484 2474
3692 6872
2043 4813
8112 1739
2866 8222
3346 3453
8786 7706
8747 1421
648 6580
2852 1801
3266 8408
3400 1879
5463 2218
690 5158
1467 2538
3835 4169
5526 9419
5744 5366
9217 1590
9775 4769
7905 2717
5168 3097
554 6706
4387 5176
5883 9124
2499 8319
3211 6482
2836 3101
699 5742
1852 8416
2745 7071
7279 3285
395 1312
9974 8870
4040 6560
7578 9899
2977 8244
9652 6398
1730 9392
7509 5188
480 2979
8573 3838
5844 1715
738 5976
6699 5824
525 13
4444 3436
3575 5040
2655 8865
4792 693
4254 271
8133 9170
5765 4800
7466 2514
8588 4984
5578 5536
8027 4538
2402 1249
5481 55
5932 4823
2116 1122
299 7413
8433 7215
5240 9101
3914 2044
3156 3061
6213 213
9781 9615
7785 1654
1824 47
1111 6742
7489 5689
4400 4238
1441 2607
7170 5582
4209 236
40 7813
7135 4519
5901 7064
3546 2269
3166 8209
7150 7313
5118 2145
8756 5315
7949 2219
4956 7783
4389 5615
1697 4182
7089 7479
5460 7340
9335 2054
9832 1866
8501 773
2181 2557
2265 7145
1926 2074
9827 8629
3724 8981
4032 6052
7732 6620
8817 878
421 4581
7505 4185
866 2185
145 3824
4039 897
9519 1815
9625 4365
9124 6086
5387 7495
2358 8426
2255 8657
8148 1093
1451 2922
4816 3610
2444 484
419 8167
8026 1519
9316 7666
5356 6242
6147 2116
5163 8235
9184 1525
2337 8424
7759 8930
5950 8494
759 918
4618 8767
1358 8661
8971 1120
5254 6098
3258 4219
5621 6119
7787 6368
6838 21
5646 3737
2678 3983
2058 3771
1212 7310
3350 1632
589 6588
1568 956
3072 2545
2881 4682
8667 3220
5637 7218
7406 7886
3009 9822
3326 2378
5962 2945
5388 5950
3977 5097
8643 5292
5702 9381
9006 3107
3158 4636
9201 8730
1080 9599
914 1774
4890 5607
2401 6074
9949 9990
1446 8041
949 858
186 4566
8695 8603
5281 7673
9241 6499
1272 3781
6967 7221
5046 5200
8886 6027
9516 1953
8014 7516
8001 519
342 8896
8348 1830
5778 3946
9695 6841
4979 8737
4796 953
8786 9117
2795 621
4391 2797
6120 4096
1932 1057
7377 7286
6522 4054
6341 7015
8848 2884
8376 5394
1190 5043
8432 7992
1555 5429
259 7934
607 5687
7744 3450
1037 2032
8968 319
3466 1692
3158 8727
4354 5014
9850 1609
5980 3266
873 6036
9473 7739
6287 1556
2629 5614
1886 5104
3870 1006
6022 7690
4288 9678
3979 7656
1906 2610
4461 5834
1271 8601
5236 7794
4863 6015
6086 7726
6539 9356
3980 712
9866 6564
3002 6787
2853 9831
8000 5884
3967 8916
8664 7495
1473 8907
3361 3330
7937 7149
1631 1995
6499 8174
6742 579
6940 2998
3818 2169
9965 6344
6569 479
2714 9512
5201 4696
1633 3805
4476 3873
8406 9555
7779 6409
360 6949
6355 7387
1419 3190
1910 6486
1710 254
325 7731
2308 61
3393 4629
6826 2644
6280 3020
5623 8163
6242 9526
9302 3795
122 4910
3088 5267
2435 2785
9130 4569
406 3327
9120 1111
7788 1677
8048 3666
1133 1184
6479 9439
3244 2458
5160 6739
8970 1769
199 3102
3512 5827
327 187
5537 2926
7330 1775
7460 259
7741 6671
9322 7914
5549 9667
1044 4166
2514 5526
5233 2826
4455 8559
4709 4604
3117 9609
1167 8667
9122 1918
2046 2225
8644 9753
435 486
8934 510
458 7428
2457 7932
7619 2039
6769 4805
3416 6134
4541 9006
5101 531
6656 843
7480 246
7414 3535
6904 8625
6901 1379
2994 541
9329 6790
8491 6742
6156 8050
3945 4057
8872 6150
3117 1962
284 3192
420 9752
9700 2648
6681 1001
2797 833
7981 9676
4445 4902
8075 662
5815 4389
6046 5564
1210 3929
3055 3936
3556 151
5787 5604
7627 6690
8559 2903
2976 304
626 603
1480 5218
4502 1056
8628 8958
8671 9224
1879 6344
9434 7795
9812 1855
960 766
2119 4365
8395 5499
2550 7563
3098 4272
8305 2563
1519 4585
5683 6478
1826 9614
682 5103
4799 3777
3657 8347
9156 9403
2522 4504
4742 9718
7541 7946
2447 7476
9886 65
1859 417
62 9506
9750 6129
3291 6500
7780 3149
9677 8947
3823 7363
8247 5952
1301 2542
6615 5146
1276 9832
6684 3704
4571 3051
7397 6949
252 8195
1520 15
682 7030
5743 7563
292 4947
1573 9315
3646 7636
5895 2889
37 8032
5368 9247
5415 3986
9093 2571
8612 1433
753 6143
8017 1929
4634 6124
1091 7983
3517 9637
6671 4139
1577 3541
3286 2525
1401 166
7512 6460
7767 1464
4448 5895
865 6420
7295 3888
5997 1113
4718 7161
2620 1968
9438 5095
3808 4966
4985 6650
8971 9262
4167 2859
728 5062
2278 5222
685 3576
8791 7824
2043 9673
6682 3709
8276 5627
4593 4837
1980 190
7613 8072
4336 5730
8711 6570
3327 6042
859 1526
5187 5819
5657 8214
4761 578
4982 1179
4560 754
1212 4604
5739 5569
6573 8864
1646 3195
199 3991
4021 648
9335 490
4855 3358
1480 3079
9250 8278
1493 4865
9468 6913
3266 9385
6800 2094
5889 675
5240 9557
6927 4408
75 2194
4698 878
5036 572
7030 8566
8292 6680
6771 7771
2470 3386
8947 8865
4928 4469
6567 6391
8350 8233
9142 650
5615 7422
1475 8443
7547 8938
8857 5110
512 5719
7162 6824
2573 472
1060 3352
7712 9100
3087 9497
4718 8515
2554 1132
1547 2992
1275 2791
940 847
1444 6154
122 659
8478 7752
2773 7210
8330 5507
7052 8030
7726 5045
8050 237
3274 7534
3347 4825
6108 4178
347 1650
7404 7967
9659 4882
2424 7429
2525 9782
7465 9372
8250 96
7193 2864
14 4904
1107 5016
362 2076
2511 7810
4469 676
6396 8126
9403 337
9259 395
832 3629
4608 4375
9843 8081
4775 3655
7169 3281
5650 3927
5073 6664
7444 7480
1758 8138
9249 1709
3759 3539
6645 5150
4560 4219
7709 3265
5442 2661
3835 907
8795 9774
8301 7589
9856 1111
9077 6546
3033 75
7361 3164
5188 7847
2377 7632
3180 1616
8016 2297
9738 5085
6801 5261
7894 9503
8563 6819
6738 5584
1684 9812
1268 9498
6715 1536
8217 7456
1846 6343
7995 885
1405 2058
9149 3927
4092 7446
4973 177
4372 1029
2569 5729
7681 9822
751 5724
8352 303
9467 2100
3676 3827
589 5107
1338 9231
5398 4980
4145 9746
8639 3676
2573 5320
2329 3007
2011 8040
3902 5569
9490 6214
4445 4837
8638 9225
4151 3089
8395 3909
5904 8282
3400 2499
2387 8503
7930 2765
9192 2314
7525 9973
9913 779
9342 1613
1891 3328
6202 5981
9584 1800
2895 7531
6177 1672
9022 5205
5222 4979
2053 5100
4090 2300
4453 2944
3530 5984
3586 2897
9057 6349
5158 2201
9022 4883
2524 8732
6043 2669
4952 2663
8608 9835
3663 2014
8822 2340
6386 590
4487 7354
5210 5552
757 3992
1079 2444
9567 1495
5633 4327
52 9604
6955 6108
3098 9385
582 8056
1108 5805
9575 7772
5609 1525
1265 6516
645 2680
540 1985
4406 1460
2752 3227
6433 2790
875 6840
3546 2785
1846 1114
6374 8886
9233 6120
5708 1079
8460 6889
1646 5606
7390 2178
7917 4227
367 8896
4324 9378
3629 9258
8495 8445
268 645
3765 1840
8303 1453
2804 7509
1479 8666
2789 2502
2153 107
2936 4968
3010 1617
6345 103
7631 6935
8799 8859
2066 8826
7707 4982
1652 4946
7639 431
8209 9447
4100 9488
5160 2528
4825 3476
3068 7534
1498 1668
6301 9480
1715 3828
8681 4161
6757 2203
8972 2453
8955 1592
4850 7251
8714 6752
8322 7695
5454 6583
716 5809
2662 2741
3487 5387
6130 8304
2944 4587
8215 3617
5893 3741
4244 9821
323 5462
4262 6041
9420 9964
3710 3188
6251 7171
9940 2953
6318 2237
1243 6014
8554 9327
153 1460
7966 7993
7895 3029
8942 4171
6403 2974
5926 9941
5418 9628
5752 4157
2060 5520
4058 8677
2835 1718
5789 4407
9903 157
5977 3110
9557 722
2474 2882
4606 4641
6130 852
6291 3809
893 392
5983 7246
6344 8166
6864 2301
7592 4173
5270 1636
1771 480
9031 1949
3481 4952
1636 512
3515 2622
526 1323
3638 2202
3638 4268
1781 4771
8620 2747
801 5774
6294 95
8876 9369
6596 6611
6255 8316
5215 1231
751 9284
1915 1408
4456 8165
9345 8889
6817 8959
8159 9727
5187 5904
8935 1033
5352 1661
8927 3134
4549 735
6876 7535
4381 4029
3636 3752
5467 6912
2577 9132
7048 2048
5016 5048
1250 9159
7753 5789
9021 9987
1784 6804
7627 1149
4523 467
8329 5908
6267 5783
7152 8870
8820 1544
8394 4447
6101 5833
9523 9608
5705 9473
6206 4049
6897 110
8631 2154
3123 9539
590 6381
9664 850
8651 859
5082 3126
4852 2694
607 2358
7280 6345
5325 2970
9200 6971
2369 7518
5368 5437
7394 1621
3265 3982
9089 2293
9885 8223
7788 5899
5761 2829
5858 8584
6924 3622
5629 3648
4151 6763
3160 6254
3717 3632
7728 7390
6744 8753
4945 6479
3270 9873
7404 4738
2350 5833
7495 1313
4855 86
2047 7290
2660 9110
1114 9712
6516 936
6340 3528
1745 8699
4963 8654
727 9324
5339 3654
9234 6769
3466 691
5545 5615
4401 5467
7907 4034
4091 8092
6485 8123
5392 479
4835 7909
5423 7292
8076 2341
2300 9910
2970 3091
4541 7549
3065 7093
2257 2303
8198 585
6756 1774
1017 2881
4004 7074
8386 8862
5011 1070
6249 534
5021 5930
9020 4158
1140 5641
7802 4832
8362 2189
5662 9180
8930 7374
7789 8382
3551 9841
9001 7973
8374 5386
6932 8627
8492 8876
1623 3312
7078 5519
8548 4145
2338 4159
8227 7598
8908 2007
1138 6081
3313 5056
7427 4107
4889 3787
8839 7544
5128 5541
8524 9814
6474 7338
7842 2873
9097 9633
406 6247
2423 1811
3266 3885
2264 5377
3695 7817
8727 4351
5272 6974
9664 9367
8745 2735
3697 9391
6084 7829
30 4527
7894 2906
4144 9543
4826 5991
5762 2296
410 3222
9847 1699
9838 819
4392 9259
8683 9099
9113 3809
1184 3912
2699 1877
1944 4494
6334 7377
8654 4880
9076 9180
2507 6645
8458 388
8316 7814
2922 5330
5849 4489
2446 6905
8409 4671
5176 5233
1351 7642
7925 155
3548 5289
8649 3969
8204 7720
7700 7385
9447 4040
6653 9835
7711 9136
9573 2681
3338 2055
5370 4383
410 5518
9193 6478
3992 8213
4808 3402
9489 3197
8862 5435
7054 2985
4468 3852
8684 5759
8232 1242
4699 7759
3319 7164
8465 1942
9050 9374
8953 9934
2916 2107
9512 6433
1432 5871
8470 4380
2405 3418
6560 1078
3041 6189
2642 4862
