1000 2
1942 6860
6897 110
2053 5100
8714 6752
9523 9608
6738 5584
7712 9100
6251 7171
2931 1347
8795 9774
8908 2007
940 847
8876 9369
9022 5205
6744 8753
3714 1707
3646 7636
626 603
2058 3771
435 486
832 3629
360 6949
4456 8165
3361 3330
6403 2974
9233 6120
5858 8584
2895 7531
9335 2054
7613 8072
323 5462
7509 5188
4775 3655
7377 7286
1915 1408
4372 1029
5962 2945
9832 1866
7495 1313
9847 1699
1740 5965
9170 6567
1771 480
992 105
5254 6098
1190 5043
5702 9381
8232 1242
6901 1379
6924 3622
6563 5718
7054 2985
6940 2998
690 5158
8631 2154
5460 7340
8930 7374
7271 1853
3068 7534
3098 9385
4889 3787
2060 5520
2994 541
259 7934
1824 47
3556 151
9567 1495
2866 8222
590 6381
6757 2203
2444 484
665 977
2278 5222
1684 9812
8148 1093
6242 9526
3546 2269
4167 2859
4476 3873
9573 2681
1432 5871
6479 9439
7406 7886
4448 5895
4040 6560
3274 7534
1114 9712
1419 3190
3009 9822
9420 9964
9536 4785
8667 3220
1636 512
7547 8938
5578 5536
5778 3946
9050 9374
2446 6905
9082 4069
7711 9136
607 5687
2852 1801
2944 4587
9438 5095
1037 2032
3466 1692
4560 4219
40 7813
3517 9637
4825 3476
1441 2607
8209 9447
8608 9835
6108 4178
8016 2297
9021 9987
8791 7824
6480 7424
4406 1460
8651 859
4469 676
8303 1453
3835 4169
3166 8209
6573 8864
2655 8865
4244 9821
8684 5759
6838 21
7390 2178
7753 5789
8050 237
554 6706
5151 9227
327 187
6771 7771
7787 6368
3033 75
5526 9419
6433 2790
2745 7071
7089 7479
1444 6154
7724 5516
1555 5429
8886 6027
4151 6763
9664 9367
9316 7666
2554 1132
1715 3828
866 2185
6922 4213
8756 5315
4699 7759
8394 4447
1210 3929
3327 6042
4799 3777
7958 3109
3065 7093
5163 8235
6345 103
1690 6269
6255 8316
8361 9447
7030 8566
4850 7251
8711 6570
5815 4389
4090 2300
5752 4157
2507 6645
9664 850
8654 4880
8381 492
3657 8347
7788 1677
1268 9498
6267 5783
2447 7476
3055 3936
5415 3986
7592 4173
6084 7829
5895 2889
2358 8426
8612 1433
8747 1421
3180 1616
8076 2341
4058 8677
2714 9512
5046 5200
4985 6650
3286 2525
6294 95
5739 5569
9512 6433
3551 9841
3338 2055
62 9506
8649 3969
5210 5552
1480 5218
589 5107
8348 1830
2424 7429
8573 3838
7627 6690
4445 4902
4973 177
8644 9753
362 2076
6280 3020
6904 8625
6567 6391
2720 5915
3233 7357
2550 7563
9124 6086
2402 1249
6800 2094
9001 7973
3270 9873
8955 1592
8133 9170
4826 5991
8000 5884
480 2979
4392 9259
3818 2169
6539 9356
4852 2694
2853 9831
6522 4054
8395 3909
5160 2528
8862 5435
9022 4883
3326 2378
6756 1774
5727 3615
5368 9247
949 858
2435 2785
9192 2314
5657 8214
8947 8865
153 1460
7295 3888
410 3222
5240 9101
8492 8876
2331 6883
7280 6345
5662 9180
6341 7015
2836 3101
1480 3079
1184 3912
9473 7739
1623 3312
3870 1006
801 5774
8639 3676
8276 5627
5705 9473
6318 2237
5549 9667
5021 5930
7279 3285
1111 6742
8817 878
1646 3195
2116 1122
5073 6664
9434 7795
8204 7720
4092 7446
751 9284
5418 9628
4979 8737
3072 2545
9467 2100
1451 2922
7512 6460
6656 843
5387 7495
685 3576
7619 2039
9120 1111
2678 3983
4928 4469
7397 6949
3945 4057
1138 6081
4541 9006
4324 9378
3117 1962
347 1650
7981 9676
1980 190
1080 9599
1107 5016
5894 2745
5980 3266
5339 3654
1270 8644
9886 65
3098 4272
1652 4946
5481 55
2257 2303
3158 4636
8322 7695
2153 107
8680 25
5708 1079
8972 2453
6742 579
8458 388
8227 7598
5168 3097
1479 8666
3548 5289
2804 7509
1573 9315
607 2358
6046 5564
3967 8916
9006 3107
589 6588
7895 3029
5356 6242
8465 1942
4461 5834
1133 1184
5633 4327
5787 5604
1212 7310
6876 7535
1519 4585
526 1323
5352 1661
7779 6409
2922 5330
8352 303
4863 6015
7930 2765
7949 2219
4982 1179
9516 1953
6569 479
2369 7518
3291 6500
6769 4805
8362 2189
7744 3450
6120 4096
8027 4538
2350 5833
7917 4227
8350 8233
37 8032
3638 4268
6340 3528
8730 4699
5789 4407
8563 6819
7907 4034
8848 2884
9113 3809
6386 590
6801 5261
9122 1918
6560 1078
4816 3610
3992 8213
7631 6935
9856 1111
5609 1525
8839 7544
8638 9225
7759 8930
2484 2474
5016 5048
8683 9099
4855 86
1944 4494
7905 2717
3088 5267
1472 5494
9775 4769
2522 4504
1852 8416
7966 7993
5889 675
9843 8081
5082 3126
8357 5083
969 114
9335 490
8620 2747
410 5518
4391 2797
6981 7430
1325 7831
5893 3741
5368 5437
4389 5615
5743 7563
3638 2202
9974 8870
728 5062
8681 4161
9625 4365
4549 735
8554 9327
2377 7632
6156 8050
4011 1371
8198 585
9996 2033
3244 2458
3695 7817
8330 5507
145 3824
738 5976
9097 9633
1108 5805
5537 2926
6516 936
6536 3263
8395 5499
682 7030
8159 9727
7489 5689
2577 9132
8559 2903
7072 8138
6291 3809
1079 2444
8773 4109
3635 5174
1358 8661
9519 1815
5901 7064
2300 9910
7627 1149
9965 6344
9201 8730
9057 6349
2660 9110
8935 1033
3087 9497
716 5809
2304 8867
1846 6343
3346 3453
2976 304
8247 5952
6699 5824
1401 166
4718 8515
1947 2570
3002 6787
6202 5981
6826 2644
1906 2610
5904 8282
3902 5569
6967 7221
8501 773
3117 9609
1547 2992
8048 3666
7780 3149
4606 4641
122 4910
751 5724
9130 4569
7170 5582
7152 8870
5188 7847
6249 534
9329 6790
9490 6214
4400 4238
3314 5343
4629 6895
8376 5394
7925 155
7404 4738
8001 519
2457 7932
882 2359
8953 9934
30 4527
5650 3927
3041 6189
5744 5366
325 7731
3586 2897
1926 2074
9557 722
9584 1800
1250 9159
5545 5615
2621 9982
3575 5040
1338 9231
9184 1525
3266 8408
6349 1039
3530 5984
3676 3827
7330 1775
5454 6583
8664 7495
4369 9487
482 928
4761 578
2642 4862
2423 1811
268 645
4288 9678
9139 8009
7052 8030
3759 3539
8934 510
1910 6486
4401 5467
1577 3541
5629 3648
2046 2225
7995 885
7048 2048
4262 6041
9077 6546
8982 7783
7802 4832
1891 3328
3549 8002
6681 1001
1886 5104
8727 4351
3481 4952
5128 5541
8495 8445
4608 4375
1271 8601
8507 2647
6596 6611
4890 5607
9695 6841
9302 3795
5272 6974
1446 8041
1140 5641
5646 3737
7681 9822
8745 2735
3835 907
9575 7772
2573 472
9241 6499
3724 8981
2699 1877
1405 2058
7707 4982
4725 1662
5093 57
1275 2791
9342 1613
4354 5014
1758 8138
186 4566
7767 1464
9217 1590
670 2591
5621 6119
4835 7909
7361 3164
1498 1668
1781 4771
6715 1536
2047 7290
419 8167
1276 9832
7162 6824
7414 3535
6978 2005
6682 3709
2795 621
9812 1855
5900 6414
4468 3852
6086 7726
5222 4979
3717 3632
5765 4800
4618 8767
3487 5387
9031 1949
8310 1699
367 8896
8014 7516
7842 2873
3156 3061
252 8195
4952 2663
8215 3617
5741 3572
4209 236
199 3991
2401 6074
4963 8654
1826 9614
6653 9835
3256 6848
14 4904
7785 1654
9468 6913
3764 2752
2789 2502
1846 1114
2337 8424
5905 4864
4237 1773
9919 9439
4537 9483
1438 4972
6686 3210
2264 5377
8628 8958
6287 1556
7150 7313
2977 8244
525 13
3400 1879
8857 5110
2773 7210
4874 249
7480 246
3350 1632
960 766
9076 9180
6474 7338
8971 1120
8366 2515
395 1312
7726 5045
3393 4629
873 6036
2835 1718
1697 4182
3400 2499
4792 693
525 4450
5392 479
699 5742
682 5103
4698 878
2524 8732
1710 254
7394 1621
8250 96
6043 2669
5762 2296
9345 8889
4945 6479
2011 8040
8301 7589
9149 3927
9949 9990
5844 1715
6396 8126
7466 2514
9259 395
7505 4185
753 6143
4571 3051
8927 3134
8786 9117
2308 61
5236 7794
8971 9262
3158 8727
2470 3386
6334 7377
7639 431
3697 9391
2916 2107
6374 8886
9402 4396
8524 9814
5023 2165
4091 8092
9885 8223
8292 6680
2752 3227
4593 4837
5325 2970
5201 4696
7460 259
645 2680
859 1526
3258 4219
1879 6344
420 9752
4848 9462
9156 9403
7193 2864
7894 9503
2629 5614
2525 9782
2881 4682
8942 4171
7465 9372
2329 3007
5160 6739
8799 8859
5983 7246
4145 9746
4808 3402
9827 8629
9557 8712
7169 3281
9700 2648
757 3992
7741 6671
4381 4029
5281 7673
7788 5899
9200 6971
3211 6482
2387 8503
8017 1929
5615 7422
8316 7814
1784 6804
9142 650
5442 2661
571 3880
6684 3704
9052 4490
3123 9539
8329 5908
2936 4968
9850 1609
75 2194
4541 7549
8460 6889
1467 2538
406 3327
9322 7914
342 8896
2119 4365
1633 3805
9339 6674
3692 6872
7541 7946
1473 8907
4742 9718
1017 2881
3663 2014
1060 3352
6301 9480
1520 15
3010 1617
1272 3781
406 6247
2066 8826
6213 213
7444 7480
2255 8657
2043 9673
3980 712
122 659
9489 3197
5398 4980
3512 5827
6932 8627
9659 4882
8432 7992
5423 7292
7578 9899
7894 2906
8588 4984
6864 2301
857 3427
8820 1544
3808 4966
9652 6398
4709 4604
5036 572
1141 3265
8112 1739
9866 6564
7135 4519
8433 7215
6927 4408
5240 9557
2474 2882
3416 6134
914 1774
1568 956
9250 8278
4523 467
4718 7161
7709 3265
4254 271
9903 157
8406 9555
6789 8132
1212 4604
4487 7354
4032 6052
540 1985
4956 7783
1301 2542
4554 7653
8374 5386
8470 4380
6206 4049
1626 3100
1428 4927
3546 2785
8075 662
1745 8699
4336 5730
4634 6124
759 918
3979 7656
9093 2571
5683 6478
3710 3188
6344 4760
6499 8174
6955 6108
7937 7149
9447 4040
9234 6769
9677 8947
5623 8163
7078 5519
3266 3885
5370 4383
8548 4145
8549 6403
8026 1519
5637 7218
8386 8862
8491 6742
8786 7706
3313 5056
2043 4813
3914 2044
4100 9488
648 6580
4444 3436
7728 7390
4021 648
2265 7145
4502 1056
8409 4671
2713 2570
4455 8559
5169 5145
7789 8382
9940 2953
5849 4489
6344 8166
6485 8123
2797 833
2511 7810
199 3102
3265 3982
2573 5320
8624 8395
1091 7983
4796 953
9838 819
8643 5292
9403 337
5883 9124
52 9604
284 3192
8478 7752
3823 7363
4445 4837
5761 2829
2181 2557
8305 2563
1351 7642
7525 9973
5215 1231
4560 754
893 392
1493 4865
3636 3752
3466 691
5187 5904
1646 5606
1859 417
8968 319
5187 5819
6147 2116
9020 4158
1265 6516
6370 1858
458 7428
582 8056
5233 2826
4387 5176
5158 2201
2569 5729
292 4947
727 9324
6101 5833
8872 6150
6817 8959
5270 1636
3977 5097
421 4581
2405 3418
875 6840
4656 6213
6130 8304
9750 6129
7404 7967
1044 4166
3515 2622
5118 2145
5467 6912
3266 9385
3022 4619
6671 4139
6022 7690
7732 6620
9781 9615
4144 9543
7427 4107
6615 5146
2338 4159
9089 2293
299 7413
2499 8319
3629 9258
9738 5085
6130 852
8217 7456
9913 779
6645 5150
5011 1070
5977 3110
1475 8443
2970 3091
8970 1769
6355 7387
4866 7267
1243 6014
3765 1840
5997 1113
9249 1709
5101 531
5463 2218
2662 2741
4905 8646
5926 9941
4453 2944
3319 7164
5388 5950
4004 7074
5932 4823
512 5719
7700 7385
1730 9392
8822 2340
4151 3089
3347 4825
5950 8494
4855 3358
6177 1672
3178 1685
8671 9224
8943 2010
1167 8667
9193 6478
5494 7804
865 6420
5176 5233
4039 897
1932 1057
3160 6254
2620 1968
2514 5526
1631 1995
8695 8603
