1000 2
5549 9667
7495 1313
526 1323
6499 8174
6101 5833
8654 4880
2678 3983
1886 5104
4445 4837
1826 9614
9233 6120
5240 9101
199 3991
2524 8732
7788 5899
420 9752
1475 8443
6522 4054
7613 8072
3530 5984
4354 5014
9022 4883
7170 5582
1167 8667
9489 3197
3676 3827
6479 9439
8638 9225
9021 9987
589 6588
8730 4699
7949 2219
4040 6560
7054 2985
4011 1371
1479 8666
7404 7967
6715 1536
5215 1231
7525 9973
7135 4519
5168 3097
8330 5507
6251 7171
6922 4213
3586 2897
9249 1709
7700 7385
5254 6098
5222 4979
8573 3838
2773 7210
7707 4982
3548 5289
5101 531
5016 5048
1859 417
8839 7544
5646 3737
8683 9099
9113 3809
4816 3610
6022 7690
5442 2661
3823 7363
8680 25
2977 8244
8350 8233
3088 5267
6255 8316
4058 8677
9050 9374
9512 6433
4244 9821
3158 4636
8930 7374
5762 2296
727 9324
4262 6041
882 2359
9866 6564
9001 7973
7377 7286
9664 850
8432 7992
6516 936
5160 2528
6344 4760
52 9604
4537 9483
3549 8002
2047 7290
7330 1775
866 2185
3326 2378
4456 8165
6924 3622
9139 8009
9519 1815
3546 2785
571 3880
347 1650
1401 166
940 847
9885 8223
7361 3164
1271 8601
1824 47
5578 5536
4406 1460
1141 3265
1745 8699
9949 9990
8886 6027
8649 3969
2789 2502
6108 4178
1351 7642
4369 9487
8968 319
2931 1347
2369 7518
1091 7983
8927 3134
8817 878
8357 5083
3098 9385
3338 2055
2713 2570
738 5976
435 486
6567 6391
3980 712
419 8167
8133 9170
8381 492
3002 6787
6474 7338
6560 1078
3266 3885
1520 15
5662 9180
690 5158
4863 6015
7444 7480
1446 8041
3327 6042
9259 395
1690 6269
2720 5915
4549 735
865 6420
3724 8981
8667 3220
3914 2044
3010 1617
5787 5604
6981 7430
8395 5499
4982 1179
682 7030
4209 236
4826 5991
3635 5174
3233 7357
949 858
4979 8737
3517 9637
699 5742
2944 4587
751 5724
9052 4490
7966 7993
8250 96
1636 512
4956 7783
2447 7476
6756 1774
1631 1995
2423 1811
1684 9812
6403 2974
1926 2074
2457 7932
1771 480
9420 9964
1910 6486
6645 5150
4835 7909
6120 4096
5739 5569
6341 7015
2331 6883
7627 6690
9006 3107
9625 4365
7394 1621
7162 6824
8684 5759
9919 9439
8554 9327
8310 1699
832 3629
1697 4182
8862 5435
5463 2218
3977 5097
5683 6478
4889 3787
6043 2669
9664 9367
801 5774
2265 7145
7937 7149
9124 6086
1080 9599
3979 7656
8322 7695
9850 1609
1573 9315
5128 5541
3350 1632
1079 2444
4792 693
4593 4837
2629 5614
4476 3873
8908 2007
8935 1033
757 3992
5494 7804
8386 8862
5901 7064
406 3327
1646 5606
1108 5805
9122 1918
8671 9224
2119 4365
8620 2747
3265 3982
8876 9369
5240 9557
7505 4185
2507 6645
8050 237
1472 5494
5187 5904
5270 1636
5609 1525
4237 1773
1784 6804
1138 6081
4092 7446
8366 2515
7578 9899
6242 9526
5352 1661
8458 388
9468 6913
5387 7495
4401 5467
8548 4145
4808 3402
299 7413
8406 9555
992 105
5895 2889
9652 6398
14 4904
458 7428
9201 8730
6249 534
4850 7251
5481 55
4145 9746
3313 5056
8624 8395
8495 8445
6801 5261
8934 510
5983 7246
6147 2116
360 6949
8588 4984
6744 8753
5011 1070
3274 7534
2994 541
8048 3666
6287 1556
5615 7422
3266 8408
3347 4825
3697 9391
8014 7516
8639 3676
3346 3453
4455 8559
1555 5429
6864 2301
3657 8347
7150 7313
8198 585
857 3427
6771 7771
3158 8727
1037 2032
4502 1056
1980 190
4718 8515
4090 2300
3466 691
145 3824
4799 3777
8016 2297
9775 4769
9217 1590
525 13
3256 6848
3764 2752
8465 1942
2866 8222
2257 2303
2308 61
7709 3265
1301 2542
3211 6482
4004 7074
5339 3654
9516 1953
7787 6368
7509 5188
4554 7653
7541 7946
5388 5950
7078 5519
5904 8282
3160 6254
9567 1495
8786 9117
5454 6583
7489 5689
4742 9718
4448 5895
8376 5394
1652 4946
8711 6570
5392 479
1646 3195
2795 621
9149 3927
4718 7161
5657 8214
4032 6052
8491 6742
2916 2107
1519 4585
9434 7795
6213 213
9827 8629
3546 2269
1444 6154
9832 1866
3258 4219
5778 3946
7917 4227
7052 8030
3487 5387
2511 7810
4400 4238
8433 7215
2181 2557
1781 4771
9184 1525
3270 9873
1498 1668
5623 8163
6370 1858
1358 8661
3992 8213
8017 1929
3759 3539
6536 3263
3166 8209
8942 4171
7930 2765
4905 8646
4445 4902
759 918
6656 843
4372 1029
3512 5827
5629 3648
1250 9159
4468 3852
9750 6129
4825 3476
410 5518
8972 2453
259 7934
7512 6460
2835 1718
4392 9259
1730 9392
8316 7814
969 114
9473 7739
6485 8123
3393 4629
4699 7759
3068 7534
7169 3281
40 7813
3818 2169
4606 4641
7905 2717
9523 9608
1275 2791
6671 4139
5621 6119
2550 7563
2522 4504
648 6580
153 1460
751 9284
6876 7535
7981 9676
9200 6971
9089 2293
9677 8947
1467 2538
6046 5564
2255 8657
914 1774
5727 3615
5398 4980
9316 7666
1915 1408
6901 1379
7030 8566
685 3576
6130 8304
9573 2681
5962 2945
2046 2225
1111 6742
6084 7829
9329 6790
284 3192
2655 8865
5036 572
4963 8654
670 2591
9965 6344
8001 519
525 4450
7466 2514
8714 6752
665 977
8795 9774
2060 5520
8112 1739
8848 2884
1044 4166
9812 1855
8247 5952
2642 4862
8651 859
406 6247
9156 9403
9913 779
5163 8235
5858 8584
186 4566
7427 4107
8204 7720
3416 6134
1210 3929
5545 5615
3945 4057
8872 6150
1846 1114
9974 8870
2304 8867
6301 9480
8501 773
5708 1079
7279 3285
6789 8132
6563 5718
3033 75
5272 6974
9335 2054
5467 6912
7619 2039
8608 9835
893 392
5702 9381
1547 2992
3123 9539
9886 65
7732 6620
6684 3704
122 659
2329 3007
3072 2545
8970 1769
9781 9615
4890 5607
4487 7354
325 7731
8460 6889
9076 9180
3638 2202
5637 7218
1942 6860
1480 5218
1740 5965
1932 1057
5883 9124
4381 4029
1212 4604
6653 9835
6156 8050
7894 2906
4848 9462
5415 3986
6340 3528
2620 1968
9738 5085
8563 6819
252 8195
3156 3061
9250 8278
3636 3752
6130 852
4254 271
7711 9136
367 8896
9335 490
1626 3100
8549 6403
4039 897
8227 7598
3117 1962
8943 2010
2852 1801
9438 5095
3266 9385
6291 3809
3515 2622
2058 3771
4391 2797
4945 6479
9342 1613
8000 5884
5815 4389
8524 9814
2699 1877
7744 3450
7894 9503
9120 1111
7048 2048
582 8056
1441 2607
2401 6074
7193 2864
2043 9673
3319 7164
5158 2201
8305 2563
7295 3888
3765 1840
1906 2610
8822 2340
1568 956
4618 8767
2011 8040
2435 2785
2264 5377
62 9506
9322 7914
7759 8930
1623 3312
8971 1120
2804 7509
8026 1519
6480 7424
960 766
4608 4375
6978 2005
5849 4489
7907 4034
5368 9247
9843 8081
5900 6414
6569 479
8027 4538
1577 3541
4389 5615
6967 7221
2116 1122
8159 9727
6355 7387
6955 6108
3400 2499
6940 2998
2853 9831
9339 6674
2514 5526
7779 6409
3041 6189
540 1985
5368 5437
6206 4049
5752 4157
9467 2100
9403 337
2745 7071
9192 2314
3055 3936
8217 7456
7753 5789
5705 9473
4852 2694
395 1312
5926 9941
9193 6478
3117 9609
4928 4469
7631 6935
8478 7752
3009 9822
4560 4219
2554 1132
7465 9372
2153 107
2053 5100
1405 2058
607 2358
1114 9712
6177 1672
5236 7794
5905 4864
5844 1715
2405 3418
8303 1453
3835 907
8695 8603
1432 5871
6817 8959
5169 5145
482 928
8756 5315
3646 7636
8394 4447
3692 6872
4100 9488
8773 4109
7404 4738
7480 246
7414 3535
5765 4800
4571 3051
5201 4696
6334 7377
3466 1692
1270 8644
8681 4161
4461 5834
8076 2341
6596 6611
1272 3781
2573 5320
8361 9447
9097 9633
3244 2458
2484 2474
512 5719
2621 9982
4761 578
6681 1001
8292 6680
9093 2571
4855 86
3710 3188
6757 2203
2377 7632
480 2979
5977 3110
9996 2033
5176 5233
873 6036
2714 9512
323 5462
2797 833
6573 8864
6396 8126
122 4910
7788 1677
9940 2953
2660 9110
1419 3190
8559 2903
1107 5016
2474 2882
2446 6905
3098 4272
3835 4169
7280 6345
9700 2648
8953 9934
8799 8859
3551 9841
8947 8865
6615 5146
728 5062
589 5107
7842 2873
3808 4966
7726 5045
3575 5040
8971 9262
4469 676
5460 7340
5789 4407
5073 6664
7780 3149
7712 9100
9447 4040
6927 4408
8329 5908
2338 4159
9057 6349
6932 8627
8148 1093
8075 662
7741 6671
645 2680
3695 7817
1017 2881
5743 7563
9077 6546
4387 5176
8745 2735
1140 5641
199 3102
9345 8889
2569 5729
8374 5386
5021 5930
9031 1949
4725 1662
5118 2145
753 6143
1473 8907
6433 2790
4560 754
5370 4383
2470 3386
6539 9356
8362 2189
3180 1616
7460 259
590 6381
75 2194
5889 675
8215 3617
327 187
6826 2644
268 645
2881 4682
6699 5824
5633 4327
9838 819
8644 9753
342 8896
9575 7772
8982 7783
5093 57
1891 3328
3902 5569
1265 6516
7271 1853
2387 8503
8664 7495
9402 4396
9020 4158
3870 1006
7397 6949
4698 878
4634 6124
6318 2237
7925 155
6344 8166
7789 8382
5950 8494
682 5103
875 6840
6897 110
3087 9497
9170 6567
9695 6841
8276 5627
1212 7310
1758 8138
1493 4865
6267 5783
2976 304
2895 7531
1438 4972
2525 9782
4855 3358
4167 2859
9856 1111
716 5809
8507 2647
5526 9419
7785 1654
2752 3227
2424 7429
6742 579
362 2076
5082 3126
9557 8712
8747 1421
2278 5222
1852 8416
4541 9006
421 4581
1879 6344
3400 1879
9490 6214
5650 3927
2577 9132
7627 1149
9234 6769
8348 1830
4523 467
4151 6763
2043 4813
5418 9628
6904 8625
859 1526
1846 6343
7072 8138
8232 1242
8395 3909
9082 4069
5281 7673
6686 3210
5997 1113
3967 8916
7681 9822
4973 177
8409 4671
9584 1800
3178 1685
1944 4494
5151 9227
6280 3020
6086 7726
4336 5730
5046 5200
7547 8938
5210 5552
6769 4805
2066 8826
7390 2178
3065 7093
3361 3330
4656 6213
9130 4569
2836 3101
6838 21
2337 8424
8628 8958
3638 4268
6345 103
2936 4968
1184 3912
1480 3079
7406 7886
8492 8876
8727 4351
5423 7292
3629 9258
607 5687
7639 431
5356 6242
7089 7479
3717 3632
2499 8319
4985 6650
5023 2165
2573 472
6294 95
5893 3741
2402 1249
2662 2741
626 603
1133 1184
7152 8870
4709 4604
9241 6499
7728 7390
5233 2826
1715 3828
7724 5516
6202 5981
8470 4380
8301 7589
1947 2570
9557 722
8955 1592
8791 7824
4324 9378
8352 303
3291 6500
5187 5819
9903 157
3556 151
1428 4927
9659 4882
1633 3805
4796 953
5744 5366
1276 9832
3714 1707
4144 9543
6738 5584
9536 4785
30 4527
3481 4952
1190 5043
1338 9231
8786 7706
1451 2922
4775 3655
9142 650
5932 4823
4091 8092
2358 8426
2444 484
6800 2094
6386 590
8631 2154
4952 2663
4541 7549
7895 3029
7958 3109
554 6706
5160 6739
3286 2525
7592 4173
8857 5110
292 4947
5741 3572
4866 7267
5537 2926
2300 9910
1710 254
1243 6014
7767 1464
8612 1433
410 3222
5980 3266
9022 5205
8643 5292
5325 2970
4629 6895
4288 9678
2970 3091
2922 5330
5188 7847
2350 5833
8820 1544
4874 249
7995 885
5894 2745
4453 2944
37 8032
1325 7831
4444 3436
9847 1699
1060 3352
8209 9447
4151 3089
5761 2829
6682 3709
4021 648
6349 1039
9302 3795
3022 4619
1268 9498
3663 2014
6374 8886
3314 5343
7802 4832
