1000 2
9827 8629
2265 7145
1275 2791
4469 676
5980 3266
3546 2785
6433 2790
3266 3885
6653 9835
1926 2074
9516 1953
3646 7636
7295 3888
2789 2502
6374 8886
3818 2169
2720 5915
1111 6742
9700 2648
8026 1519
2424 7429
6485 8123
8795 9774
9093 2571
2916 2107
3977 5097
7361 3164
960 766
5460 7340
3065 7093
4448 5895
2257 2303
5744 5366
9919 9439
8133 9170
6981 7430
3002 6787
8350 8233
8982 7783
2369 7518
8159 9727
1080 9599
4406 1460
9335 2054
6826 2644
685 3576
1573 9315
8876 9369
6686 3210
6206 4049
406 3327
3233 7357
3072 2545
3481 4952
75 2194
3548 5289
6596 6611
5370 4383
5415 3986
7054 2985
2181 2557
7711 9136
4775 3655
7707 4982
2387 8503
2852 1801
3759 3539
3692 6872
5765 4800
6344 4760
8016 2297
9974 8870
9750 6129
8362 2189
9965 6344
9856 1111
2853 9831
6341 7015
8198 585
4237 1773
7787 6368
9659 4882
1684 9812
526 1323
8217 7456
7279 3285
4952 2663
4725 1662
2401 6074
5187 5904
4792 693
1781 4771
4456 8165
9949 9990
1167 8667
9142 650
5549 9667
6084 7829
199 3991
1710 254
122 4910
8638 9225
1697 4182
6147 2116
4560 4219
8620 2747
1652 4946
3055 3936
1715 3828
1824 47
7495 1313
3992 8213
186 4566
5387 7495
8075 662
3517 9637
9200 6971
2678 3983
6742 579
2573 472
4874 249
2337 8424
1690 6269
7966 7993
2944 4587
6563 5718
7613 8072
5708 1079
3808 4966
1114 9712
8651 859
4799 3777
1338 9231
7394 1621
4167 2859
7726 5045
8971 1120
7712 9100
4698 878
1475 8443
3765 1840
9434 7795
1428 4927
2620 1968
5011 1070
7541 7946
8204 7720
1846 1114
9775 4769
6769 4805
4571 3051
1745 8699
9322 7914
5743 7563
6344 8166
8927 3134
9866 6564
8684 5759
8822 2340
1826 9614
1271 8601
9233 6120
8381 492
3393 4629
9217 1590
6800 2094
2300 9910
9695 6841
8756 5315
2423 1811
2936 4968
5787 5604
4453 2944
992 105
3068 7534
2053 5100
3347 4825
7525 9973
8680 25
665 977
1758 8138
9402 4396
1210 3929
5388 5950
4541 9006
3515 2622
682 5103
7894 9503
969 114
9077 6546
9575 7772
6022 7690
2116 1122
7404 4738
8654 4880
1472 5494
8465 1942
3098 9385
8352 303
4151 3089
5662 9180
5021 5930
2304 8867
2752 3227
8773 4109
7753 5789
3346 3453
8303 1453
4629 6895
1190 5043
512 5719
5657 8214
2922 5330
5901 7064
7995 885
4372 1029
5609 1525
4863 6015
5442 2661
3914 2044
6177 1672
8935 1033
9812 1855
3314 5343
882 2359
4476 3873
7489 5689
6474 7338
8017 1929
1944 4494
2970 3091
4144 9543
9536 4785
7480 246
2119 4365
5778 3946
3022 4619
2457 7932
7460 259
9903 157
1568 956
648 6580
6086 7726
4699 7759
8549 6403
2525 9782
4254 271
1852 8416
7759 8930
7089 7479
6656 843
9832 1866
6904 8625
9020 4158
6101 5833
5240 9101
8799 8859
2773 7210
873 6036
8376 5394
5270 1636
1351 7642
8683 9099
395 1312
458 7428
2331 6883
3041 6189
6267 5783
2836 3101
2329 3007
4336 5730
8943 2010
2994 541
1480 3079
9420 9964
360 6949
8631 2154
1079 2444
8495 8445
738 5976
1212 7310
2866 8222
7639 431
2405 3418
4850 7251
5082 3126
3714 1707
4560 754
4369 9487
3835 4169
3695 7817
3319 7164
6757 2203
5893 3741
6924 3622
8953 9934
7280 6345
4209 236
7404 7967
2660 9110
362 2076
5169 5145
5423 7292
6108 4178
4852 2694
4973 177
670 2591
8695 8603
9403 337
7728 7390
5016 5048
3211 6482
7512 6460
4742 9718
9339 6674
6291 3809
8848 2884
6499 8174
6955 6108
9584 1800
4709 4604
8588 4984
7135 4519
9170 6567
4554 7653
5739 5569
3466 691
4461 5834
8857 5110
7072 8138
8209 9447
7709 3265
7627 1149
7937 7149
5858 8584
7930 2765
2550 7563
7905 2717
3575 5040
1401 166
6838 21
1910 6486
6978 2005
4866 7267
4381 4029
9057 6349
6569 479
9468 6913
1519 4585
866 2185
8786 9117
5683 6478
2804 7509
284 3192
5352 1661
1493 4865
4400 4238
8406 9555
8322 7695
8972 2453
6864 2301
259 7934
5926 9941
1646 5606
801 5774
7681 9822
6967 7221
3156 3061
2153 107
5281 7673
1480 5218
8886 6027
8001 519
8747 1421
7895 3029
1626 3100
410 3222
342 8896
753 6143
5844 1715
7631 6935
9886 65
3530 5984
8730 4699
7509 5188
410 5518
1405 2058
2621 9982
6922 4213
1980 190
5646 3737
8612 1433
1141 3265
2046 2225
5526 9419
682 7030
2662 2741
268 645
6251 7171
9490 6214
8329 5908
2699 1877
857 3427
3466 1692
3033 75
8968 319
4855 3358
4956 7783
8048 3666
3663 2014
9512 6433
5036 572
1108 5805
5233 2826
2043 4813
9940 2953
1451 2922
292 4947
4825 3476
5977 3110
6287 1556
6340 3528
435 486
3902 5569
199 3102
4634 6124
3629 9258
875 6840
1438 4972
6522 4054
9913 779
3274 7534
2447 7476
1250 9159
7802 4832
3400 1879
7907 4034
6046 5564
5176 5233
5815 4389
6156 8050
6255 8316
1631 1995
8316 7814
8664 7495
1771 480
7788 5899
2976 304
2446 6905
9557 8712
7330 1775
1301 2542
9022 4883
3549 8002
8791 7824
8639 3676
7779 6409
8671 9224
5215 1231
4549 735
9850 1609
1272 3781
14 4904
4945 6479
9847 1699
4354 5014
8714 6752
5650 3927
5762 2296
62 9506
6671 4139
3166 8209
6120 4096
4537 9483
582 8056
7627 6690
5392 479
7619 2039
2835 1718
6682 3709
8478 7752
8930 7374
9076 9180
419 8167
5481 55
8000 5884
3487 5387
589 6588
1547 2992
3256 6848
37 8032
3270 9873
2745 7071
9342 1613
7444 7480
1467 2538
1091 7983
8215 3617
2569 5729
6202 5981
9677 8947
6771 7771
3512 5827
3160 6254
7406 7886
5578 5536
4541 7549
8786 7706
607 5687
4826 5991
6897 110
8507 2647
7397 6949
8386 8862
6043 2669
5463 2218
5368 5437
7377 7286
6738 5584
2278 5222
6213 213
8076 2341
9664 850
645 2680
5128 5541
3717 3632
480 2979
8491 6742
8148 1093
5236 7794
8357 5083
6370 1858
1270 8644
3638 2202
7193 2864
9489 3197
1879 6344
1268 9498
8820 1544
3158 8727
5761 2829
4808 3402
4487 7354
3823 7363
6615 5146
7390 2178
6242 9526
6927 4408
4502 1056
3979 7656
8395 5499
8227 7598
5621 6119
3178 1685
8232 1242
9316 7666
4468 3852
1212 4604
6536 3263
5905 4864
9130 4569
6817 8959
3123 9539
5633 4327
3087 9497
1432 5871
2043 9673
8470 4380
6249 534
5398 4980
1886 5104
2499 8319
525 13
607 2358
1555 5429
751 9284
8563 6819
7427 4107
8247 5952
9089 2293
6901 1379
5702 9381
3117 1962
7414 3535
4606 4641
1479 8666
4889 3787
3009 9822
893 392
7465 9372
7048 2048
1276 9832
7052 8030
540 1985
6681 1001
6130 852
3326 2378
3556 151
2554 1132
7724 5516
145 3824
6744 8753
5272 6974
6699 5824
5615 7422
420 9752
9097 9633
5889 675
7030 8566
9519 1815
7949 2219
2264 5377
3945 4057
9139 8009
6715 1536
865 6420
3638 4268
4618 8767
5201 4696
3676 3827
8112 1739
859 1526
6756 1774
3266 9385
3586 2897
3291 6500
7700 7385
4389 5615
9557 722
5962 2945
9664 9367
9885 8223
3244 2458
325 7731
6539 9356
4718 8515
6301 9480
9156 9403
4963 8654
5240 9557
2655 8865
52 9604
4288 9678
4593 4837
4523 467
5254 6098
2507 6645
8839 7544
8458 388
4004 7074
5418 9628
4444 3436
5160 6739
4021 648
3338 2055
3098 4272
323 5462
5494 7804
2255 8657
3710 3188
9652 6398
9625 4365
3416 6134
9738 5085
9567 1495
716 5809
2514 5526
4262 6041
1623 3312
9473 7739
4091 8092
8649 3969
5623 8163
525 4450
2511 7810
5537 2926
7152 8870
367 8896
8862 5435
8942 4171
1942 6860
6573 8864
9438 5095
8643 5292
5637 7218
8548 4145
2573 5320
9523 9608
6789 8132
7271 1853
8971 9262
5158 2201
3697 9391
2358 8426
6932 8627
7170 5582
7744 3450
6567 6391
6940 2998
8409 4671
4890 5607
5950 8494
7785 1654
1891 3328
9001 7973
9234 6769
7925 155
4392 9259
8310 1699
9843 8081
8501 773
9113 3809
5545 5615
5187 5819
9467 2100
1784 6804
8276 5627
3088 5267
4445 4837
8394 4447
327 187
3967 8916
7780 3149
5356 6242
299 7413
7767 1464
3636 3752
7466 2514
3361 3330
4848 9462
1730 9392
4058 8677
8554 9327
2797 833
6294 95
4040 6560
6345 103
482 928
8374 5386
4092 7446
2470 3386
3657 8347
690 5158
4039 897
5368 9247
1646 3195
4387 5176
5339 3654
6645 5150
3286 2525
4982 1179
1265 6516
5188 7847
8050 237
8970 1769
5168 3097
7578 9899
3551 9841
1133 1184
1498 1668
7741 6671
9184 1525
1325 7831
728 5062
1184 3912
9201 8730
5222 4979
3764 2752
8608 9835
5900 6414
1520 15
6560 1078
1138 6081
4816 3610
4100 9488
5454 6583
2402 1249
7958 3109
9050 9374
727 9324
8492 8876
2011 8040
2484 2474
8711 6570
1044 4166
8330 5507
5163 8235
8524 9814
6396 8126
7732 6620
6349 1039
7789 8382
4855 86
2444 484
5629 3648
8014 7516
30 4527
7162 6824
8292 6680
1740 5965
9335 490
7981 9676
8573 3838
4145 9746
2642 4862
3546 2269
3158 4636
3327 6042
1444 6154
759 918
1243 6014
3724 8981
5752 4157
1107 5016
9031 1949
6684 3704
1906 2610
1060 3352
2881 4682
5741 3572
2066 8826
4011 1371
1915 1408
2522 4504
751 5724
6479 9439
5160 2528
9149 3927
8681 4161
252 8195
4455 8559
699 5742
7150 7313
4928 4469
3400 2499
5073 6664
3350 1632
4656 6213
5151 9227
6480 7424
5210 5552
9781 9615
4979 8737
3265 3982
4151 6763
8027 4538
1636 512
757 3992
2047 7290
5849 4489
2895 7531
4391 2797
2795 621
914 1774
2629 5614
949 858
7505 4185
8305 2563
7788 1677
8301 7589
421 4581
9329 6790
2474 2882
626 603
122 659
5023 2165
3010 1617
2713 2570
5325 2970
4905 8646
5894 2745
1017 2881
9021 9987
8667 3220
1446 8041
4761 578
8624 8395
3835 907
5997 1113
4244 9821
8432 7992
406 6247
1859 417
8460 6889
4796 953
2524 8732
8559 2903
9124 6086
8872 6150
2338 4159
5904 8282
3266 8408
9249 1709
5467 6912
940 847
8745 2735
3870 1006
8250 96
9120 1111
5789 4407
832 3629
9241 6499
7169 3281
5093 57
1358 8661
2350 5833
9192 2314
6318 2237
1441 2607
9573 2681
8947 8865
2577 9132
6403 2974
5046 5200
2435 2785
7592 4173
9996 2033
8908 2007
1633 3805
5883 9124
4445 4902
3258 4219
6386 590
9052 4490
6516 936
1037 2032
9193 6478
2931 1347
4985 6650
1577 3541
7917 4227
5727 3615
1947 2570
4324 9378
9259 395
8361 9447
4401 5467
2714 9512
6876 7535
3313 5056
1140 5641
9022 5205
554 6706
5895 2889
5118 2145
8628 8958
590 6381
9447 4040
5101 531
1473 8907
8433 7215
6355 7387
347 1650
4608 4375
8817 878
1419 3190
8727 4351
2377 7632
7078 5519
1846 6343
7842 2873
2977 8244
8366 2515
7547 8938
9250 8278
5983 7246
589 5107
9006 3107
9838 819
6130 8304
1932 1057
9302 3795
4090 2300
4032 6052
3117 9609
3635 5174
40 7813
2308 61
8934 510
8955 1592
5932 4823
7894 2906
4835 7909
2060 5520
153 1460
9345 8889
571 3880
2058 3771
9122 1918
3180 1616
4718 7161
8395 3909
6280 3020
3980 712
9082 4069
6801 5261
6334 7377
5705 9473
8348 1830
8644 9753
