1000 2
607 2358
1547 2992
8017 1929
8935 1033
1472 5494
6301 9480
6108 4178
8394 4447
3266 8408
6769 4805
5761 2829
8026 1519
4244 9821
9490 6214
8786 7706
4381 4029
5325 2970
5744 5366
7135 4519
699 5742
4032 6052
9856 1111
7404 4738
4254 271
8301 7589
9335 2054
9489 3197
992 105
8501 773
1758 8138
3818 2169
9139 8009
4387 5176
8631 2154
3158 4636
9001 7973
9097 9633
1715 3828
8303 1453
4453 2944
3002 6787
5741 3572
8000 5884
5980 3266
9149 3927
9082 4069
8376 5394
5023 2165
6615 5146
9345 8889
7377 7286
1270 8644
7780 3149
2773 7210
5101 531
4151 3089
1275 2791
6474 7338
1405 2058
7787 6368
3546 2785
6536 3263
7788 5899
5705 9473
6485 8123
2944 4587
3697 9391
406 6247
4890 5607
6177 1672
7495 1313
6539 9356
4656 6213
1419 3190
5629 3648
5905 4864
5222 4979
9302 3795
9192 2314
4850 7251
3055 3936
7390 2178
751 5724
2329 3007
420 9752
6340 3528
4718 7161
6267 5783
1473 8907
5016 5048
9142 650
6349 1039
458 7428
8942 4171
3009 9822
4369 9487
3945 4057
5415 3986
3416 6134
3902 5569
362 2076
6043 2669
8971 1120
7162 6824
7744 3450
5356 6242
6294 95
1646 3195
7788 1677
7613 8072
6345 103
8316 7814
3400 2499
9573 2681
3710 3188
9201 8730
7072 8138
3663 2014
6684 3704
590 6381
8470 4380
5815 4389
8507 2647
5240 9557
9700 2648
5392 479
4928 4469
9438 5095
875 6840
1633 3805
4100 9488
5926 9941
8971 9262
554 6706
6771 7771
6569 479
7279 3285
6715 1536
2053 5100
8930 7374
1891 3328
7169 3281
1636 512
7949 2219
2265 7145
9130 4569
410 5518
2387 8503
7414 3535
1108 5805
3265 3982
8361 9447
6242 9526
6522 4054
8350 8233
1079 2444
8409 4671
1573 9315
3156 3061
3347 4825
4742 9718
6757 2203
9250 8278
421 4581
5118 2145
2181 2557
6147 2116
1438 4972
2423 1811
1915 1408
9076 9180
3123 9539
8839 7544
512 5719
5467 6912
6480 7424
8386 8862
4699 7759
62 9506
9434 7795
969 114
8112 1739
6682 3709
2499 8319
5609 1525
8348 1830
9021 9987
4455 8559
8786 9117
3551 9841
14 4904
7907 4034
9052 4490
5895 2889
5254 6098
6130 8304
6403 2974
8395 5499
9677 8947
8588 4984
9965 6344
2573 5320
7995 885
9057 6349
3835 907
6386 590
7592 4173
199 3102
6671 4139
8076 2341
1111 6742
1184 3912
525 13
1114 9712
2931 1347
9467 2100
8876 9369
6374 8886
9695 6841
3117 1962
7724 5516
8681 4161
3646 7636
8727 4351
3244 2458
1479 8666
5368 9247
4151 6763
9249 1709
5233 2826
7958 3109
5481 55
4487 7354
6645 5150
7631 6935
6433 2790
9866 6564
5270 1636
1519 4585
8352 303
9447 4040
3266 9385
342 8896
4058 8677
4698 878
9077 6546
6596 6611
2444 484
7048 2048
1467 2538
2358 8426
8548 4145
4554 7653
8433 7215
8406 9555
8773 4109
4852 2694
4825 3476
4792 693
9022 4883
1852 8416
2377 7632
3319 7164
9322 7914
2720 5915
6084 7829
1730 9392
8027 4538
716 5809
7681 9822
6318 2237
5272 6974
3586 2897
7052 8030
7785 1654
1451 2922
5036 572
9329 6790
5683 6478
7789 8382
8276 5627
5646 3737
4090 2300
3098 9385
4863 6015
8908 2007
6653 9835
8492 8876
7404 7967
9316 7666
7709 3265
6932 8627
3823 7363
2066 8826
5657 8214
589 6588
3178 1685
2058 3771
4985 6650
1886 5104
406 3327
3166 8209
5621 6119
5163 8235
3714 1707
6699 5824
8478 7752
8458 388
2401 6074
153 1460
5494 7804
9781 9615
4469 676
9020 4158
4468 3852
7271 1853
5901 7064
4288 9678
2153 107
8643 5292
8982 7783
1906 2610
8820 1544
1141 3265
5011 1070
2662 2741
2457 7932
8756 5315
9022 5205
1555 5429
4835 7909
9217 1590
7152 8870
7619 2039
9557 8712
4905 8646
8667 3220
9093 2571
3546 2269
5093 57
914 1774
949 858
5778 3946
1338 9231
5743 7563
2976 304
2678 3983
9625 4365
5650 3927
2836 3101
5894 2745
6344 8166
284 3192
832 3629
6334 7377
2795 621
8322 7695
8250 96
2011 8040
5950 8494
2257 2303
859 1526
4560 4219
6370 1858
7741 6671
8495 8445
1212 7310
8608 9835
571 3880
5578 5536
1265 6516
3033 75
8075 662
7707 4982
9949 9990
1138 6081
5460 7340
6206 4049
4167 2859
5281 7673
7578 9899
4400 4238
8549 6403
8628 8958
5187 5819
7981 9676
6927 4408
4799 3777
7170 5582
6563 5718
2402 1249
8292 6680
3549 8002
2573 472
5236 7794
4445 4902
3270 9873
2977 8244
6101 5833
1493 4865
347 1650
5160 2528
1210 3929
6826 2644
8432 7992
1044 4166
1859 417
3512 5827
8872 6150
7512 6460
3180 1616
8927 3134
2043 9673
882 2359
3117 9609
5352 1661
7295 3888
5176 5233
8654 4880
6341 7015
5977 3110
1710 254
8817 878
759 918
268 645
9468 6913
9512 6433
8573 3838
2804 7509
3313 5056
757 3992
5370 4383
2853 9831
395 1312
9335 490
6022 7690
7541 7946
5158 2201
1652 4946
7700 7385
4816 3610
9850 1609
4391 2797
6897 110
4725 1662
2525 9782
8747 1421
3764 2752
6344 4760
1879 6344
7505 4185
4808 3402
5637 7218
7150 7313
3098 4272
6940 2998
6681 1001
1190 5043
4461 5834
5463 2218
3556 151
4262 6041
7489 5689
5423 7292
8671 9224
2554 1132
6686 3210
4389 5615
960 766
4406 1460
6656 843
8559 2903
1690 6269
2789 2502
6249 534
1037 2032
2046 2225
1444 6154
873 6036
2852 1801
2060 5520
4445 4837
2970 3091
4372 1029
7711 9136
5932 4823
5442 2661
3724 8981
582 8056
1268 9498
4593 4837
5046 5200
2304 8867
4979 8737
7802 4832
8329 5908
8857 5110
2522 4504
6499 8174
9838 819
6924 3622
8695 8603
3914 2044
1091 7983
4144 9543
1140 5641
1947 2570
1401 166
8357 5083
3314 5343
4855 3358
8215 3617
3022 4619
1080 9599
8491 6742
2507 6645
3835 4169
37 8032
5708 1079
9339 6674
1846 6343
9750 6129
7759 8930
665 977
8381 492
6967 7221
8943 2010
145 3824
1017 2881
9775 4769
9974 8870
5454 6583
8862 5435
482 928
9516 1953
9006 3107
4523 467
2752 3227
2300 9910
7397 6949
9234 6769
4826 5991
7054 2985
3530 5984
670 2591
3466 691
6901 1379
3233 7357
8822 2340
1432 5871
6120 4096
4618 8767
4571 3051
1060 3352
1980 190
8305 2563
8204 7720
3765 1840
5240 9101
4629 6895
3635 5174
1932 1057
2569 5729
5151 9227
685 3576
299 7413
3291 6500
7917 4227
7525 9973
3629 9258
801 5774
6756 1774
5983 7246
6838 21
4709 4604
199 3991
1626 3100
6817 8959
5388 5950
4537 9483
645 2680
1771 480
6516 936
8232 1242
5188 7847
1826 9614
6479 9439
5169 5145
6955 6108
1697 4182
1325 7831
3256 6848
3636 3752
5904 8282
7627 6690
4444 3436
6744 8753
1167 8667
2470 3386
8620 2747
9259 395
4956 7783
2043 4813
648 6580
5762 2296
4456 8165
9919 9439
7937 7149
7894 2906
8330 5507
4973 177
7966 7993
1824 47
2621 9982
2308 61
1520 15
3977 5097
5526 9419
8680 25
5073 6664
4761 578
3759 3539
8683 9099
3350 1632
6904 8625
3088 5267
9652 6398
5893 3741
7280 6345
252 8195
6291 3809
5844 1715
9184 1525
7466 2514
7639 431
7465 9372
9664 9367
7444 7480
2620 1968
4866 7267
1926 2074
9575 7772
7406 7886
9536 4785
857 3427
7427 4107
3717 3632
1446 8041
8524 9814
7394 1621
8638 9225
4775 3655
4040 6560
5858 8584
3041 6189
2047 7290
3158 8727
4091 8092
5021 5930
8644 9753
5387 7495
2922 5330
8684 5759
2550 7563
8955 1592
3548 5289
8745 2735
9664 850
5752 4157
3695 7817
3274 7534
9903 157
525 4450
327 187
9113 3809
1740 5965
8651 859
9659 4882
6251 7171
5545 5615
2577 9132
3657 8347
7905 2717
5160 6739
1910 6486
3286 2525
1577 3541
6738 5584
2424 7429
323 5462
8639 3676
5215 1231
8374 5386
4945 6479
4039 897
866 2185
6864 2301
8366 2515
2446 6905
4476 3873
1271 8601
7894 9503
4092 7446
727 9324
1646 5606
682 7030
6567 6391
4549 735
865 6420
4796 953
435 486
4889 3787
6130 852
5537 2926
5615 7422
8050 237
122 659
2713 2570
4324 9378
1846 1114
7895 3029
6280 3020
6255 8316
4502 1056
2405 3418
7712 9100
753 6143
8133 9170
7925 155
9885 8223
3160 6254
7767 1464
480 2979
5889 675
728 5062
4004 7074
4718 8515
526 1323
7480 246
4848 9462
5368 5437
5339 3654
3065 7093
8970 1769
186 4566
1133 1184
738 5976
3967 8916
7726 5045
1498 1668
8016 2297
2255 8657
6202 5981
1250 9159
6876 7535
2916 2107
9812 1855
1212 4604
1623 3312
4336 5730
7330 1775
5128 5541
1301 2542
5997 1113
7509 5188
5900 6414
8612 1433
8554 9327
52 9604
2994 541
4982 1179
9050 9374
540 1985
4448 5895
2435 2785
2119 4365
8465 1942
7078 5519
3072 2545
6800 2094
8799 8859
7361 3164
2895 7531
4209 236
3676 3827
7030 8566
3361 3330
7753 5789
3638 2202
8886 6027
7842 2873
3992 8213
2264 5377
3638 4268
1784 6804
1351 7642
2629 5614
3326 2378
9523 9608
1944 4494
751 9284
8934 510
8730 4699
4634 6124
6156 8050
940 847
8624 8395
9031 1949
9420 9964
1276 9832
1568 956
9996 2033
6287 1556
2447 7476
9519 1815
3393 4629
5787 5604
6981 7430
4952 2663
2484 2474
2116 1122
9843 8081
9832 1866
1428 4927
9089 2293
2511 7810
5739 5569
410 3222
9886 65
3266 3885
4963 8654
5727 3615
2350 5833
1475 8443
8649 3969
3211 6482
8947 8865
4354 5014
2514 5526
1272 3781
6396 8126
367 8896
4011 1371
4541 9006
5418 9628
3068 7534
30 4527
6742 579
1684 9812
3338 2055
419 8167
8968 319
3517 9637
9124 6086
7627 1149
5168 3097
1107 5016
6573 8864
6978 2005
5662 9180
2338 4159
5623 8163
2699 1877
8217 7456
4606 4641
2881 4682
2835 1718
8395 3909
893 392
2936 4968
2331 6883
3327 6042
8791 7824
40 7813
682 5103
1781 4771
292 4947
4560 754
2797 833
3466 1692
325 7731
6801 5261
8972 2453
8048 3666
2369 7518
9738 5085
5187 5904
4608 4375
4145 9746
7547 8938
7732 6620
6213 213
3980 712
6046 5564
5633 4327
2866 8222
1480 5218
5549 9667
9200 6971
3400 1879
4541 7549
8953 9934
9557 722
4401 5467
8664 7495
8310 1699
1942 6860
122 4910
259 7934
2745 7071
8227 7598
9241 6499
3870 1006
2474 2882
8014 7516
2655 8865
8848 2884
2337 8424
5702 9381
8209 9447
3515 2622
3481 4952
6560 1078
589 5107
9170 6567
8159 9727
607 5687
3487 5387
8001 519
3346 3453
3010 1617
9342 1613
8247 5952
4855 86
8362 2189
1480 3079
6789 8132
9913 779
8714 6752
7193 2864
7930 2765
690 5158
626 603
1441 2607
9402 4396
4392 9259
3575 5040
5398 4980
9122 1918
4021 648
9473 7739
6086 7726
6355 7387
9403 337
4874 249
3808 4966
9827 8629
75 2194
3692 6872
3258 4219
1243 6014
5082 3126
1745 8699
5789 4407
1631 1995
1358 8661
4237 1773
5201 4696
5849 4489
2660 9110
3979 7656
9584 1800
9940 2953
9193 6478
9156 9403
6922 4213
9120 1111
8563 6819
7728 7390
5883 9124
7089 7479
8148 1093
2714 9512
7779 6409
8460 6889
8795 9774
3087 9497
9847 1699
5210 5552
360 6949
5765 4800
9567 1495
2642 4862
5962 2945
2524 8732
8198 585
9233 6120
7460 259
8711 6570
2278 5222
