1000 2
3992 8213
4523 467
7525 9973
7788 5899
589 5107
4476 3873
2066 8826
9775 4769
7726 5045
3065 7093
4058 8677
8644 9753
3178 1685
4761 578
1740 5965
6922 4213
6147 2116
9447 4040
3117 9609
1568 956
4699 7759
6653 9835
5657 8214
6684 3704
8524 9814
7361 3164
8017 1929
6344 4760
7547 8938
3400 1879
1017 2881
5615 7422
8620 2747
9113 3809
7744 3450
8316 7814
9184 1525
8050 237
3980 712
2745 7071
5011 1070
3338 2055
4032 6052
8470 4380
3291 6500
7295 3888
2936 4968
1886 5104
6345 103
8968 319
8680 25
2444 484
5633 4327
4254 271
4324 9378
1438 4972
122 4910
5118 2145
4796 953
2524 8732
3266 3885
9843 8081
8548 4145
2660 9110
682 7030
4039 897
7048 2048
6213 213
759 918
8026 1519
8112 1739
7460 259
9403 337
8458 388
9130 4569
4145 9746
1479 8666
757 3992
3123 9539
2699 1877
406 6247
8559 2903
1846 1114
6251 7171
8148 1093
5977 3110
6967 7221
4560 4219
7427 4107
5215 1231
252 8195
8684 5759
4040 6560
6927 4408
2629 5614
8822 2340
3646 7636
5900 6414
9420 9964
8651 859
1498 1668
7753 5789
2620 1968
2058 3771
8971 1120
7613 8072
395 1312
1108 5805
5983 7246
6536 3263
3072 2545
4656 6213
2554 1132
9031 1949
5158 2201
1473 8907
4792 693
5454 6583
8573 3838
9949 9990
1577 3541
5621 6119
1826 9614
8198 585
9490 6214
5765 4800
5467 6912
8970 1769
6086 7726
8433 7215
362 2076
4963 8654
3512 5827
7639 431
727 9324
9664 9367
2852 1801
7788 1677
8947 8865
7592 4173
6742 579
75 2194
342 8896
9076 9180
7981 9676
1633 3805
3158 8727
8817 878
323 5462
7394 1621
9057 6349
2795 621
5609 1525
9584 1800
1472 5494
9120 1111
2257 2303
9097 9633
6130 852
3098 4272
6940 2998
5980 3266
2797 833
8711 6570
8395 5499
6344 8166
8649 3969
2895 7531
6433 2790
7995 885
6656 843
512 5719
5240 9557
5387 7495
9812 1855
960 766
153 1460
9001 7973
5727 3615
8075 662
4905 8646
8714 6752
2435 2785
1730 9392
7681 9822
6291 3809
360 6949
6978 2005
5128 5541
3714 1707
3945 4057
5392 479
7397 6949
7078 5519
9996 2033
6294 95
6567 6391
5629 3648
3314 5343
3286 2525
7759 8930
4855 86
5254 6098
2447 7476
9342 1613
8301 7589
5741 3572
4288 9678
2331 6883
1915 1408
4826 5991
5637 7218
3818 2169
7728 7390
5210 5552
5950 8494
2060 5520
4956 7783
1060 3352
1107 5016
8352 303
3764 2752
1824 47
4549 735
9664 850
9575 7772
7724 5516
6340 3528
3166 8209
9250 8278
3266 9385
5537 2926
4151 6763
4560 754
3575 5040
9089 2293
458 7428
1493 4865
7712 9100
8654 4880
5398 4980
7925 155
4502 1056
3487 5387
2043 9673
7404 7967
9467 2100
7895 3029
3274 7534
2300 9910
6403 2974
4100 9488
2573 472
8934 510
554 6706
1684 9812
5662 9180
7949 2219
7465 9372
8953 9934
2265 7145
8386 8862
4151 3089
2976 304
1212 7310
5093 57
3350 1632
8227 7598
3663 2014
2350 5833
2046 2225
8681 4161
1891 3328
9193 6478
893 392
685 3576
1547 2992
299 7413
859 1526
2387 8503
1037 2032
2264 5377
1114 9712
5997 1113
4469 676
4973 177
2835 1718
525 4450
8362 2189
1133 1184
6108 4178
6474 7338
8381 492
1446 8041
9149 3927
1270 8644
1044 4166
2153 107
3088 5267
1745 8699
5578 5536
3346 3453
5388 5950
9700 2648
690 5158
8664 7495
1758 8138
1626 3100
6485 8123
5460 7340
7802 4832
8394 4447
2922 5330
2401 6074
2773 7210
2423 1811
5201 4696
6699 5824
5743 7563
4850 7251
3466 1692
5281 7673
8786 7706
4629 6895
8612 1433
325 7731
1980 190
1710 254
4618 8767
607 2358
4808 3402
3835 907
4455 8559
6206 4049
2181 2557
2474 2882
4816 3610
3549 8002
2713 2570
9434 7795
2970 3091
8549 6403
7627 1149
9866 6564
8217 7456
4445 4902
3466 691
8639 3676
5752 4157
5356 6242
8232 1242
6396 8126
6084 7829
5240 9101
7054 2985
5222 4979
3068 7534
3313 5056
421 4581
259 7934
5168 3097
5163 8235
7404 4738
525 13
8643 5292
4848 9462
3327 6042
8631 2154
3530 5984
6516 936
6757 2203
1480 3079
648 6580
2358 8426
949 858
5702 9381
7779 6409
2511 7810
8972 2453
3158 4636
3808 4966
2337 8424
5904 8282
1080 9599
3870 1006
8795 9774
2577 9132
9241 6499
7958 3109
7150 7313
6686 3210
2116 1122
5188 7847
1697 4182
2944 4587
4372 1029
5787 5604
8908 2007
5270 1636
7842 2873
1623 3312
1784 6804
7709 3265
2119 4365
8628 8958
7480 246
1910 6486
1636 512
3835 4169
4889 3787
940 847
9438 5095
7509 5188
1715 3828
4456 8165
3638 2202
7135 4519
3724 8981
8495 8445
5545 5615
1555 5429
3002 6787
9316 7666
4709 4604
2977 8244
3416 6134
2514 5526
4718 8515
3256 6848
9142 650
5893 3741
914 1774
480 2979
4444 3436
5815 4389
4237 1773
3717 3632
9233 6120
8374 5386
2402 1249
7030 8566
1947 2570
8667 3220
8501 773
7937 7149
1646 3195
8491 6742
7377 7286
1272 3781
1358 8661
3022 4619
801 5774
5926 9941
2011 8040
5160 6739
3759 3539
4391 2797
3765 1840
9536 4785
7787 6368
6301 9480
7505 4185
9847 1699
5082 3126
865 6420
8872 6150
7512 6460
1428 4927
866 2185
5236 7794
4979 8737
8624 8395
5650 3927
8016 2297
7330 1775
6955 6108
8460 6889
2569 5729
6563 5718
7767 1464
8848 2884
607 5687
2853 9831
8133 9170
9124 6086
8209 9447
3319 7164
4453 2944
875 6840
571 3880
5418 9628
419 8167
2308 61
6671 4139
2278 5222
1879 6344
122 659
5895 2889
4468 3852
4406 1460
7627 6690
7578 9899
7917 4227
8027 4538
406 3327
3546 2785
699 5742
882 2359
6826 2644
4445 4837
4799 3777
9965 6344
9022 4883
62 9506
3244 2458
9919 9439
3400 2499
9850 1609
3393 4629
3481 4952
2789 2502
5272 6974
3823 7363
4541 9006
5526 9419
5021 5930
6838 21
1942 6860
4982 1179
2369 7518
1401 166
6681 1001
6318 2237
2916 2107
3515 2622
7711 9136
5046 5200
3902 5569
9974 8870
7905 2717
8876 9369
4090 2300
8348 1830
9468 6913
2304 8867
1846 6343
9139 8009
6789 8132
2424 7429
8747 1421
3055 3936
6242 9526
1926 2074
2525 9782
4392 9259
9557 722
7619 2039
4725 1662
4144 9543
2446 6905
5016 5048
1771 480
1944 4494
7193 2864
3967 8916
14 4904
5739 5569
9200 6971
5683 6478
6349 1039
4369 9487
9156 9403
6177 1672
37 8032
6817 8959
582 8056
6120 4096
2662 2741
9201 8730
4742 9718
9625 4365
6981 7430
3156 3061
5883 9124
4985 6650
5368 5437
1652 4946
1480 5218
753 6143
1138 6081
1405 2058
7489 5689
5705 9473
145 3824
2377 7632
3347 4825
410 5518
8943 2010
6904 8625
6901 1379
7271 1853
199 3102
1190 5043
5481 55
5160 2528
7930 2765
7162 6824
8366 2515
1441 2607
590 6381
5036 572
1451 2922
9052 4490
7741 6671
6370 1858
7785 1654
4825 3476
2470 3386
1111 6742
3180 1616
857 3427
5708 1079
4698 878
7466 2514
6522 4054
2338 4159
1338 9231
7280 6345
8276 5627
1268 9498
8409 4671
9259 395
3033 75
8862 5435
4537 9483
8507 2647
3636 3752
6101 5833
540 1985
6539 9356
3710 3188
4336 5730
8292 6680
7390 2178
9567 1495
3977 5097
6156 8050
1265 6516
2507 6645
5894 2745
3117 1962
3009 9822
1932 1057
8329 5908
4852 2694
7152 8870
1444 6154
2573 5320
6202 5981
4945 6479
8942 4171
2255 8657
9077 6546
6756 1774
9234 6769
2931 1347
1852 8416
6499 8174
7072 8138
8048 3666
9832 1866
9022 5205
6645 5150
9885 8223
2866 8222
9339 6674
5442 2661
4541 7549
6255 8316
5744 5366
3010 1617
9192 2314
3517 9637
3586 2897
1646 5606
6573 8864
9913 779
7894 9503
2714 9512
5646 3737
9573 2681
8786 9117
5905 4864
2484 2474
8982 7783
8001 519
9335 2054
9940 2953
3914 2044
4863 6015
3551 9841
4400 4238
3697 9391
9050 9374
3629 9258
5176 5233
6386 590
8971 9262
5368 9247
2621 9982
4874 249
2405 3418
9750 6129
8935 1033
8322 7695
5849 4489
969 114
4487 7354
4928 4469
526 1323
9093 2571
8305 2563
8791 7824
9329 6790
5233 2826
670 2591
1275 2791
4775 3655
8492 8876
8927 3134
7406 7886
665 977
1781 4771
8432 7992
8745 2735
4387 5176
4461 5834
7279 3285
4718 7161
6801 5261
9516 1953
5352 1661
1250 9159
9886 65
3211 6482
3266 8408
8395 3909
1212 4604
3326 2378
751 9284
4209 236
1475 8443
5901 7064
738 5976
6249 534
4835 7909
347 1650
8695 8603
3657 8347
8563 6819
751 5724
3041 6189
3692 6872
8357 5083
7732 6620
9659 4882
9473 7739
1519 4585
1906 2610
1325 7831
8773 4109
5789 4407
52 9604
3361 3330
9695 6841
6355 7387
8886 6027
4554 7653
992 105
2720 5915
2522 4504
645 2680
2881 4682
1079 2444
8303 1453
435 486
1467 2538
1432 5871
1271 8601
7707 4982
2642 4862
8756 5315
9006 3107
40 7813
3979 7656
3556 151
9082 4069
2550 7563
7169 3281
2499 8319
5494 7804
9345 8889
7444 7480
5151 9227
4021 648
7894 2906
9170 6567
8799 8859
9677 8947
5187 5819
8588 4984
1091 7983
2678 3983
4354 5014
9652 6398
6771 7771
5761 2829
7495 1313
292 4947
2655 8865
6130 8304
5073 6664
1210 3929
4855 3358
8247 5952
2994 541
3635 5174
2043 4813
9021 9987
1184 3912
5762 2296
410 3222
5962 2945
6043 2669
8406 9555
2804 7509
9512 6433
1690 6269
5549 9667
6924 3622
9122 1918
5415 3986
5325 2970
1419 3190
1167 8667
8076 2341
327 187
3676 3827
1859 417
4262 6041
9489 3197
4952 2663
8638 9225
716 5809
6897 110
7700 7385
482 928
5778 3946
7089 7479
3548 5289
8204 7720
6480 7424
4890 5607
4244 9821
6374 8886
7541 7946
8554 9327
284 3192
8857 5110
9217 1590
9838 819
4448 5895
3087 9497
9402 4396
8310 1699
4606 4641
6738 5584
5463 2218
1140 5641
7780 3149
5932 4823
8930 7374
5023 2165
6334 7377
4608 4375
6596 6611
6046 5564
9781 9615
3546 2269
1631 1995
8730 4699
3233 7357
4167 2859
4634 6124
4091 8092
873 6036
6022 7690
6682 3709
7052 8030
1573 9315
30 4527
728 5062
5889 675
8361 9447
4571 3051
5844 1715
9523 9608
3098 9385
5187 5904
9827 8629
7170 5582
6715 1536
9335 490
8608 9835
6267 5783
4593 4837
7789 8382
5858 8584
9738 5085
7907 4034
682 5103
1301 2542
1276 9832
9249 1709
9302 3795
4866 7267
4004 7074
8376 5394
5370 4383
8014 7516
5423 7292
6744 8753
4401 5467
9519 1815
8671 9224
589 6588
8727 4351
6876 7535
8330 5507
268 645
8955 1592
9856 1111
9020 4158
2752 3227
8215 3617
6615 5146
3638 4268
6800 2094
6932 8627
3695 7817
6479 9439
4011 1371
3160 6254
6341 7015
7631 6935
2053 5100
8478 7752
6569 479
832 3629
4092 7446
2836 3101
6769 4805
9903 157
9322 7914
8839 7544
5169 5145
9557 8712
4381 4029
5101 531
626 603
3270 9873
8250 96
8820 1544
8350 8233
6280 3020
3265 3982
8000 5884
8465 1942
199 3991
1243 6014
6287 1556
2457 7932
6560 1078
8683 9099
2329 3007
1141 3265
186 4566
4389 5615
367 8896
3258 4219
5623 8163
1351 7642
7966 7993
7414 3535
2047 7290
1520 15
420 9752
5339 3654
8159 9727
6864 2301
