1000 2
7030 8566
4541 7549
8664 7495
1555 5429
2300 9910
5460 7340
5765 4800
7169 3281
5325 2970
4718 8515
4151 6763
5889 675
4461 5834
2377 7632
1547 2992
8524 9814
6904 8625
3055 3936
9076 9180
526 1323
7406 7886
6671 4139
327 187
9940 2953
3515 2622
4825 3476
6294 95
9057 6349
1631 1995
5281 7673
8638 9225
395 1312
2629 5614
1432 5871
1212 4604
6742 579
5883 9124
5270 1636
8016 2297
4523 467
7639 431
3160 6254
7787 6368
1740 5965
4656 6213
4699 7759
8232 1242
5240 9557
3676 3827
7480 246
969 114
3835 4169
5741 3572
5415 3986
5858 8584
252 8195
8839 7544
4952 2663
4401 5467
9677 8947
3291 6500
8357 5083
7930 2765
9847 1699
3022 4619
7465 9372
4742 9718
9420 9964
9575 7772
6202 5981
9856 1111
3266 3885
3967 8916
8786 7706
5727 3615
3487 5387
3072 2545
6251 7171
6206 4049
8050 237
9467 2100
7619 2039
6876 7535
2337 8424
4852 2694
8745 2735
9447 4040
8017 1929
6567 6391
3481 4952
1690 6269
7842 2873
3551 9841
6864 2301
2446 6905
2804 7509
4792 693
1079 2444
9316 7666
4336 5730
7788 5899
6699 5824
8795 9774
8649 3969
7377 7286
8799 8859
5762 2296
7905 2717
7627 6690
7631 6935
2773 7210
5151 9227
1846 6343
2181 2557
6922 4213
2853 9831
323 5462
5545 5615
1446 8041
4244 9821
3977 5097
5950 8494
4571 3051
751 9284
2752 3227
5637 7218
8491 6742
3646 7636
8972 2453
8631 2154
6108 4178
5160 6739
4209 236
9139 8009
3546 2269
9322 7914
2053 5100
2713 2570
8942 4171
9113 3809
3914 2044
5893 3741
8820 1544
3270 9873
5900 6414
1980 190
1107 5016
3638 2202
5423 7292
4406 1460
525 13
1745 8699
8930 7374
2011 8040
4593 4837
6978 2005
7162 6824
2916 2107
4618 8767
7895 3029
4808 3402
9093 2571
8198 585
6769 4805
5494 7804
7170 5582
268 645
7414 3535
3714 1707
4963 8654
2350 5833
2660 9110
4468 3852
7711 9136
406 6247
6596 6611
914 1774
5240 9101
2525 9782
3400 2499
2922 5330
3326 2378
7958 3109
7495 1313
342 8896
8773 4109
8409 4671
482 928
5118 2145
284 3192
960 766
5481 55
8362 2189
6386 590
6345 103
9490 6214
7404 4738
1824 47
1636 512
7788 1677
1646 5606
3759 3539
6681 1001
1133 1184
2522 4504
7949 2219
9234 6769
3695 7817
1265 6516
9120 1111
9584 1800
6981 7430
2866 8222
8943 2010
2797 833
8667 3220
4973 177
259 7934
7744 3450
8955 1592
9659 4882
8159 9727
2931 1347
8386 8862
3233 7357
1419 3190
9949 9990
8075 662
4761 578
6046 5564
8433 7215
6522 4054
1891 3328
1623 3312
6563 5718
8612 1433
6213 213
5901 7064
6022 7690
525 4450
2511 7810
3266 8408
2278 5222
7613 8072
5128 5541
8786 9117
2331 6883
3065 7093
7785 1654
8684 5759
9843 8081
1568 956
9996 2033
682 5103
9031 1949
458 7428
6370 1858
2852 1801
6901 1379
8026 1519
9402 4396
5997 1113
186 4566
2662 2741
4826 5991
8301 7589
2514 5526
1758 8138
1184 3912
2789 2502
4453 2944
7525 9973
8366 2515
1405 2058
8817 878
8406 9555
4387 5176
8014 7516
832 3629
7427 4107
3010 1617
6682 3709
8876 9369
5894 2745
3724 8981
4151 3089
8747 1421
4039 897
2046 2225
5932 4823
8559 2903
648 6580
7280 6345
8857 5110
6560 1078
1573 9315
1351 7642
1037 2032
3663 2014
8460 6889
6280 3020
4167 2859
8756 5315
9170 6567
3256 6848
62 9506
8730 4699
699 5742
8227 7598
3416 6134
6291 3809
7489 5689
8310 1699
1480 5218
5160 2528
8554 9327
4698 878
7390 2178
5705 9473
9006 3107
1276 9832
4985 6650
1498 1668
9082 4069
7780 3149
6897 110
9250 8278
3902 5569
5702 9381
8394 4447
2621 9982
882 2359
2714 9512
6686 3210
7925 155
5789 4407
6480 7424
1210 3929
6130 852
9345 8889
3314 5343
5977 3110
6101 5833
670 2591
6485 8123
5082 3126
2304 8867
2387 8503
9335 2054
2554 1132
8000 5884
8695 8603
5210 5552
6474 7338
1472 5494
3530 5984
9974 8870
4537 9483
4445 4837
8395 3909
2836 3101
3361 3330
5368 9247
8329 5908
6656 843
8322 7695
8112 1739
8714 6752
7700 7385
7767 1464
367 8896
9259 395
9738 5085
2444 484
5356 6242
9130 4569
8968 319
3710 3188
2484 2474
5272 6974
940 847
4487 7354
5633 4327
7052 8030
7712 9100
8217 7456
5962 2945
9781 9615
3123 9539
9573 2681
5254 6098
7995 885
6242 9526
1325 7831
9339 6674
4945 6479
4448 5895
2655 8865
4445 4902
9001 7973
8470 4380
5368 5437
6653 9835
3575 5040
9512 6433
1859 417
7779 6409
2405 3418
8654 4880
5787 5604
7193 2864
8628 8958
8478 7752
645 2680
9050 9374
8671 9224
6267 5783
3117 9609
1272 3781
4554 7653
8791 7824
1480 3079
3764 2752
2507 6645
6569 479
5442 2661
4560 4219
5708 1079
5739 5569
4100 9488
5578 5536
8822 2340
5629 3648
4541 9006
7907 4034
1017 2881
2977 8244
4866 7267
1108 5805
419 8167
7802 4832
9652 6398
9832 1866
7707 4982
4476 3873
9200 6971
6249 534
4979 8737
3117 1962
5011 1070
6932 8627
3466 1692
3002 6787
7078 5519
4262 6041
7509 5188
6573 8864
5093 57
9489 3197
3992 8213
75 2194
2569 5729
512 5719
1250 9159
8027 4538
8432 7992
8683 9099
3068 7534
6287 1556
1730 9392
9519 1815
626 603
3870 1006
6645 5150
1138 6081
4058 8677
9089 2293
8495 8445
2499 8319
8048 3666
8507 2647
8305 2563
6084 7829
3088 5267
8908 2007
893 392
9775 4769
5467 6912
1479 8666
1111 6742
145 3824
1926 2074
122 4910
9886 65
3692 6872
8350 8233
3638 4268
1577 3541
1271 8601
2994 541
1826 9614
9329 6790
6615 5146
3098 4272
8947 8865
3319 7164
4799 3777
7089 7479
7279 3285
3980 712
9335 490
6403 2974
9913 779
5201 4696
1944 4494
1301 2542
949 858
6539 9356
5537 2926
8624 8395
1493 4865
8133 9170
4725 1662
8639 3676
37 8032
3327 6042
4389 5615
7541 7946
9965 6344
9838 819
1633 3805
5683 6478
3286 2525
2620 1968
8971 1120
5621 6119
9664 9367
6086 7726
5623 8163
2401 6074
1879 6344
4608 4375
7917 4227
6156 8050
9903 157
6433 2790
9097 9633
5046 5200
5463 2218
8651 859
3041 6189
5236 7794
7404 7967
2255 8657
8276 5627
4456 8165
3346 3453
9302 3795
7295 3888
52 9604
9850 1609
2524 8732
4254 271
5222 4979
480 2979
3586 2897
5233 2826
9020 4158
5454 6583
727 9324
2881 4682
1475 8443
1167 8667
5168 3097
6374 8886
4391 2797
873 6036
753 6143
5815 4389
8953 9934
7054 2985
1401 166
6826 2644
4848 9462
3979 7656
2116 1122
8247 5952
7072 8138
8971 9262
9557 722
1275 2791
1942 6860
9342 1613
5016 5048
8381 492
2358 8426
3765 1840
3156 3061
9434 7795
8376 5394
4855 3358
2573 5320
8643 5292
5662 9180
2338 4159
9523 9608
2970 3091
7361 3164
2047 7290
4372 1029
6684 3704
3033 75
8872 6150
5352 1661
1428 4927
5904 8282
6177 1672
3009 9822
7741 6671
4905 8646
4400 4238
6334 7377
3347 4825
8935 1033
9192 2314
5158 2201
6771 7771
9021 9987
7724 5516
992 105
2936 4968
2577 9132
9149 3927
6479 9439
30 4527
4091 8092
4816 3610
1781 4771
8548 4145
8681 4161
1190 5043
6344 4760
3835 907
7981 9676
6940 2998
7937 7149
607 5687
759 918
4354 5014
4032 6052
6120 4096
3274 7534
8395 5499
2678 3983
6130 8304
8620 2747
1784 6804
6924 3622
1140 5641
8680 25
6927 4408
7732 6620
2265 7145
685 3576
1771 480
1270 8644
9403 337
8927 3134
9124 6086
3338 2055
590 6381
4560 754
4796 953
435 486
9142 650
6301 9480
8001 519
8711 6570
3546 2785
540 1985
7547 8938
4237 1773
3087 9497
1626 3100
4502 1056
8982 7783
2153 107
9695 6841
2447 7476
3945 4057
406 3327
865 6420
7789 8382
6349 1039
1697 4182
9022 5205
1906 2610
8148 1093
8501 773
420 9752
5615 7422
2060 5520
589 5107
7578 9899
8970 1769
5646 3737
410 5518
5370 4383
728 5062
4381 4029
5657 8214
5187 5904
5418 9628
1080 9599
2795 621
3098 9385
716 5809
6738 5584
9812 1855
6355 7387
14 4904
8862 5435
8458 388
9241 6499
3158 4636
362 2076
7152 8870
8848 2884
7505 4185
2573 472
8492 8876
4928 4469
5849 4489
2369 7518
9468 6913
4144 9543
1947 2570
3400 1879
7726 5045
5744 5366
1044 4166
8563 6819
7894 2906
5983 7246
3158 8727
9866 6564
7681 9822
4874 249
5188 7847
3265 3982
8076 2341
5073 6664
2550 7563
5339 3654
8330 5507
1451 2922
4469 676
9516 1953
299 7413
8573 3838
6499 8174
8886 6027
5023 2165
8316 7814
7466 2514
3166 8209
8250 96
4629 6895
5926 9941
6344 8166
6043 2669
5844 1715
1358 8661
4369 9487
1646 3195
7135 4519
9122 1918
682 7030
4455 8559
5392 479
2257 2303
410 3222
5778 3946
2435 2785
2402 1249
3313 5056
3244 2458
5761 2829
6715 1536
1915 1408
4709 4604
4855 86
5549 9667
7048 2048
7150 7313
9077 6546
6255 8316
8608 9835
5526 9419
7444 7480
6744 8753
2944 4587
3808 4966
4090 2300
866 2185
9567 1495
2745 7071
8209 9447
3211 6482
2976 304
690 5158
4549 735
857 3427
4850 7251
8934 510
5388 5950
1710 254
9625 4365
2264 5377
1444 6154
8215 3617
1684 9812
1114 9712
292 4947
8549 6403
7753 5789
5021 5930
6967 7221
1441 2607
7728 7390
4863 6015
6756 1774
360 6949
9919 9439
4040 6560
3697 9391
9233 6120
6789 8132
1886 5104
153 1460
9201 8730
6147 2116
1520 15
325 7731
7759 8930
8292 6680
2329 3007
554 6706
7894 9503
1212 7310
875 6840
6340 3528
7271 1853
8727 4351
1519 4585
3717 3632
4889 3787
2424 7429
5752 4157
6396 8126
40 7813
1715 3828
347 1650
8374 5386
757 3992
7460 259
4444 3436
7397 6949
4982 1179
6318 2237
2119 4365
3350 1632
421 4581
4021 648
2457 7932
3258 4219
1910 6486
2895 7531
9885 8223
8352 303
3636 3752
9193 6478
1652 4946
6817 8959
751 5724
8644 9753
5036 572
199 3102
4092 7446
5398 4980
1846 1114
6516 936
2474 2882
1438 4972
4324 9378
9700 2648
3266 9385
8348 1830
7709 3265
9473 7739
2043 9673
3466 691
9750 6129
9184 1525
3548 5289
2058 3771
9022 4883
6757 2203
4392 9259
5176 5233
8465 1942
2043 4813
9156 9403
801 5774
6536 3263
9052 4490
4634 6124
3393 4629
9557 8712
2642 4862
2720 5915
1268 9498
4011 1371
5980 3266
5101 531
6801 5261
5215 1231
1141 3265
5609 1525
607 2358
6955 6108
7394 1621
3635 5174
5743 7563
3512 5827
3517 9637
1338 9231
7330 1775
3629 9258
199 3991
665 977
5650 3927
4004 7074
5169 5145
6838 21
3556 151
4288 9678
582 8056
5187 5819
9827 8629
2308 61
9249 1709
5387 7495
9664 850
3180 1616
2699 1877
3549 8002
8361 9447
3657 8347
738 5976
1243 6014
122 659
859 1526
7512 6460
4145 9746
7592 4173
3818 2169
2066 8826
5895 2889
4718 7161
2835 1718
9438 5095
589 6588
3178 1685
9217 1590
8204 7720
1467 2538
6341 7015
4890 5607
571 3880
1932 1057
7966 7993
2423 1811
1852 8416
4775 3655
4606 4641
5905 4864
1473 8907
7627 1149
5163 8235
1060 3352
3823 7363
6800 2094
8588 4984
1091 7983
2470 3386
8303 1453
9536 4785
4835 7909
4956 7783
