1000 2
1824 47
2714 9512
8548 4145
2836 3101
1947 2570
4718 7161
6715 1536
960 766
1444 6154
6801 5261
2662 2741
3835 907
5702 9381
4799 3777
1167 8667
8014 7516
1451 2922
8684 5759
3512 5827
2116 1122
5662 9180
122 659
8651 859
3724 8981
5423 7292
5705 9473
6800 2094
3636 3752
7170 5582
122 4910
3629 9258
8638 9225
3717 3632
9695 6841
1498 1668
5442 2661
4387 5176
1268 9498
1446 8041
893 392
7788 5899
7404 7967
347 1650
7377 7286
3808 4966
6341 7015
410 5518
4792 693
3265 3982
738 5976
5900 6414
5578 5536
6084 7829
9850 1609
9913 779
5545 5615
7619 2039
1771 480
4718 8515
8683 9099
9259 395
8664 7495
2931 1347
6386 590
5744 5366
1555 5429
9886 65
4448 5895
8048 3666
6922 4213
7541 7946
8301 7589
5752 4157
9021 9987
5629 3648
9402 4396
7489 5689
728 5062
2278 5222
4455 8559
9536 4785
395 1312
1852 8416
6864 2301
406 6247
7390 2178
7578 9899
5187 5819
682 7030
2153 107
5895 2889
3065 7093
4985 6650
2011 8040
1405 2058
9489 3197
6955 6108
3663 2014
4629 6895
6344 8166
6474 7338
1301 2542
8507 2647
2977 8244
7466 2514
6345 103
9516 1953
5494 7804
2569 5729
9856 1111
75 2194
6742 579
8495 8445
3123 9539
325 7731
2046 2225
8217 7456
1740 5965
5727 3615
3481 4952
3233 7357
2797 833
6374 8886
6046 5564
5883 9124
759 918
8573 3838
8588 4984
3338 2055
4952 2663
3979 7656
5980 3266
5537 2926
582 8056
2621 9982
8027 4538
8001 519
3166 8209
9625 4365
2060 5520
5893 3741
590 6381
4656 6213
9339 6674
8631 2154
4835 7909
8563 6819
7741 6671
1272 3781
2300 9910
2402 1249
8050 237
6242 9526
5789 4407
2377 7632
8681 4161
6294 95
1138 6081
8204 7720
7966 7993
8953 9934
5011 1070
4040 6560
7505 4185
9866 6564
3009 9822
6653 9835
6177 1672
3714 1707
8361 9447
9775 4769
9919 9439
607 2358
3010 1617
5609 1525
8376 5394
665 977
2470 3386
9965 6344
3158 4636
9750 6129
969 114
2308 61
5615 7422
4963 8654
9006 3107
8330 5507
323 5462
7169 3281
3244 2458
8215 3617
690 5158
2424 7429
6280 3020
8791 7824
5467 6912
5023 2165
9124 6086
7330 1775
5683 6478
5163 8235
4855 3358
1906 2610
3002 6787
9664 850
6485 8123
9575 7772
1419 3190
1017 2881
6499 8174
3546 2269
9512 6433
6267 5783
2936 4968
9557 722
1190 5043
571 3880
5176 5233
1631 1995
6101 5833
6771 7771
2447 7476
8232 1242
8971 9262
2119 4365
1690 6269
5743 7563
1626 3100
6756 1774
2474 2882
7780 3149
6249 534
4698 878
5093 57
9192 2314
420 9752
14 4904
7072 8138
5997 1113
6086 7726
6904 8625
5082 3126
7495 1313
9523 9608
1467 2538
4461 5834
5708 1079
5160 6739
5657 8214
5021 5930
7949 2219
6202 5981
2573 5320
3055 3936
9659 4882
4982 1179
8465 1942
9200 6971
9467 2100
259 7934
8159 9727
5151 9227
5352 1661
7728 7390
6769 4805
8971 1120
6682 3709
1141 3265
3274 7534
8017 1929
9700 2648
2804 7509
3256 6848
857 3427
8935 1033
3033 75
4608 4375
9438 5095
2944 4587
1212 4604
2350 5833
4541 9006
3967 8916
6686 3210
3393 4629
589 6588
8350 8233
3765 1840
8000 5884
4336 5730
4634 6124
5158 2201
327 187
2337 8424
4058 8677
3546 2785
8667 3220
1480 5218
7981 9676
7547 8938
866 2185
9329 6790
2795 621
6156 8050
4928 4469
9664 9367
3088 5267
9093 2571
8643 5292
8799 8859
2629 5614
3041 6189
2524 8732
1519 4585
8133 9170
5016 5048
1351 7642
2181 2557
8934 510
5481 55
1577 3541
4445 4902
1140 5641
9557 8712
2338 4159
3416 6134
5844 1715
8628 8958
3258 4219
3980 712
3695 7817
6349 1039
2329 3007
7759 8930
4100 9488
2852 1801
5236 7794
5388 5950
6981 7430
3158 8727
2525 9782
3350 1632
4825 3476
6560 1078
5901 7064
7627 1149
342 8896
3466 1692
3319 7164
8908 2007
2255 8657
6318 2237
5623 8163
5633 4327
8947 8865
3270 9873
3638 2202
367 8896
6596 6611
2970 3091
7709 3265
1107 5016
2745 7071
4808 3402
7465 9372
8357 5083
5762 2296
3517 9637
4905 8646
7361 3164
5904 8282
5460 7340
4956 7783
1846 6343
1037 2032
1697 4182
6120 4096
9490 6214
4262 6041
9949 9990
6684 3704
7788 1677
3022 4619
940 847
554 6706
2358 8426
9089 2293
8329 5908
2853 9831
5926 9941
9827 8629
9335 490
2304 8867
7613 8072
6480 7424
3530 5984
4973 177
5637 7218
4254 271
153 1460
4021 648
9156 9403
1432 5871
3156 3061
9903 157
9022 5205
1325 7831
6355 7387
6539 9356
6671 4139
4816 3610
4469 676
949 858
859 1526
8972 2453
3117 1962
5858 8584
7089 7479
4537 9483
7627 6690
4742 9718
875 6840
6897 110
1758 8138
8671 9224
5418 9628
7930 2765
7842 2873
757 3992
3646 7636
8016 2297
4391 2797
7639 431
2435 2785
7700 7385
9434 7795
7785 1654
7394 1621
3326 2378
410 3222
8075 662
7789 8382
1623 3312
2554 1132
4855 86
2514 5526
1652 4946
7152 8870
9940 2953
6291 3809
6817 8959
7681 9822
5201 4696
199 3102
2457 7932
480 2979
5977 3110
3098 9385
1493 4865
8394 4447
882 2359
8549 6403
2895 7531
8209 9447
685 3576
5270 1636
7937 7149
8747 1421
7279 3285
9996 2033
865 6420
7444 7480
1080 9599
9335 2054
5210 5552
2066 8826
512 5719
4145 9746
6130 852
268 645
8927 3134
1079 2444
1472 5494
9184 1525
1060 3352
1879 6344
4468 3852
7894 2906
2642 4862
2916 2107
3902 5569
3575 5040
8292 6680
5739 5569
9233 6120
8322 7695
4209 236
7512 6460
5370 4383
1401 166
6213 213
1715 3828
9468 6913
3313 5056
5222 4979
2387 8503
8491 6742
2405 3418
7592 4173
252 8195
716 5809
8862 5435
9832 1866
8839 7544
1184 3912
8644 9753
1826 9614
4381 4029
8276 5627
7397 6949
3211 6482
1133 1184
7726 5045
4091 8092
9838 819
8247 5952
5454 6583
3160 6254
645 2680
4151 6763
4761 578
5646 3737
8026 1519
3098 4272
4560 754
4288 9678
3068 7534
8492 8876
8695 8603
3266 9385
5962 2945
6967 7221
4866 7267
1684 9812
9738 5085
4725 1662
8727 4351
1428 4927
2499 8319
4618 8767
8639 3676
7414 3535
4560 4219
4945 6479
682 5103
2994 541
9170 6567
1338 9231
4400 4238
8433 7215
9345 8889
2484 2474
5168 3097
2265 7145
751 5724
3286 2525
8460 6889
284 3192
6108 4178
8409 4671
2577 9132
801 5774
299 7413
4606 4641
4874 249
52 9604
6043 2669
9050 9374
1568 956
6206 4049
1270 8644
4372 1029
292 4947
5849 4489
5741 3572
8773 4109
4476 3873
2881 4682
8624 8395
6789 8132
8886 6027
1980 190
699 5742
6978 2005
7711 9136
4863 6015
8148 1093
3835 4169
2720 5915
3710 3188
2047 7290
9885 8223
5415 3986
9573 2681
5932 4823
1210 3929
6287 1556
9249 1709
9031 1949
4144 9543
4092 7446
5240 9557
7895 3029
4709 4604
2655 8865
9322 7914
3697 9391
4775 3655
5905 4864
6255 8316
8786 9117
8348 1830
3692 6872
4502 1056
3072 2545
5368 9247
6656 843
145 3824
2866 8222
8395 5499
8608 9835
8227 7598
3914 2044
1275 2791
526 1323
8786 7706
6744 8753
421 4581
2922 5330
5398 4980
4151 3089
3178 1685
9241 6499
3945 4057
8458 388
6516 936
7150 7313
3180 1616
4244 9821
2699 1877
9473 7739
3361 3330
1886 5104
2773 7210
3314 5343
6130 8304
1111 6742
8848 2884
9130 4569
2752 3227
7631 6935
5046 5200
7917 4227
9217 1590
1859 417
362 2076
4324 9378
7480 246
435 486
9020 4158
6433 2790
3818 2169
4571 3051
3266 8408
8305 2563
7712 9100
9052 4490
5036 572
6344 4760
8478 7752
3638 4268
7406 7886
1846 1114
2053 5100
1891 3328
8198 585
5254 6098
4487 7354
9447 4040
5463 2218
3346 3453
7054 2985
6645 5150
6681 1001
1745 8699
1915 1408
5650 3927
8352 303
5160 2528
1114 9712
8620 2747
7052 8030
5325 2970
2573 472
6301 9480
6479 9439
8680 25
9234 6769
8942 4171
5356 6242
8872 6150
1271 8601
8316 7814
8362 2189
3992 8213
4456 8165
406 3327
6147 2116
5778 3946
8395 3909
2444 484
1636 512
6757 2203
914 1774
8711 6570
6536 3263
8554 9327
753 6143
5368 5437
1250 9159
40 7813
1475 8443
1479 8666
1243 6014
9403 337
3117 9609
4406 1460
2678 3983
4541 7549
8112 1739
6876 7535
7907 4034
9122 1918
2835 1718
7162 6824
9076 9180
8730 4699
5215 1231
7958 3109
8374 5386
2401 6074
2550 7563
648 6580
3266 3885
5128 5541
607 5687
8745 2735
5187 5904
3657 8347
62 9506
1438 4972
6370 1858
626 603
6334 7377
7925 155
751 9284
7427 4107
1520 15
3347 4825
7744 3450
1547 2992
5118 2145
8076 2341
7802 4832
2620 1968
5894 2745
1044 4166
4167 2859
4389 5615
5526 9419
2257 2303
4401 5467
540 1985
8406 9555
9082 4069
5950 8494
7767 1464
6901 1379
9057 6349
8649 3969
2043 9673
3759 3539
670 2591
727 9324
8381 492
6569 479
8612 1433
9567 1495
9142 650
4554 7653
5765 4800
4445 4837
6022 7690
4237 1773
9652 6398
4848 9462
1480 3079
9077 6546
6699 5824
7779 6409
6826 2644
7753 5789
1633 3805
873 6036
6615 5146
1276 9832
8820 1544
7787 6368
9847 1699
9139 8009
4699 7759
1784 6804
6403 2974
6396 8126
3466 691
6838 21
2507 6645
30 4527
8303 1453
4453 2944
8559 2903
7995 885
589 5107
9120 1111
7894 9503
4593 4837
7271 1853
1441 2607
3586 2897
360 6949
6932 8627
6563 5718
5889 675
5387 7495
1573 9315
4796 953
4889 3787
7135 4519
3551 9841
5233 2826
8822 2340
5073 6664
2976 304
8857 5110
5272 6974
7707 4982
5101 531
1108 5805
1212 7310
8366 2515
3635 5174
1942 6860
1730 9392
9022 4883
6567 6391
4523 467
8968 319
9097 9633
5761 2829
2331 6883
1091 7983
5392 479
4850 7251
3823 7363
8714 6752
7732 6620
2522 4504
9113 3809
9677 8947
3548 5289
7048 2048
7280 6345
5549 9667
8310 1699
7509 5188
1944 4494
2043 4813
1646 5606
8386 8862
3400 2499
8756 5315
3556 151
4444 3436
1358 8661
8876 9369
5787 5604
199 3991
4392 9259
7724 5516
37 8032
4011 1371
8982 7783
2789 2502
5815 4389
9316 7666
1265 6516
9201 8730
8470 4380
4549 735
6251 7171
2660 9110
992 105
2446 6905
9250 8278
8930 7374
8524 9814
4890 5607
1781 4771
3977 5097
1710 254
9781 9615
1926 2074
8501 773
7525 9973
3327 6042
8970 1769
3515 2622
1910 6486
4979 8737
1932 1057
419 8167
5240 9101
5983 7246
6522 4054
2369 7518
8955 1592
4852 2694
458 7428
9342 1613
4039 897
4826 5991
3487 5387
5169 5145
9149 3927
9001 7973
8817 878
4032 6052
5339 3654
6573 8864
7460 259
8943 2010
6924 3622
7193 2864
525 13
9420 9964
6340 3528
832 3629
2058 3771
5188 7847
2264 5377
8795 9774
8432 7992
4369 9487
3400 1879
3087 9497
4090 2300
9584 1800
9302 3795
6927 4408
6738 5584
525 4450
5621 6119
1646 3195
7078 5519
9974 8870
7404 4738
2511 7810
9843 8081
186 4566
7905 2717
4354 5014
7030 8566
9193 6478
6940 2998
3291 6500
3870 1006
9519 1815
8654 4880
8250 96
3676 3827
4004 7074
3764 2752
3549 8002
482 928
9812 1855
1473 8907
5281 7673
2713 2570
2423 1811
7295 3888
