1000 2
4979 8737
4021 648
5467 6912
7894 2906
1886 5104
5023 2165
406 6247
8465 1942
2066 8826
8649 3969
866 2185
2377 7632
1577 3541
3549 8002
3835 4169
9302 3795
5739 5569
3393 4629
5236 7794
9050 9374
3548 5289
3400 1879
4145 9746
8381 492
145 3824
30 4527
9885 8223
8955 1592
4445 4837
1824 47
1270 8644
2484 2474
9659 4882
3657 8347
9557 722
699 5742
2116 1122
5662 9180
4718 8515
8972 2453
5623 8163
1325 7831
4167 2859
4593 4837
122 4910
3244 2458
9234 6769
2358 8426
4468 3852
2789 2502
665 977
3466 1692
8756 5315
7480 246
1944 4494
8507 2647
2043 9673
4254 271
4863 6015
199 3102
2447 7476
8943 2010
268 645
9738 5085
1771 480
5187 5904
5762 2296
9113 3809
5398 4980
8406 9555
9519 1815
3629 9258
8014 7516
7404 7967
8857 5110
8276 5627
3291 6500
2976 304
8352 303
3530 5984
607 5687
6370 1858
3481 4952
9750 6129
6349 1039
1428 4927
9557 8712
1697 4182
4400 4238
8366 2515
14 4904
3055 3936
6301 9480
6403 2974
1438 4972
1740 5965
3512 5827
2507 6645
2524 8732
5101 531
7966 7993
482 928
3466 691
8848 2884
75 2194
8395 5499
5339 3654
6355 7387
6769 4805
960 766
1444 6154
9082 4069
7465 9372
7489 5689
9335 2054
4476 3873
3326 2378
589 5107
186 4566
9022 5205
2936 4968
3992 8213
690 5158
7787 6368
8747 1421
5900 6414
3180 1616
5962 2945
3270 9873
40 7813
3676 3827
3098 9385
9434 7795
512 5719
7466 2514
5163 8235
3088 5267
6344 4760
2866 8222
5481 55
395 1312
7135 4519
5629 3648
5118 2145
9156 9403
9076 9180
3166 8209
3546 2785
8017 1929
6567 6391
9420 9964
8773 4109
4709 4604
1138 6081
7330 1775
3714 1707
4040 6560
6838 21
3098 4272
7949 2219
347 1650
859 1526
7271 1853
6901 1379
9974 8870
8638 9225
9329 6790
7279 3285
6924 3622
7030 8566
2444 484
2257 2303
8232 1242
7726 5045
3156 3061
5702 9381
435 486
1276 9832
6280 3020
8908 2007
2916 2107
4629 6895
1140 5641
9139 8009
2835 1718
2881 4682
6978 2005
5160 2528
4151 6763
5210 5552
458 7428
3556 151
8478 7752
4560 4219
4634 6124
8651 859
9339 6674
1167 8667
1879 6344
2895 7531
410 5518
8330 5507
1781 4771
7711 9136
5240 9557
3041 6189
3274 7534
9847 1699
6084 7829
8872 6150
4848 9462
1519 4585
5705 9473
8820 1544
9001 7973
2424 7429
8395 3909
6147 2116
7089 7479
8876 9369
4698 878
6043 2669
1631 1995
5158 2201
5392 479
7958 3109
832 3629
3158 4636
3314 5343
3870 1006
7712 9100
2714 9512
2577 9132
6386 590
1646 3195
3361 3330
327 187
4799 3777
685 3576
2944 4587
1479 8666
682 7030
2853 9831
6485 8123
4523 467
5356 6242
1568 956
5442 2661
9866 6564
3638 2202
6255 8316
7780 3149
1498 1668
3710 3188
2043 4813
4456 8165
3022 4619
6682 3709
2713 2570
3818 2169
3256 6848
6340 3528
6800 2094
4808 3402
751 9284
3117 1962
590 6381
5240 9101
6742 579
7779 6409
6499 8174
6656 843
6756 1774
4554 7653
873 6036
2387 8503
4244 9821
9516 1953
6108 4178
8799 8859
5160 6739
949 858
8559 2903
5215 1231
480 2979
3586 2897
4369 9487
9490 6214
4656 6213
9512 6433
8432 7992
1573 9315
2797 833
9832 1866
1441 2607
9322 7914
2699 1877
5744 5366
8886 6027
2401 6074
2053 5100
3416 6134
7397 6949
6615 5146
7404 4738
1190 5043
2621 9982
5463 2218
2058 3771
6653 9835
3258 4219
2255 8657
2994 541
3072 2545
4372 1029
4391 2797
8942 4171
5650 3927
4699 7759
9316 7666
4455 8559
199 3991
8215 3617
6202 5981
1432 5871
3350 1632
3759 3539
857 3427
2405 3418
8968 319
1947 2570
8001 519
7361 3164
2011 8040
2629 5614
5082 3126
4850 7251
3087 9497
1037 2032
3002 6787
8076 2341
9913 779
2569 5729
6563 5718
3575 5040
6967 7221
8016 2297
7627 6690
4852 2694
299 7413
4973 177
7547 8938
9124 6086
7639 431
8433 7215
7709 3265
4401 5467
3636 3752
5815 4389
8628 8958
4392 9259
8374 5386
6396 8126
9249 1709
5036 572
2573 472
4905 8646
1275 2791
4608 4375
5787 5604
753 6143
7048 2048
9077 6546
6267 5783
6699 5824
9093 2571
4816 3610
6344 8166
5741 3572
1467 2538
992 105
7509 5188
4381 4029
3487 5387
738 5976
4537 9483
1184 3912
8386 8862
1451 2922
5187 5819
8000 5884
4956 7783
5418 9628
1243 6014
2804 7509
5423 7292
8305 2563
7377 7286
6715 1536
4336 5730
6826 2644
1784 6804
9838 819
4855 86
62 9506
2046 2225
1141 3265
801 5774
2329 3007
8491 6742
6801 5261
7744 3450
6206 4049
540 1985
7732 6620
367 8896
757 3992
8639 3676
419 8167
7789 8382
4985 6650
1271 8601
1846 1114
4445 4902
4792 693
7842 2873
8935 1033
4469 676
6596 6611
4945 6479
3823 7363
9142 650
9903 157
9781 9615
8554 9327
8310 1699
342 8896
882 2359
1079 2444
7741 6671
8654 4880
2470 3386
9403 337
5997 1113
4982 1179
9402 4396
3835 907
6940 2998
8247 5952
7394 1621
8209 9447
6789 8132
940 847
3265 3982
7152 8870
1555 5429
7925 155
8027 4538
6086 7726
5128 5541
3123 9539
4151 3089
1745 8699
9149 3927
5370 4383
6927 4408
5011 1070
8786 7706
2331 6883
7390 2178
3178 1685
4541 9006
8470 4380
2773 7210
3266 9385
7895 3029
8409 4671
751 5724
7767 1464
2435 2785
5325 2970
5743 7563
5545 5615
7681 9822
8934 510
865 6420
3286 2525
682 5103
1633 3805
9057 6349
7052 8030
875 6840
5093 57
7406 7886
1891 3328
5727 3615
1301 2542
5151 9227
8348 1830
6573 8864
7592 4173
9856 1111
52 9604
1547 2992
8227 7598
5858 8584
8631 2154
9193 6478
6922 4213
914 1774
9652 6398
8198 585
8301 7589
5021 5930
9886 65
5904 8282
2642 4862
9584 1800
7627 1149
8745 2735
1446 8041
5537 2926
5222 4979
554 6706
122 659
7170 5582
9200 6971
5046 5200
1636 512
7613 8072
1212 4604
4209 236
7495 1313
6536 3263
1480 5218
5415 3986
4237 1773
9120 1111
3551 9841
8791 7824
9473 7739
9241 6499
5176 5233
9940 2953
1250 9159
7414 3535
1910 6486
6645 5150
8394 4447
5073 6664
8862 5435
8667 3220
2047 7290
9575 7772
8730 4699
7280 6345
7525 9973
3546 2269
8671 9224
1493 4865
582 8056
9342 1613
6539 9356
252 8195
1980 190
3009 9822
420 9752
5578 5536
8786 9117
7169 3281
8204 7720
8303 1453
7981 9676
8930 7374
2660 9110
2264 5377
4866 7267
2338 4159
4952 2663
2931 1347
1114 9712
4855 3358
4039 897
5849 4489
7541 7946
3233 7357
8822 2340
3980 712
9919 9439
4090 2300
5889 675
3338 2055
9192 2314
2153 107
5368 5437
3400 2499
2278 5222
9996 2033
5352 1661
4011 1371
7054 2985
3902 5569
7619 2039
6291 3809
6177 1672
2550 7563
7295 3888
3635 5174
2720 5915
421 4581
3663 2014
7894 9503
4354 5014
6771 7771
6213 213
9625 4365
1915 1408
7072 8138
9965 6344
1351 7642
325 7731
3517 9637
1272 3781
292 4947
2304 8867
3967 8916
1715 3828
4058 8677
4324 9378
3033 75
5894 2745
9020 4158
1268 9498
5980 3266
1626 3100
7427 4107
9468 6913
8664 7495
8588 4984
8322 7695
9021 9987
1111 6742
7785 1654
3638 4268
1212 7310
1107 5016
1358 8661
9170 6567
6560 1078
893 392
37 8032
8563 6819
9052 4490
3914 2044
5633 4327
5950 8494
8953 9934
8350 8233
525 4450
9233 6120
8971 9262
3764 2752
5977 3110
9775 4769
284 3192
2499 8319
8643 5292
3515 2622
4100 9488
1080 9599
153 1460
6522 4054
9850 1609
6904 8625
4928 4469
360 6949
9695 6841
6474 7338
5708 1079
1520 15
1852 8416
8524 9814
7444 7480
9700 2648
3765 1840
1475 8443
6287 1556
1108 5805
571 3880
406 3327
5016 5048
9489 3197
5526 9419
362 2076
4835 7909
9573 2681
2369 7518
3068 7534
7907 4034
7728 7390
2181 2557
4761 578
8971 1120
5901 7064
2922 5330
4742 9718
8329 5908
4004 7074
8133 9170
4775 3655
8159 9727
7905 2717
7578 9899
3313 5056
4718 7161
8250 96
5637 7218
8608 9835
4571 3051
1932 1057
8927 3134
1405 2058
5460 7340
9438 5095
1906 2610
5778 3946
3266 8408
6981 7430
1480 3079
3977 5097
3945 4057
6897 110
9345 8889
7078 5519
6932 8627
8549 6403
1652 4946
5188 7847
9827 8629
6479 9439
8362 2189
2514 5526
8683 9099
8217 7456
5615 7422
4448 5895
9031 1949
2977 8244
1044 4166
5254 6098
626 603
9843 8081
6738 5584
4444 3436
5609 1525
9022 4883
5895 2889
9089 2293
7724 5516
4560 754
8361 9447
526 1323
7700 7385
9250 8278
6318 2237
8947 8865
2350 5833
1710 254
8684 5759
759 918
5549 9667
9447 4040
5168 3097
7460 259
727 9324
9130 4569
8644 9753
4618 8767
8548 4145
8501 773
6022 7690
5683 6478
7631 6935
3266 3885
2573 5320
728 5062
9006 3107
259 7934
6744 8753
1401 166
6955 6108
7917 4227
1210 3929
1338 9231
6480 7424
589 6588
4825 3476
645 2680
4889 3787
6341 7015
8839 7544
6569 479
5905 4864
3695 7817
6294 95
9664 850
4461 5834
8681 4161
2620 1968
5272 6974
4502 1056
9567 1495
5270 1636
3065 7093
2752 3227
607 2358
3211 6482
3724 8981
2308 61
8050 237
8714 6752
2678 3983
7788 1677
4144 9543
5883 9124
4387 5176
7802 4832
6374 8886
3346 3453
8148 1093
1472 5494
5761 2829
7759 8930
6046 5564
9097 9633
8495 8445
716 5809
5281 7673
6101 5833
410 3222
4874 249
7995 885
4487 7354
4963 8654
5388 5950
5752 4157
6864 2301
2554 1132
5169 5145
4606 4641
7162 6824
1060 3352
1133 1184
1826 9614
2474 2882
2970 3091
4092 7446
6345 103
3327 6042
2662 2741
4262 6041
2300 9910
9664 9367
6251 7171
9217 1590
1091 7983
7193 2864
5368 9247
8458 388
1859 417
8112 1739
1419 3190
4890 5607
6817 8959
8026 1519
7505 4185
8695 8603
3117 9609
7707 4982
8970 1769
8795 9774
5201 4696
3979 7656
9812 1855
4541 7549
1730 9392
1017 2881
8573 3838
2852 1801
7753 5789
5646 3737
5387 7495
6686 3210
9122 1918
3158 8727
6671 4139
4453 2944
1646 5606
648 6580
3347 4825
8624 8395
6684 3704
9949 9990
8048 3666
9523 9608
6130 8304
2060 5520
3010 1617
525 13
6242 9526
8727 4351
8982 7783
5765 4800
9536 4785
8711 6570
3646 7636
9467 2100
8620 2747
8357 5083
4549 735
8376 5394
9184 1525
4826 5991
8680 25
6433 2790
2446 6905
7788 5899
5621 6119
6681 1001
5926 9941
4725 1662
1265 6516
3808 4966
1846 6343
9335 490
1758 8138
5844 1715
5233 2826
9677 8947
2655 8865
6876 7535
5983 7246
7930 2765
8492 8876
1623 3312
5494 7804
6120 4096
8292 6680
4406 1460
6516 936
3160 6254
8316 7814
7937 7149
8612 1433
4796 953
5657 8214
5932 4823
6156 8050
2119 4365
6757 2203
2511 7810
6249 534
4091 8092
323 5462
2337 8424
6334 7377
3717 3632
2265 7145
4032 6052
2402 1249
3697 9391
1690 6269
2795 621
4288 9678
5789 4407
9259 395
6130 852
2457 7932
7512 6460
1926 2074
2836 3101
670 2591
3319 7164
1684 9812
7150 7313
8817 878
8460 6889
2525 9782
4389 5615
1473 8907
1942 6860
2423 1811
8075 662
3692 6872
969 114
9201 8730
2522 4504
5454 6583
2745 7071
5893 3741
