1000 2
7741 6671
9233 6120
1520 15
482 928
2116 1122
2524 8732
7377 7286
8491 6742
1846 1114
30 4527
8465 1942
7917 4227
1824 47
3870 1006
6474 7338
5272 6974
7925 155
6334 7377
2642 4862
9057 6349
6904 8625
4021 648
8631 2154
6206 4049
1758 8138
4092 7446
7905 2717
6386 590
4445 4902
6567 6391
4487 7354
8478 7752
9949 9990
8795 9774
8361 9447
1091 7983
2507 6645
759 918
9519 1815
7169 3281
8395 5499
8366 2515
6656 843
2836 3101
9473 7739
4145 9746
75 2194
3823 7363
8638 9225
9142 650
1980 190
122 4910
7802 4832
5739 5569
8711 6570
5683 6478
8394 4447
2265 7145
875 6840
6479 9439
7627 1149
5657 8214
3416 6134
5201 4696
5727 3615
3481 4952
8381 492
9082 4069
2573 472
4324 9378
5537 2926
1133 1184
8934 510
6403 2974
5741 3572
7907 4034
6967 7221
5494 7804
9193 6478
6084 7829
8822 2340
3258 4219
1633 3805
7489 5689
3764 2752
6043 2669
410 5518
199 3102
1730 9392
5708 1079
7466 2514
1141 3265
2053 5100
9557 722
7726 5045
940 847
7930 2765
4855 3358
3695 7817
7295 3888
9447 4040
5325 2970
323 5462
435 486
7894 2906
1715 3828
1740 5965
682 5103
9965 6344
3466 691
4456 8165
3265 3982
5894 2745
5160 6739
8684 5759
6539 9356
5187 5904
6433 2790
3256 6848
1480 3079
571 3880
3158 4636
6932 8627
7981 9676
6744 8753
7048 2048
5339 3654
6978 2005
9130 4569
2257 2303
3266 8408
7707 4982
7949 2219
1846 6343
2300 9910
1451 2922
9832 1866
8799 8859
9335 490
7280 6345
8232 1242
8608 9835
4549 735
2511 7810
7995 885
8683 9099
8643 5292
5168 3097
9903 157
4090 2300
3393 4629
607 2358
8501 773
4032 6052
3361 3330
7162 6824
6355 7387
6742 579
8458 388
2916 2107
8972 2453
1265 6516
6086 7726
4985 6650
2499 8319
5615 7422
8016 2297
9420 9964
2745 7071
1432 5871
1623 3312
9677 8947
9523 9608
757 3992
4718 7161
5762 2296
9438 5095
1401 166
4372 1029
7525 9973
7512 6460
1519 4585
2789 2502
5163 8235
1879 6344
3156 3061
292 4947
8817 878
3233 7357
865 6420
8133 9170
893 392
5761 2829
1167 8667
3274 7534
6349 1039
1017 2881
1060 3352
5460 7340
9919 9439
9866 6564
2329 3007
5160 2528
2931 1347
801 5774
7150 7313
3065 7093
8930 7374
7541 7946
1276 9832
5752 4157
5549 9667
6681 1001
2119 4365
458 7428
2970 3091
7404 4738
4979 8737
4354 5014
2278 5222
3638 2202
5983 7246
327 187
6156 8050
6344 4760
1444 6154
3977 5097
4455 8559
5187 5819
3338 2055
7361 3164
5016 5048
6101 5833
1942 6860
949 858
5210 5552
4406 1460
9750 6129
9886 65
8953 9934
342 8896
8820 1544
7030 8566
2446 6905
3033 75
5442 2661
7789 8382
3270 9873
6046 5564
9124 6086
1947 2570
8971 9262
1852 8416
2387 8503
3945 4057
8017 1929
699 5742
325 7731
4537 9483
4571 3051
3400 1879
4618 8767
7895 3029
62 9506
268 645
1358 8661
7627 6690
8507 2647
3160 6254
2525 9782
9974 8870
1784 6804
3808 4966
9170 6567
5950 8494
2304 8867
8644 9753
7390 2178
7054 2985
4209 236
9664 850
7744 3450
5368 5437
2444 484
4389 5615
7509 5188
6826 2644
1080 9599
9516 1953
5222 4979
8395 3909
4502 1056
4444 3436
9052 4490
7709 3265
2369 7518
832 3629
3178 1685
5650 3927
1467 2538
5388 5950
5046 5200
3010 1617
2835 1718
9467 2100
1275 2791
2522 4504
3697 9391
525 4450
5962 2945
1405 2058
8671 9224
9468 6913
4606 4641
5789 4407
4244 9821
727 9324
4634 6124
4387 5176
8651 859
1184 3912
5778 3946
8786 9117
512 5719
8305 2563
2447 7476
1441 2607
5467 6912
367 8896
8316 7814
9402 4396
4775 3655
7460 259
8791 7824
1479 8666
2678 3983
5415 3986
8352 303
2550 7563
2714 9512
8872 6150
3692 6872
873 6036
3350 1632
9738 5085
9322 7914
4091 8092
8620 2747
8730 4699
8756 5315
9050 9374
3835 907
4262 6041
1626 3100
3638 4268
8250 96
1212 4604
3266 9385
9093 2571
3022 4619
992 105
7788 5899
9113 3809
6864 2301
5815 4389
5481 55
540 1985
4725 1662
1573 9315
9149 3927
9695 6841
1190 5043
3914 2044
5578 5536
1473 8907
7711 9136
5023 2165
1270 8644
6560 1078
410 3222
9652 6398
7759 8930
4952 2663
9659 4882
6955 6108
7480 246
2401 6074
2573 5320
4392 9259
7787 6368
7700 7385
8968 319
4369 9487
9316 7666
9234 6769
5423 7292
5418 9628
4453 2944
3515 2622
2058 3771
8495 8445
9302 3795
1906 2610
5176 5233
9557 8712
3512 5827
6522 4054
6897 110
8276 5627
2655 8865
3166 8209
4004 7074
3002 6787
9076 9180
5151 9227
582 8056
5621 6119
252 8195
8654 4880
2720 5915
2358 8426
1926 2074
8075 662
9156 9403
5387 7495
4709 4604
1886 5104
9097 9633
1108 5805
3759 3539
3657 8347
554 6706
1338 9231
8839 7544
1690 6269
5082 3126
8330 5507
8667 3220
4699 7759
5463 2218
9259 395
9838 819
3546 2785
406 3327
4151 6763
5633 4327
7639 431
7578 9899
7495 1313
6757 2203
9139 8009
6596 6611
5926 9941
3979 7656
7894 9503
589 6588
751 5724
5036 572
6684 3704
5893 3741
8310 1699
5849 4489
6287 1556
2181 2557
6341 7015
52 9604
9913 779
3629 9258
4928 4469
5744 5366
6177 1672
7135 4519
5093 57
9122 1918
4461 5834
6301 9480
6130 8304
3347 4825
8026 1519
122 659
2474 2882
5883 9124
1138 6081
6940 2998
4391 2797
1771 480
5011 1070
4100 9488
1428 4927
8747 1421
8001 519
1272 3781
2470 3386
4799 3777
4448 5895
2797 833
4796 953
4468 3852
8014 7516
8714 6752
2457 7932
670 2591
9241 6499
8876 9369
3068 7534
5900 6414
4852 2694
347 1650
6563 5718
2011 8040
2554 1132
2795 621
751 9284
3967 8916
2060 5520
2621 9982
406 6247
3835 4169
9020 4158
7681 9822
1107 5016
6130 852
4288 9678
2752 3227
4445 4837
2699 1877
8947 8865
2629 5614
8303 1453
9775 4769
2853 9831
284 3192
6801 5261
716 5809
3765 1840
8862 5435
6370 1858
2976 304
5368 9247
7078 5519
8612 1433
9573 2681
8649 3969
4905 8646
6715 1536
420 9752
3551 9841
2043 9673
6924 3622
2484 2474
2043 4813
1243 6014
969 114
8329 5908
8227 7598
665 977
8386 8862
7732 6620
7444 7480
3088 5267
6569 479
4945 6479
5352 1661
8971 1120
2066 8826
960 766
3902 5569
8322 7695
8848 2884
6022 7690
7966 7993
9201 8730
1631 1995
4608 4375
5787 5604
6345 103
8549 6403
5637 7218
3717 3632
1472 5494
4866 7267
3180 1616
8664 7495
9022 4883
4855 86
4011 1371
7779 6409
9200 6971
3517 9637
5858 8584
5270 1636
5392 479
6756 1774
5356 6242
3549 8002
6242 9526
4167 2859
590 6381
4476 3873
4835 7909
7937 7149
8376 5394
4816 3610
8680 25
6202 5981
3098 4272
3575 5040
6147 2116
7052 8030
6699 5824
6213 213
645 2680
4808 3402
8348 1830
5702 9381
3818 2169
5158 2201
1114 9712
5118 2145
8432 7992
5844 1715
1250 9159
9006 3107
8112 1739
4400 4238
145 3824
882 2359
685 3576
8942 4171
4381 4029
8955 1592
3117 1962
9217 1590
8433 7215
8492 8876
5977 3110
5904 8282
3466 1692
8745 2735
7089 7479
14 4904
4963 8654
8292 6680
362 2076
1859 417
7271 1853
2662 2741
4040 6560
3586 2897
5233 2826
6671 4139
4956 7783
3158 8727
3291 6500
859 1526
2405 3418
7842 2873
9345 8889
9940 2953
3098 9385
2660 9110
7465 9372
525 13
2255 8657
5215 1231
4541 9006
6800 2094
7404 7967
4826 5991
4401 5467
3635 5174
8027 4538
8470 4380
2047 7290
4541 7549
7780 3149
2852 1801
2569 5729
2713 2570
1915 1408
4792 693
6876 7535
6573 8864
8409 4671
728 5062
6682 3709
1547 2992
8786 7706
9001 7973
5370 4383
3072 2545
3055 3936
6789 8132
7547 8938
6251 7171
3724 8981
3087 9497
9567 1495
9329 6790
3286 2525
8050 237
607 5687
1710 254
395 1312
6120 4096
153 1460
7712 9100
8198 585
753 6143
7728 7390
9250 8278
1555 5429
8460 6889
299 7413
6108 4178
1301 2542
9843 8081
4761 578
1781 4771
3714 1707
8301 7589
9575 7772
7724 5516
6981 7430
1351 7642
8209 9447
1480 5218
5188 7847
9490 6214
857 3427
3117 9609
5646 3737
1419 3190
5254 6098
866 2185
8548 4145
5169 5145
1446 8041
589 5107
7406 7886
1745 8699
6340 3528
3009 9822
738 5976
3314 5343
7767 1464
5997 1113
7619 2039
4889 3787
5281 7673
419 8167
4848 9462
4973 177
6344 8166
360 6949
9489 3197
7193 2864
4254 271
7788 1677
2338 4159
9827 8629
4039 897
8350 8233
421 4581
7397 6949
4825 3476
9996 2033
6817 8959
8247 5952
5073 6664
2423 1811
690 5158
1636 512
8695 8603
4469 676
7505 4185
3266 3885
7592 4173
5932 4823
9022 5205
5526 9419
1697 4182
5021 5930
1493 4865
4850 7251
5101 531
7170 5582
9403 337
1212 7310
6480 7424
4237 1773
2922 5330
9885 8223
4698 878
6653 9835
3326 2378
2804 7509
1652 4946
3546 2269
2577 9132
4593 4837
9021 9987
8048 3666
5623 8163
9781 9615
7330 1775
1684 9812
3636 3752
1910 6486
8357 5083
9536 4785
4560 754
8362 2189
6318 2237
2866 8222
5765 4800
6738 5584
8406 9555
1111 6742
4554 7653
648 6580
5980 3266
5905 4864
7072 8138
2977 8244
4560 4219
2350 5833
1438 4972
5705 9473
8970 1769
4523 467
4058 8677
6686 3210
9077 6546
6615 5146
8159 9727
4718 8515
8908 2007
9847 1699
2514 5526
6267 5783
7958 3109
9342 1613
5128 5541
6536 3263
7414 3535
5236 7794
7631 6935
5454 6583
6645 5150
1079 2444
4144 9543
5545 5615
8148 1093
2331 6883
3556 151
7785 1654
3980 712
9812 1855
5901 7064
1646 3195
8943 2010
8639 3676
2620 1968
3313 5056
1325 7831
6927 4408
8524 9814
1646 5606
9184 1525
6249 534
9434 7795
3244 2458
9700 2648
1498 1668
199 3991
4890 5607
1944 4494
2994 541
40 7813
8982 7783
3346 3453
8215 3617
2944 4587
8000 5884
1268 9498
2936 4968
37 8032
6280 3020
6922 4213
8588 4984
6838 21
9120 1111
8773 4109
3123 9539
3663 2014
3327 6042
2402 1249
9031 1949
8886 6027
1044 4166
5889 675
2881 4682
6499 8174
9339 6674
9625 4365
8624 8395
259 7934
8628 8958
5895 2889
914 1774
1577 3541
2308 61
6255 8316
6374 8886
1826 9614
8217 7456
2153 107
8927 3134
1475 8443
2377 7632
3676 3827
3646 7636
3211 6482
4656 6213
2895 7531
9192 2314
1140 5641
8573 3838
526 1323
8563 6819
8554 9327
9584 1800
1568 956
8374 5386
6291 3809
5398 4980
3041 6189
9249 1709
5240 9557
7394 1621
3530 5984
2435 2785
9850 1609
9664 9367
6485 8123
1037 2032
5662 9180
1891 3328
7613 8072
186 4566
2264 5377
480 2979
8076 2341
2046 2225
3487 5387
4742 9718
9335 2054
3710 3188
6769 4805
8204 7720
6771 7771
9856 1111
2424 7429
8857 5110
7753 5789
5609 1525
4863 6015
2337 8424
1210 3929
4874 249
6396 8126
1271 8601
4629 6895
4151 3089
8559 2903
1932 1057
5629 3648
3548 5289
3992 8213
4982 1179
3400 2499
4336 5730
8681 4161
5743 7563
626 603
8727 4351
9089 2293
7427 4107
9512 6433
7152 8870
2773 7210
6516 936
6294 95
5240 9101
6901 1379
3319 7164
7279 3285
682 7030
8935 1033
