1000 2
6771 7771
6318 2237
3629 9258
4826 5991
2047 7290
6801 5261
6826 2644
2916 2107
3487 5387
9021 9987
5270 1636
8786 7706
9434 7795
4985 6650
7466 2514
1091 7983
5629 3648
4354 5014
2922 5330
5481 55
9885 8223
6681 1001
9200 6971
866 2185
6086 7726
5789 4407
2446 6905
6567 6391
14 4904
7295 3888
3977 5097
6536 3263
3178 1685
4608 4375
2153 107
8680 25
8016 2297
4372 1029
8204 7720
1740 5965
6291 3809
1138 6081
8971 1120
7905 2717
5980 3266
3002 6787
5460 7340
4004 7074
9057 6349
3980 712
832 3629
859 1526
3313 5056
4928 4469
6744 8753
9201 8730
5950 8494
3546 2269
4973 177
7054 2985
4855 3358
8362 2189
5240 9101
5650 3927
1710 254
6294 95
8386 8862
7465 9372
3087 9497
4209 236
6573 8864
2350 5833
6955 6108
6433 2790
4502 1056
5849 4489
6370 1858
3676 3827
1265 6516
1852 8416
3258 4219
6301 9480
5128 5541
5160 2528
9575 7772
590 6381
8612 1433
8573 3838
7330 1775
1942 6860
5082 3126
3400 2499
3546 2785
8727 4351
1338 9231
4890 5607
589 5107
7787 6368
7917 4227
4387 5176
1446 8041
9447 4040
5160 6739
6499 8174
9519 1815
1573 9315
199 3991
325 7731
5392 479
9076 9180
9345 8889
5240 9557
2046 2225
2401 6074
3347 4825
3338 2055
360 6949
2931 1347
4090 2300
1846 6343
8048 3666
323 5462
2377 7632
9557 8712
8492 8876
1626 3100
406 3327
1646 3195
2852 1801
1401 166
759 918
3361 3330
9677 8947
5997 1113
4725 1662
1891 3328
7639 431
2977 8244
5188 7847
9082 4069
6864 2301
6699 5824
1926 2074
2043 9673
5201 4696
4593 4837
7480 246
4091 8092
7681 9822
6742 579
3055 3936
1272 3781
8817 878
3646 7636
3823 7363
7631 6935
7802 4832
5708 1079
75 2194
4487 7354
512 5719
3530 5984
2265 7145
2116 1122
607 2358
1623 3312
1432 5871
3265 3982
6485 8123
5233 2826
5545 5615
751 9284
1017 2881
7404 7967
7406 7886
8017 1929
4560 754
2745 7071
9812 1855
6108 4178
3710 3188
9567 1495
9949 9990
1758 8138
1451 2922
6280 3020
3160 6254
2507 6645
1652 4946
7958 3109
7894 2906
738 5976
1044 4166
9856 1111
1184 3912
9940 2953
9919 9439
3009 9822
4406 1460
8799 8859
4369 9487
4963 8654
8822 2340
3211 6482
6287 1556
3266 8408
670 2591
1276 9832
9020 4158
7949 2219
2447 7476
3022 4619
1473 8907
7724 5516
5325 2970
4982 1179
5101 531
1133 1184
1781 4771
4468 3852
3517 9637
4825 3476
5526 9419
5011 1070
8276 5627
7052 8030
8649 3969
6255 8316
327 187
2944 4587
7741 6671
607 5687
2255 8657
8112 1739
9250 8278
6738 5584
8955 1592
7135 4519
2387 8503
8624 8395
8639 3676
6563 5718
8027 4538
3180 1616
2060 5520
8643 5292
5073 6664
4151 3089
4476 3873
9124 6086
4381 4029
8683 9099
1555 5429
2308 61
406 6247
367 8896
3714 1707
9659 4882
5398 4980
9142 650
2435 2785
5415 3986
6615 5146
3416 6134
2522 4504
9234 6769
1037 2032
3979 7656
2994 541
2936 4968
2804 7509
2337 8424
3270 9873
3256 6848
9335 2054
5889 675
8348 1830
6904 8625
9097 9633
6927 4408
7152 8870
9468 6913
4288 9678
5743 7563
7995 885
9342 1613
3400 1879
5683 6478
2976 304
5368 9247
4554 7653
5739 5569
9695 6841
8303 1453
5983 7246
1250 9159
8876 9369
682 5103
1108 5805
6757 2203
8247 5952
9156 9403
9122 1918
5254 6098
8554 9327
9843 8081
7842 2873
4699 7759
8711 6570
7162 6824
8395 3909
4058 8677
3548 5289
8730 4699
8217 7456
1271 8601
9403 337
5744 5366
969 114
4835 7909
2797 833
9001 7973
2470 3386
6715 1536
5023 2165
9316 7666
4040 6560
3266 9385
3117 9609
1715 3828
3156 3061
5210 5552
6596 6611
8862 5435
3346 3453
284 3192
7744 3450
2970 3091
4324 9378
4848 9462
7789 8382
8886 6027
4571 3051
3638 2202
2424 7429
7966 7993
9184 1525
9625 4365
6684 3704
1444 6154
4237 1773
3515 2622
8795 9774
1520 15
9006 3107
1784 6804
3123 9539
6403 2974
1358 8661
8478 7752
4541 9006
3870 1006
8935 1033
5036 572
3945 4057
571 3880
7711 9136
2895 7531
3350 1632
1140 5641
5021 5930
2402 1249
2511 7810
2474 2882
2642 4862
873 6036
1886 5104
6480 7424
8608 9835
8548 4145
8507 2647
3818 2169
5895 2889
8301 7589
6340 3528
4618 8767
3286 2525
6474 7338
7512 6460
757 3992
8470 4380
1633 3805
5702 9381
2053 5100
3992 8213
5765 4800
3481 4952
2405 3418
5176 5233
6789 8132
5046 5200
6242 9526
6522 4054
2058 3771
4979 8737
7390 2178
5883 9124
8872 6150
9217 1590
8322 7695
4889 3787
4032 6052
1275 2791
6569 479
6046 5564
1167 8667
2181 2557
9781 9615
8250 96
7619 2039
2714 9512
1480 5218
5163 8235
52 9604
7700 7385
6120 4096
6924 3622
4656 6213
8465 1942
6386 590
8664 7495
2444 484
4549 735
9192 2314
7627 1149
5962 2945
8820 1544
419 8167
4799 3777
9974 8870
7726 5045
875 6840
2457 7932
1859 417
3068 7534
5637 7218
5352 1661
9913 779
2881 4682
7271 1853
753 6143
8376 5394
865 6420
9584 1800
3291 6500
6922 4213
5368 5437
5158 2201
5537 2926
8330 5507
5272 6974
435 486
1428 4927
8667 3220
6940 2998
2773 7210
857 3427
4401 5467
4456 8165
8563 6819
8366 2515
4742 9718
8350 8233
1577 3541
7072 8138
525 13
292 4947
3326 2378
410 3222
4855 86
7925 155
3835 907
6656 843
3902 5569
8495 8445
3274 7534
3393 4629
6147 2116
1690 6269
4816 3610
1932 1057
1879 6344
9652 6398
3967 8916
6901 1379
8651 859
6130 852
9241 6499
7279 3285
4541 7549
992 105
7361 3164
7089 7479
8310 1699
8695 8603
6084 7829
2620 1968
7397 6949
3319 7164
9664 9367
1906 2610
2514 5526
4400 4238
8014 7516
3638 4268
2338 4159
8409 4671
9130 4569
6817 8959
6101 5833
6653 9835
3033 75
6981 7430
2789 2502
8361 9447
3764 2752
554 6706
7753 5789
6022 7690
8681 4161
7707 4982
8076 2341
199 3102
8638 9225
4144 9543
1243 6014
2866 8222
9738 5085
7150 7313
4537 9483
2573 472
3635 5174
9467 2100
4866 7267
6479 9439
410 5518
5093 57
4389 5615
2257 2303
8075 662
1405 2058
8026 1519
9077 6546
7169 3281
5905 4864
3065 7093
801 5774
6682 3709
5387 7495
6345 103
5904 8282
1519 4585
9170 6567
4709 4604
7460 259
1568 956
9233 6120
5418 9628
3765 1840
3697 9391
4445 4902
62 9506
8848 2884
7709 3265
7078 5519
7780 3149
4808 3402
4761 578
6671 4139
5222 4979
8460 6889
6645 5150
9335 490
2836 3101
7937 7149
7489 5689
7170 5582
2621 9982
7785 1654
8839 7544
4453 2944
8394 4447
9339 6674
1493 4865
5657 8214
648 6580
4560 4219
2264 5377
5977 3110
5662 9180
3010 1617
482 928
9866 6564
9832 1866
9193 6478
4629 6895
8671 9224
7280 6345
122 659
186 4566
1270 8644
5615 7422
4852 2694
1419 3190
4392 9259
626 603
4634 6124
2011 8040
8458 388
4945 6479
8381 492
3088 5267
8745 2735
3072 2545
4792 693
122 4910
5633 4327
1325 7831
7779 6409
727 9324
1846 1114
9700 2648
1212 4604
3314 5343
2119 4365
7767 1464
7394 1621
2662 2741
3266 3885
2499 8319
9139 8009
4523 467
3575 5040
3636 3752
5894 2745
1826 9614
4039 897
1910 6486
8549 6403
1730 9392
2629 5614
7030 8566
7541 7946
6202 5981
7509 5188
6560 1078
7788 5899
2358 8426
145 3824
8747 1421
7712 9100
9536 4785
1111 6742
2329 3007
9113 3809
5815 4389
9031 1949
8786 9117
8232 1242
8631 2154
4775 3655
3041 6189
5454 6583
4011 1371
8050 237
5281 7673
395 1312
5370 4383
5932 4823
1547 2992
6341 7015
7732 6620
1190 5043
9149 3927
6686 3210
342 8896
1472 5494
5442 2661
8654 4880
5118 2145
8292 6680
5423 7292
8930 7374
9420 9964
8133 9170
9093 2571
6177 1672
1646 5606
8227 7598
8374 5386
2835 1718
5901 7064
7427 4107
1301 2542
7377 7286
6396 8126
1915 1408
9329 6790
540 1985
9402 4396
8620 2747
893 392
8198 585
2554 1132
5339 3654
8934 510
421 4581
2369 7518
4905 8646
8791 7824
9775 4769
589 6588
8756 5315
252 8195
940 847
645 2680
5741 3572
7592 4173
8159 9727
5549 9667
6334 7377
2423 1811
728 5062
9473 7739
4262 6041
582 8056
5467 6912
2699 1877
9996 2033
9322 7914
7894 9503
9249 1709
6156 8050
9523 9608
4718 7161
9438 5095
5168 3097
8148 1093
8305 2563
9750 6129
6344 4760
268 645
7627 6690
8001 519
8395 5499
5893 3741
6206 4049
4444 3436
9965 6344
9664 850
1060 3352
5169 5145
3759 3539
1351 7642
3466 1692
1480 3079
1438 4972
5016 5048
7193 2864
9557 722
3158 4636
1947 2570
3466 691
6978 2005
3835 4169
7728 7390
8857 5110
2713 2570
699 5742
8329 5908
8927 3134
4092 7446
1467 2538
8357 5083
5844 1715
8588 4984
8628 8958
8947 8865
1210 3929
5388 5950
5778 3946
3556 151
690 5158
4952 2663
3914 2044
8559 2903
420 9752
299 7413
8968 319
3166 8209
9089 2293
3663 2014
7048 2048
7495 1313
5752 4157
1080 9599
8684 5759
3549 8002
3117 1962
7505 4185
9573 2681
1114 9712
5623 8163
8491 6742
914 1774
682 7030
2853 9831
6539 9356
7414 3535
2678 3983
4461 5834
9512 6433
751 5724
3586 2897
4850 7251
1697 4182
2573 5320
5787 5604
9847 1699
6130 8304
3657 8347
8209 9447
1479 8666
5356 6242
1684 9812
2550 7563
4254 271
1141 3265
8982 7783
960 766
5762 2296
9050 9374
6213 213
5900 6414
8316 7814
5609 1525
5236 7794
3717 3632
4151 6763
6516 936
8215 3617
8773 4109
9903 157
7525 9973
8972 2453
2569 5729
7613 8072
4100 9488
6876 7535
5463 2218
8953 9934
882 2359
3158 8727
9827 8629
6897 110
4167 2859
5621 6119
8352 303
6374 8886
4606 4641
9022 5205
9302 3795
3512 5827
5705 9473
4336 5730
7788 1677
6967 7221
6932 8627
4145 9746
6249 534
4455 8559
949 858
3098 9385
1475 8443
5187 5819
153 1460
1212 7310
6800 2094
5215 1231
9886 65
4021 648
7547 8938
9489 3197
1944 4494
7578 9899
4391 2797
4469 676
8524 9814
7404 4738
716 5809
1441 2607
8943 2010
4448 5895
2752 3227
1636 512
40 7813
8970 1769
4956 7783
9052 4490
2066 8826
1498 1668
2278 5222
2525 9782
37 8032
1771 480
526 1323
2300 9910
3098 4272
5578 5536
9259 395
5646 3737
8908 2007
5151 9227
7907 4034
3808 4966
7930 2765
4874 249
6251 7171
1079 2444
6267 5783
7759 8930
4718 8515
2655 8865
2720 5915
347 1650
5727 3615
6344 8166
2524 8732
8000 5884
3233 7357
9120 1111
2043 4813
5494 7804
4445 4837
8644 9753
9838 819
4796 953
2304 8867
458 7428
8971 9262
3551 9841
6349 1039
9022 4883
362 2076
1745 8699
5187 5904
2331 6883
3327 6042
9490 6214
2795 621
1268 9498
6769 4805
1980 190
1824 47
1107 5016
4244 9821
9850 1609
8406 9555
8942 4171
6355 7387
5926 9941
8433 7215
3692 6872
8432 7992
2484 2474
7444 7480
7981 9676
2577 9132
6756 1774
4863 6015
3244 2458
5858 8584
7895 3029
525 4450
685 3576
665 977
2660 9110
30 4527
9516 1953
4698 878
3724 8981
1631 1995
8501 773
6043 2669
259 7934
480 2979
8714 6752
6838 21
5761 2829
3695 7817
