1000 2
6940 2998
5844 1715
4445 4902
7732 6620
8943 2010
8680 25
8862 5435
9850 1609
1428 4927
3160 6254
5368 5437
1740 5965
7525 9973
8366 2515
8076 2341
7169 3281
4392 9259
8478 7752
6567 6391
5093 57
1167 8667
5708 1079
1446 8041
6206 4049
7170 5582
3156 3061
9903 157
9241 6499
9438 5095
3117 1962
4372 1029
122 659
9316 7666
4455 8559
8955 1592
2358 8426
8714 6752
1730 9392
8361 9447
3166 8209
9076 9180
4151 6763
9057 6349
3068 7534
1141 3265
4855 3358
5339 3654
8727 4351
5169 5145
6202 5981
8276 5627
1980 190
5762 2296
1265 6516
8433 7215
8886 6027
9677 8947
2402 1249
9512 6433
1037 2032
7925 155
8644 9753
7709 3265
4381 4029
5160 2528
2153 107
9536 4785
6101 5833
8667 3220
4890 5607
3123 9539
259 7934
5743 7563
7966 7993
8573 3838
4389 5615
4866 7267
2424 7429
2043 9673
6130 852
1846 6343
8872 6150
6742 579
4825 3476
7052 8030
2994 541
8395 3909
1432 5871
5415 3986
7917 4227
2699 1877
4151 3089
3347 4825
759 918
6355 7387
1891 3328
5702 9381
2720 5915
2446 6905
3266 8408
8839 7544
9249 1709
5623 8163
873 6036
9523 9608
6801 5261
8953 9934
2058 3771
4985 6650
3914 2044
3466 691
2405 3418
3361 3330
122 4910
6294 95
2977 8244
9193 6478
323 5462
5662 9180
682 7030
2337 8424
4852 2694
8376 5394
1626 3100
6291 3809
5240 9557
5387 7495
648 6580
1276 9832
5236 7794
410 5518
3055 3936
3258 4219
9077 6546
9139 8009
5926 9941
153 1460
9467 2100
4456 8165
9342 1613
940 847
8935 1033
5537 2926
4021 648
582 8056
8017 1929
5481 55
4262 6041
3714 1707
252 8195
7744 3450
1079 2444
3010 1617
2835 1718
9403 337
728 5062
9335 2054
9557 722
4549 735
9006 3107
9022 4883
5101 531
7135 4519
7406 7886
8305 2563
8549 6403
3517 9637
9170 6567
3314 5343
6022 7690
4453 2944
865 6420
7631 6935
3695 7817
9913 779
5650 3927
1325 7831
2457 7932
1915 1408
4835 7909
5023 2165
8465 1942
6287 1556
2881 4682
6569 479
7712 9100
3346 3453
8458 388
1652 4946
3710 3188
4629 6895
9184 1525
8730 4699
8773 4109
3180 1616
751 9284
589 5107
3945 4057
4718 7161
2797 833
7592 4173
8000 5884
1906 2610
2444 484
2922 5330
3393 4629
9965 6344
8620 2747
3244 2458
2569 5729
5388 5950
5011 1070
9259 395
5894 2745
4928 4469
3548 5289
7397 6949
7404 4738
5467 6912
3400 1879
9093 2571
7949 2219
1745 8699
5950 8494
9345 8889
1480 5218
6043 2669
9339 6674
367 8896
4560 4219
1351 7642
2304 8867
7894 2906
4863 6015
2119 4365
6374 8886
1138 6081
6480 7424
1401 166
3327 6042
3178 1685
2573 5320
2620 1968
6922 4213
8524 9814
682 5103
1879 6344
7541 7946
4387 5176
2714 9512
690 5158
866 2185
8684 5759
9420 9964
8970 1769
6403 2974
6479 9439
145 3824
3466 1692
5683 6478
3400 2499
3270 9873
1944 4494
4091 8092
8001 519
3556 151
9996 2033
7711 9136
1473 8907
30 4527
6130 8304
8507 2647
7394 1621
8381 492
1758 8138
1060 3352
753 6143
5325 2970
6573 8864
7789 8382
1498 1668
7480 246
7726 5045
3481 4952
7613 8072
4956 7783
2621 9982
7489 5689
8209 9447
2629 5614
3274 7534
5036 572
8927 3134
395 1312
6596 6611
554 6706
9434 7795
6516 936
6897 110
3319 7164
7767 1464
6924 3622
8470 4380
5254 6098
8654 4880
2525 9782
3065 7093
7414 3535
6251 7171
6345 103
7295 3888
5893 3741
7627 1149
3967 8916
325 7731
8695 8603
1111 6742
3646 7636
9031 1949
1631 1995
2350 5833
8972 2453
3636 3752
9335 490
268 645
9142 650
9022 5205
4816 3610
2387 8503
5545 5615
9652 6398
1547 2992
4040 6560
3158 8727
540 1985
8133 9170
2060 5520
8639 3676
4698 878
4336 5730
9781 9615
6280 3020
4391 2797
7330 1775
9489 3197
327 187
2573 472
8786 9117
2066 8826
4775 3655
8683 9099
7895 3029
5073 6664
9567 1495
2745 7071
5789 4407
5168 3097
8971 1120
3992 8213
5646 3737
5997 1113
406 6247
5549 9667
5761 2829
4100 9488
2047 7290
5787 5604
7361 3164
4401 5467
284 3192
607 2358
6757 2203
8822 2340
7958 3109
5849 4489
8548 4145
6656 843
2660 9110
2866 8222
9519 1815
9866 6564
6242 9526
5983 7246
5398 4980
4606 4641
40 7813
3551 9841
4799 3777
5883 9124
5904 8282
685 3576
8501 773
9130 4569
5460 7340
5657 8214
8942 4171
5281 7673
9329 6790
1212 7310
7681 9822
5962 2945
1926 2074
4560 754
4244 9821
6932 8627
5463 2218
8352 303
2447 7476
4541 9006
9847 1699
4476 3873
4656 6213
5187 5819
5815 4389
1275 2791
8820 1544
9192 2314
5210 5552
9856 1111
6344 8166
6147 2116
3638 4268
1555 5429
8148 1093
9738 5085
893 392
2511 7810
8559 2903
5046 5200
5352 1661
8563 6819
2507 6645
6681 1001
6156 8050
6349 1039
3835 4169
9557 8712
4354 5014
8050 237
8745 2735
1715 3828
3676 3827
7078 5519
4144 9543
5418 9628
1646 5606
6738 5584
6901 1379
347 1650
420 9752
2931 1347
9020 4158
1697 4182
3724 8981
3041 6189
4090 2300
6927 4408
4058 8677
4571 3051
1044 4166
7981 9676
5016 5048
6978 2005
4487 7354
199 3102
4369 9487
3977 5097
2976 304
3098 9385
1091 7983
9050 9374
6904 8625
3313 5056
3549 8002
1784 6804
1212 4604
6108 4178
9490 6214
2401 6074
8394 4447
5526 9419
1846 1114
8014 7516
3266 9385
9113 3809
2338 4159
1419 3190
4796 953
1623 3312
1910 6486
626 603
1852 8416
4445 4837
2524 8732
1270 8644
2435 2785
8330 5507
4979 8737
3818 2169
6682 3709
1646 3195
9233 6120
9750 6129
2678 3983
7030 8566
4541 7549
6177 1672
8198 585
5889 675
3291 6500
1338 9231
1268 9498
8554 9327
3823 7363
4237 1773
9516 1953
5423 7292
1472 5494
1636 512
7404 7967
9082 4069
6396 8126
5615 7422
5637 7218
3717 3632
5454 6583
6539 9356
5744 5366
4254 271
9097 9633
8310 1699
8204 7720
1520 15
7785 1654
1250 9159
1577 3541
7512 6460
8217 7456
75 2194
8608 9835
8756 5315
3629 9258
7193 2864
992 105
7627 6690
3098 4272
1710 254
1271 8601
1573 9315
9974 8870
5980 3266
2046 2225
7547 8938
7894 9503
8112 1739
5270 1636
3530 5984
8643 5292
5158 2201
8491 6742
3002 6787
4699 7759
8651 859
7995 885
8934 510
9200 6971
2789 2502
2499 8319
4905 8646
3808 4966
6499 8174
8671 9224
8968 319
3211 6482
5160 6739
7465 9372
6485 8123
3546 2269
3638 2202
2470 3386
5215 1231
2655 8865
9573 2681
9843 8081
4742 9718
5368 9247
5187 5904
757 3992
8638 9225
8232 1242
2255 8657
665 977
4209 236
1467 2538
3764 2752
6686 3210
7466 2514
3266 3885
1438 4972
8947 8865
7788 1677
7842 2873
6370 1858
1301 2542
7930 2765
3286 2525
7427 4107
5752 4157
1184 3912
7759 8930
8322 7695
6981 7430
4593 4837
5370 4383
6826 2644
7937 7149
4826 5991
7280 6345
8227 7598
9089 2293
8795 9774
458 7428
4092 7446
9052 4490
8016 2297
8786 7706
1140 5641
6756 1774
2713 2570
8495 8445
199 3991
8409 4671
9001 7973
2474 2882
8799 8859
8292 6680
5128 5541
7048 2048
5609 1525
8649 3969
3416 6134
1190 5043
7905 2717
1519 4585
1781 4771
8386 8862
2936 4968
5765 4800
8432 7992
5778 3946
8215 3617
2514 5526
7444 7480
8628 8958
4761 578
3657 8347
8159 9727
525 4450
6789 8132
9217 1590
2795 621
480 2979
7162 6824
2916 2107
590 6381
8316 7814
8247 5952
4718 8515
1272 3781
8930 7374
1243 6014
360 6949
2895 7531
7505 4185
9625 4365
859 1526
292 4947
6699 5824
7072 8138
6522 4054
7509 5188
1444 6154
6967 7221
857 3427
9021 9987
875 6840
3087 9497
5578 5536
6560 1078
8908 2007
2264 5377
1480 3079
2554 1132
2804 7509
4874 249
9886 65
9250 8278
5727 3615
3663 2014
7728 7390
4011 1371
6838 21
4554 7653
7460 259
3033 75
3759 3539
5222 4979
8048 3666
1080 9599
5240 9101
4461 5834
2011 8040
2522 4504
3870 1006
8026 1519
6334 7377
960 766
6684 3704
1859 417
7788 5899
4725 1662
9584 1800
4167 2859
3072 2545
6653 9835
1493 4865
421 4581
6955 6108
7495 1313
8348 1830
699 5742
1824 47
5977 3110
9919 9439
8301 7589
8971 9262
2369 7518
6645 5150
716 5809
6255 8316
949 858
3835 907
6671 4139
2181 2557
645 2680
7054 2985
589 6588
3635 5174
2053 5100
832 3629
2970 3091
5629 3648
571 3880
8631 2154
2662 2741
2550 7563
6433 2790
1932 1057
7907 4034
6563 5718
6744 8753
3009 9822
7802 4832
3515 2622
9122 1918
2308 61
9322 7914
7753 5789
3088 5267
8817 878
9827 8629
4963 8654
969 114
8624 8395
3326 2378
9575 7772
5176 5233
8982 7783
6340 3528
6046 5564
3697 9391
9156 9403
6771 7771
9940 2953
5705 9473
2773 7210
2577 9132
8250 96
1108 5805
7578 9899
8711 6570
5118 2145
6341 7015
1017 2881
526 1323
3338 2055
8681 4161
3979 7656
9149 3927
8848 2884
4982 1179
6769 4805
3233 7357
4848 9462
8876 9369
52 9604
5895 2889
8027 4538
1942 6860
2257 2303
4400 4238
1133 1184
3158 4636
186 4566
7390 2178
1405 2058
525 13
5494 7804
3265 3982
1358 8661
5900 6414
4792 693
3022 4619
2043 4813
5739 5569
4709 4604
7639 431
3902 5569
2329 3007
3586 2897
3117 9609
8460 6889
2331 6883
8374 5386
1114 9712
1690 6269
3350 1632
7150 7313
7787 6368
2642 4862
62 9506
8350 8233
5901 7064
5201 4696
1684 9812
410 3222
9664 850
342 8896
4004 7074
9302 3795
2116 1122
299 7413
9695 6841
3487 5387
607 5687
9700 2648
8075 662
6267 5783
6536 3263
1451 2922
7779 6409
914 1774
4945 6479
9402 4396
4618 8767
2852 1801
7780 3149
5082 3126
4973 177
7271 1853
1771 480
4634 6124
5392 479
5272 6974
1886 5104
4855 86
6876 7535
7619 2039
4406 1460
8857 5110
5741 3572
1210 3929
7152 8870
6800 2094
1633 3805
4850 7251
4952 2663
5163 8235
4502 1056
2836 3101
2278 5222
4523 467
6864 2301
6344 4760
9473 7739
9664 9367
5233 2826
882 2359
8362 2189
2944 4587
14 4904
9885 8223
8395 5499
9468 6913
4468 3852
8406 9555
9201 8730
1568 956
2423 1811
4608 4375
5188 7847
1475 8443
362 2076
5858 8584
4889 3787
8791 7824
8747 1421
8329 5908
6318 2237
6301 9480
2265 7145
9659 4882
7279 3285
8588 4984
6120 4096
37 8032
3765 1840
2853 9831
2377 7632
4808 3402
9120 1111
9234 6769
801 5774
6615 5146
3256 6848
8664 7495
7707 4982
5151 9227
4444 3436
2300 9910
2752 3227
4288 9678
9838 819
4032 6052
5442 2661
406 3327
4448 5895
1947 2570
670 2591
8612 1433
5621 6119
9124 6086
4469 676
1826 9614
3980 712
6249 534
8492 8876
6386 590
7724 5516
727 9324
3512 5827
7741 6671
5356 6242
7089 7479
482 928
435 486
3546 2785
1479 8666
3575 5040
6086 7726
5932 4823
419 8167
9447 4040
7377 7286
6817 8959
8303 1453
6715 1536
3692 6872
1107 5016
4145 9746
4324 9378
6213 213
4537 9483
9949 9990
5633 4327
4039 897
9812 1855
7700 7385
512 5719
6474 7338
1441 2607
5905 4864
751 5724
2484 2474
5021 5930
738 5976
9832 1866
9775 4769
6084 7829
8357 5083
