1000 2
5163 8235
8501 773
9677 8947
9856 1111
5423 7292
3098 4272
9886 65
6334 7377
1568 956
7466 2514
832 3629
1272 3781
1338 9231
7759 8930
1444 6154
8671 9224
8628 8958
2797 833
458 7428
4151 6763
2970 3091
5270 1636
3393 4629
2660 9110
6242 9526
3400 2499
6249 534
4571 3051
9122 1918
8014 7516
3178 1685
14 4904
525 4450
7465 9372
5683 6478
2866 8222
4336 5730
7460 259
8554 9327
6043 2669
7787 6368
3546 2269
5621 6119
9241 6499
6255 8316
6280 3020
8971 9262
8204 7720
6287 1556
6826 2644
1184 3912
6403 2974
6757 2203
7377 7286
1715 3828
3548 5289
9866 6564
7894 9503
3629 9258
5021 5930
4792 693
3416 6134
6499 8174
9489 3197
1846 1114
5983 7246
2011 8040
8001 519
5904 8282
8588 4984
8972 2453
1475 8443
2060 5520
8631 2154
4456 8165
5905 4864
252 8195
9006 3107
4406 1460
4775 3655
4455 8559
4487 7354
9575 7772
9843 8081
5752 4157
7995 885
6084 7829
8458 388
2550 7563
9519 1815
8227 7598
6922 4213
4502 1056
9695 6841
2745 7071
6349 1039
1520 15
9664 850
1250 9159
6374 8886
8624 8395
5662 9180
6318 2237
9302 3795
757 3992
6567 6391
2304 8867
2931 1347
6771 7771
6715 1536
690 5158
3764 2752
1577 3541
4392 9259
323 5462
325 7731
3546 2785
8559 2903
2444 484
4835 7909
6386 590
6433 2790
8470 4380
5744 5366
7404 7967
8381 492
940 847
1886 5104
5151 9227
3914 2044
1133 1184
1758 8138
7390 2178
8276 5627
6130 852
3638 2202
8773 4109
7966 7993
8433 7215
4963 8654
1690 6269
8930 7374
8876 9369
4039 897
8232 1242
9077 6546
3319 7164
6355 7387
9750 6129
3087 9497
8872 6150
3158 8727
7627 6690
4387 5176
1745 8699
1212 4604
1275 2791
6536 3263
9659 4882
9573 2681
5609 1525
9557 8712
2620 1968
2789 2502
9184 1525
626 603
4021 648
6156 8050
4445 4837
5233 2826
727 9324
2447 7476
5398 4980
5388 5950
6656 843
8198 585
5705 9473
8492 8876
8548 4145
1826 9614
2053 5100
4391 2797
342 8896
8322 7695
1947 2570
7054 2985
5893 3741
3638 4268
6120 4096
2511 7810
1140 5641
6742 579
1044 4166
2916 2107
3266 9385
4952 2663
3313 5056
6563 5718
969 114
582 8056
9827 8629
9001 7973
5169 5145
8409 4671
362 2076
1190 5043
9403 337
9473 7739
4905 8646
8664 7495
7681 9822
5900 6414
7072 8138
1646 3195
5895 2889
6901 1379
9567 1495
6789 8132
9076 9180
9523 9608
4979 8737
4618 8767
5454 6583
6370 1858
8711 6570
4718 7161
9903 157
8395 3909
2329 3007
9420 9964
4890 5607
8612 1433
1730 9392
873 6036
5240 9101
3636 3752
9557 722
8247 5952
7361 3164
3663 2014
8048 3666
2835 1718
9447 4040
1636 512
9093 2571
3055 3936
8209 9447
3835 907
2507 6645
9082 4069
9467 2100
8348 1830
589 6588
3717 3632
866 2185
2046 2225
5765 4800
8886 6027
5962 2945
1852 8416
2642 4862
7631 6935
4852 2694
3270 9873
6684 3704
5977 3110
2435 2785
6686 3210
1265 6516
4826 5991
6046 5564
7627 1149
5339 3654
9022 5205
3556 151
327 187
2662 2741
8573 3838
4982 1179
4928 4469
7052 8030
9434 7795
6474 7338
2976 304
8695 8603
6738 5584
6615 5146
2265 7145
2423 1811
1480 5218
4381 4029
3646 7636
8305 2563
4254 271
2300 9910
8639 3676
949 858
9020 4158
8620 2747
5368 5437
6344 4760
5545 5615
367 8896
8649 3969
7592 4173
9022 4883
2338 4159
4634 6124
6756 1774
6480 7424
4092 7446
7406 7886
9329 6790
5460 7340
4372 1029
3314 5343
5629 3648
9089 2293
2308 61
6341 7015
5418 9628
7489 5689
4699 7759
857 3427
8017 1929
4560 754
7785 1654
8465 1942
7744 3450
8968 319
4742 9718
6213 213
6924 3622
5392 479
7949 2219
540 1985
3211 6482
1710 254
8848 2884
1401 166
8947 8865
1472 5494
9050 9374
4549 735
6817 8959
4032 6052
2994 541
5844 1715
1944 4494
3346 3453
9913 779
670 2591
8310 1699
5708 1079
2977 8244
5352 1661
9124 6086
5240 9557
4262 6041
6864 2301
1906 2610
1141 3265
2699 1877
2153 107
3400 1879
7578 9899
7711 9136
8076 2341
1932 1057
2058 3771
7732 6620
3256 6848
7512 6460
9250 8278
1480 3079
1432 5871
5932 4823
9700 2648
3530 5984
751 9284
6291 3809
9057 6349
8112 1739
1473 8907
3291 6500
1547 2992
5442 2661
9885 8223
3714 1707
4448 5895
8714 6752
8934 510
992 105
2369 7518
3156 3061
5815 4389
3945 4057
590 6381
8638 9225
7279 3285
9130 4569
9193 6478
5236 7794
8357 5083
2484 2474
3338 2055
2350 5833
2457 7932
6800 2094
6699 5824
8250 96
4808 3402
3244 2458
7414 3535
7767 1464
4523 467
7842 2873
9965 6344
2331 6883
6838 21
7788 5899
1268 9498
3347 4825
6904 8625
8159 9727
3265 3982
5046 5200
2714 9512
7728 7390
6340 3528
1358 8661
5176 5233
5370 4383
1781 4771
8133 9170
7917 4227
3065 7093
5160 6739
5858 8584
3808 4966
882 2359
7925 155
7930 2765
3586 2897
5762 2296
6653 9835
9345 8889
1167 8667
1446 8041
3072 2545
7726 5045
4244 9821
8050 237
3676 3827
8862 5435
1060 3352
7724 5516
4956 7783
7712 9100
5101 531
3980 712
6345 103
9512 6433
5222 4979
8027 4538
6645 5150
1915 1408
4848 9462
7404 4738
682 5103
9021 9987
153 1460
6344 8166
3010 1617
4100 9488
8215 3617
3326 2378
2424 7429
8756 5315
6539 9356
2522 4504
7397 6949
1519 4585
1697 4182
648 6580
4237 1773
3258 4219
8982 7783
3350 1632
1824 47
9949 9990
3549 8002
759 918
1980 190
8970 1769
9335 2054
5494 7804
8292 6680
3697 9391
2852 1801
728 5062
5926 9941
6202 5981
3158 4636
1276 9832
8549 6403
4401 5467
421 4581
482 928
893 392
8730 4699
4389 5615
1017 2881
3123 9539
8075 662
6301 9480
2514 5526
3117 1962
7525 9973
8460 6889
1243 6014
9536 4785
7480 246
6147 2116
5526 9419
8727 4351
1910 6486
3823 7363
5633 4327
1107 5016
3512 5827
3088 5267
9201 8730
5623 8163
2043 9673
751 5724
3286 2525
6801 5261
8683 9099
122 659
6101 5833
9812 1855
865 6420
5168 3097
8361 9447
4468 3852
5894 2745
122 4910
2944 4587
4725 1662
2047 7290
4209 236
607 5687
4444 3436
4476 3873
6022 7690
7619 2039
40 7813
9738 5085
6251 7171
7802 4832
512 5719
5702 9381
9139 8009
2401 6074
1626 3100
3466 1692
1405 2058
420 9752
8817 878
6522 4054
8301 7589
5549 9667
3166 8209
4593 4837
3635 5174
5188 7847
1493 4865
4816 3610
186 4566
5073 6664
1091 7983
1428 4927
5578 5536
9217 1590
5201 4696
8478 7752
259 7934
4288 9678
525 13
1037 2032
5415 3986
8684 5759
199 3991
8524 9814
7907 4034
6516 936
8507 2647
360 6949
2752 3227
4799 3777
1108 5805
2446 6905
753 6143
7700 7385
5325 2970
3967 8916
3466 691
5387 7495
6932 8627
8026 1519
4629 6895
1467 2538
5883 9124
7427 4107
8000 5884
480 2979
3009 9822
7330 1775
4469 676
4855 3358
738 5976
4324 9378
2470 3386
9322 7914
5128 5541
2524 8732
3710 3188
8432 7992
2936 4968
9919 9439
37 8032
7937 7149
6681 1001
2795 621
5727 3615
7150 7313
9031 1949
1138 6081
1111 6742
6596 6611
9192 2314
4718 8515
8386 8862
9664 9367
8654 4880
8330 5507
5463 2218
7707 4982
699 5742
1740 5965
406 6247
5657 8214
4606 4641
7981 9676
8608 9835
9847 1699
3266 3885
7170 5582
1498 1668
1846 6343
8857 5110
8352 303
9516 1953
1270 8644
4011 1371
2525 9782
1859 417
6682 3709
4461 5834
5481 55
7639 431
1079 2444
5739 5569
7271 1853
685 3576
4040 6560
3870 1006
5741 3572
5187 5819
4973 177
7894 2906
1646 5606
3327 6042
7613 8072
3266 8408
5356 6242
8786 9117
6897 110
8745 2735
6485 8123
7280 6345
8148 1093
5210 5552
9316 7666
6744 8753
9249 1709
419 8167
7547 8938
4453 2944
2405 3418
6177 1672
7444 7480
6206 4049
6560 1078
9850 1609
8799 8859
7753 5789
1573 9315
9996 2033
8935 1033
9142 650
5650 3927
3692 6872
3695 7817
7135 4519
9781 9615
9402 4396
4874 249
5467 6912
4850 7251
4537 9483
1301 2542
5272 6974
6130 8304
1451 2922
7509 5188
5082 3126
3765 1840
2337 8424
8680 25
5537 2926
645 2680
4554 7653
665 977
3487 5387
4761 578
1926 2074
8943 2010
3724 8981
8395 5499
9832 1866
2655 8865
3274 7534
3160 6254
75 2194
2573 472
4354 5014
2804 7509
6573 8864
8839 7544
6671 4139
9149 3927
1631 1995
1210 3929
1438 4972
4541 7549
2116 1122
5036 572
1623 3312
299 7413
3233 7357
3902 5569
6967 7221
3022 4619
8908 2007
4090 2300
9120 1111
1271 8601
7295 3888
4863 6015
435 486
5761 2829
4945 6479
3759 3539
7169 3281
6108 4178
4560 4219
8644 9753
4796 953
8303 1453
859 1526
1351 7642
2629 5614
9113 3809
3992 8213
8667 3220
5093 57
526 1323
9233 6120
8681 4161
7779 6409
6769 4805
2678 3983
4369 9487
7394 1621
1555 5429
4167 2859
8942 4171
4145 9746
3481 4952
7789 8382
9335 490
8651 859
6479 9439
2264 5377
2922 5330
2499 8319
5637 7218
8329 5908
5254 6098
4144 9543
3361 3330
4985 6650
9838 819
554 6706
1879 6344
9200 6971
1441 2607
2577 9132
8495 8445
4400 4238
5215 1231
410 5518
1080 9599
2895 7531
5158 2201
7905 2717
6569 479
2358 8426
4889 3787
3180 1616
410 3222
1325 7831
2554 1132
875 6840
7030 8566
406 3327
914 1774
4825 3476
7780 3149
5118 2145
8927 3134
3068 7534
8955 1592
4151 3089
3002 6787
3041 6189
3575 5040
5950 8494
2257 2303
2720 5915
2181 2557
8316 7814
6294 95
5787 5604
7788 1677
4608 4375
8491 6742
716 5809
1684 9812
6940 2998
2621 9982
9468 6913
9052 4490
5016 5048
4656 6213
395 1312
268 645
5368 9247
8406 9555
7089 7479
8643 5292
1891 3328
9652 6398
2043 4813
1633 3805
8822 2340
8791 7824
5160 2528
960 766
4004 7074
7495 1313
1771 480
9974 8870
3835 4169
2402 1249
8362 2189
4091 8092
347 1650
5023 2165
2387 8503
1419 3190
5011 1070
199 3102
4058 8677
62 9506
4855 86
3117 9609
3098 9385
7505 4185
5778 3946
2573 5320
5889 675
2853 9831
8217 7456
8376 5394
8953 9934
284 3192
1212 7310
5849 4489
2066 8826
6981 7430
801 5774
5187 5904
2836 3101
8795 9774
30 4527
7741 6671
9490 6214
3977 5097
4698 878
9156 9403
3979 7656
8016 2297
3657 8347
7541 7946
3551 9841
8786 7706
2119 4365
8394 4447
7958 3109
9234 6769
2569 5729
9170 6567
8350 8233
9940 2953
292 4947
4445 4902
2881 4682
9097 9633
7895 3029
6978 2005
8563 6819
6086 7726
9339 6674
5901 7064
2773 7210
9259 395
2713 2570
6955 6108
6267 5783
3818 2169
2255 8657
1479 8666
682 7030
4866 7267
2278 5222
1114 9712
9342 1613
6396 8126
5281 7673
9584 1800
9625 4365
1942 6860
8747 1421
7193 2864
4541 9006
5743 7563
589 5107
607 2358
8366 2515
571 3880
9775 4769
3517 9637
7162 6824
145 3824
7152 8870
5615 7422
2474 2882
3515 2622
4709 4604
7709 3265
5646 3737
5980 3266
1652 4946
8374 5386
7078 5519
5997 1113
6927 4408
7048 2048
6876 7535
9438 5095
8820 1544
52 9604
8971 1120
5789 4407
2377 7632
1784 6804
3033 75
