1000 2
8970 1769
2405 3418
857 3427
1947 2570
1480 5218
5387 7495
5683 6478
1044 4166
6130 8304
1626 3100
5467 6912
6291 3809
3992 8213
9781 9615
6206 4049
9093 2571
2895 7531
8644 9753
3266 9385
9575 7772
5549 9667
2066 8826
8330 5507
8305 2563
6645 5150
6249 534
6967 7221
2976 304
1268 9498
9974 8870
3346 3453
3902 5569
554 6706
8075 662
8942 4171
4144 9543
9965 6344
6539 9356
4032 6052
9467 2100
5270 1636
1547 2992
2720 5915
5398 4980
9949 9990
3481 4952
8215 3617
9567 1495
5950 8494
4593 4837
1758 8138
3256 6848
8563 6819
7711 9136
9832 1866
6757 2203
2577 9132
7054 2985
40 7813
6242 9526
3556 151
8524 9814
8651 859
7280 6345
5356 6242
7592 4173
6699 5824
3765 1840
6573 8864
3265 3982
4718 7161
4799 3777
9847 1699
9339 6674
5201 4696
6596 6611
1444 6154
62 9506
5623 8163
9122 1918
5176 5233
2713 2570
6301 9480
1467 2538
1631 1995
4476 3873
9233 6120
9523 9608
3692 6872
1212 4604
323 5462
1272 3781
4709 4604
751 9284
8470 4380
2514 5526
2358 8426
5615 7422
1091 7983
5163 8235
5646 3737
2446 6905
2053 5100
6334 7377
9076 9180
8667 3220
2922 5330
6318 2237
7789 8382
5463 2218
6084 7829
3977 5097
7444 7480
5011 1070
9850 1609
801 5774
5272 6974
5236 7794
9193 6478
6396 8126
8159 9727
8276 5627
6901 1379
1358 8661
7895 3029
4985 6650
8217 7456
2554 1132
3629 9258
2300 9910
670 2591
8684 5759
2447 7476
7414 3535
1891 3328
4244 9821
2278 5222
4469 676
6904 8625
6671 4139
1932 1057
8381 492
6560 1078
9438 5095
1212 7310
6615 5146
6156 8050
7390 2178
5101 531
8953 9934
9335 2054
6202 5981
7627 1149
9249 1709
9996 2033
6086 7726
367 8896
8588 4984
325 7731
738 5976
5858 8584
2699 1877
9050 9374
2402 1249
8386 8862
859 1526
7700 7385
8322 7695
3646 7636
7707 4982
3313 5056
5901 7064
3546 2269
4982 1179
1684 9812
2789 2502
6355 7387
8730 4699
525 4450
5657 8214
9022 5205
7753 5789
5883 9124
7330 1775
5926 9941
1451 2922
5980 3266
4151 6763
5325 2970
52 9604
5370 4383
3657 8347
3818 2169
3635 5174
3327 6042
6499 8174
5904 8282
4541 9006
1405 2058
4090 2300
7995 885
7802 4832
420 9752
3764 2752
9473 7739
1846 1114
5151 9227
2153 107
1646 5606
4537 9483
582 8056
2331 6883
2916 2107
5158 2201
716 5809
9677 8947
7578 9899
3575 5040
4058 8677
3117 1962
2507 6645
5844 1715
5894 2745
7480 246
3068 7534
2852 1801
8227 7598
6280 3020
8683 9099
8631 2154
8971 1120
5233 2826
3022 4619
1498 1668
5815 4389
7917 4227
7925 155
8947 8865
7170 5582
7741 6671
1652 4946
4952 2663
8409 4671
4456 8165
9077 6546
7779 6409
589 6588
8292 6680
7981 9676
3710 3188
8348 1830
3546 2785
6686 3210
9919 9439
3347 4825
6479 9439
9006 3107
7495 1313
4336 5730
6386 590
9345 8889
3123 9539
199 3991
8908 2007
7842 2873
2255 8657
8747 1421
4392 9259
8935 1033
2470 3386
482 928
4979 8737
6536 3263
7759 8930
4629 6895
2853 9831
6569 479
690 5158
9402 4396
1826 9614
4401 5467
1479 8666
9886 65
1910 6486
1472 5494
3870 1006
1276 9832
2620 1968
2511 7810
8204 7720
6826 2644
8050 237
3072 2545
1745 8699
682 7030
7930 2765
5765 4800
9856 1111
8395 3909
3009 9822
8492 8876
145 3824
645 2680
4742 9718
259 7934
1184 3912
2881 4682
2329 3007
7905 2717
9664 850
9516 1953
8209 9447
299 7413
1338 9231
75 2194
9838 819
9652 6398
1886 5104
3636 3752
3714 1707
6147 2116
8968 319
5889 675
7525 9973
2835 1718
4445 4902
3314 5343
7613 8072
458 7428
1141 3265
5215 1231
8573 3838
4634 6124
1781 4771
9420 9964
5526 9419
2350 5833
8495 8445
4021 648
4092 7446
2525 9782
7780 3149
421 4581
6769 4805
4369 9487
8026 1519
6267 5783
9031 1949
2308 61
6742 579
1017 2881
2424 7429
1623 3312
8639 3676
9700 2648
3697 9391
3041 6189
3980 712
395 1312
1080 9599
5118 2145
3010 1617
3291 6500
9201 8730
6255 8316
5093 57
8620 2747
4523 467
4852 2694
607 2358
8955 1592
8394 4447
2043 4813
3823 7363
6738 5584
5702 9381
5187 5904
4656 6213
4855 3358
2550 7563
9738 5085
4040 6560
5962 2945
8822 2340
2678 3983
5368 5437
9885 8223
2423 1811
2011 8040
2337 8424
8395 5499
1859 417
3638 4268
6744 8753
3466 1692
6981 7430
685 3576
1446 8041
7949 2219
406 3327
2116 1122
1697 4182
1942 6860
3638 2202
8820 1544
9241 6499
9234 6769
3319 7164
8303 1453
5481 55
2745 7071
9097 9633
3274 7534
6046 5564
2043 9673
727 9324
4145 9746
5637 7218
8350 8233
5744 5366
4608 4375
4541 7549
4391 2797
4855 86
6681 1001
2660 9110
6682 3709
8027 4538
5240 9101
9156 9403
2338 4159
2058 3771
4444 3436
6756 1774
8972 2453
6345 103
9184 1525
1037 2032
7966 7993
4890 5607
5023 2165
8681 4161
9866 6564
4387 5176
8649 3969
8773 4109
4718 8515
1190 5043
8433 7215
7377 7286
8638 9225
2474 2882
6341 7015
3286 2525
5662 9180
992 105
7958 3109
753 6143
4973 177
8148 1093
9490 6214
7681 9822
8628 8958
648 6580
1270 8644
6927 4408
7767 1464
8608 9835
6684 3704
5705 9473
8680 25
4004 7074
2435 2785
6522 4054
9536 4785
9827 8629
9089 2293
728 5062
8876 9369
5983 7246
9302 3795
5761 2829
5222 4979
8112 1739
4560 4219
30 4527
4167 2859
1419 3190
1906 2610
4816 3610
6287 1556
5016 5048
5187 5819
590 6381
435 486
1879 6344
9022 4883
9557 722
1243 6014
6344 4760
7466 2514
6340 3528
6403 2974
1475 8443
7509 5188
1520 15
7361 3164
3676 3827
1133 1184
7712 9100
9750 6129
5727 3615
6374 8886
2931 1347
9403 337
7427 4107
3759 3539
406 6247
7404 4738
3266 8408
9149 3927
122 4910
8507 2647
7627 6690
5240 9557
3663 2014
9342 1613
969 114
8133 9170
5900 6414
3033 75
8250 96
7907 4034
4237 1773
9519 1815
525 13
3466 691
9052 4490
6130 852
607 5687
4100 9488
949 858
342 8896
3548 5289
4792 693
3724 8981
9434 7795
7078 5519
3326 2378
6349 1039
512 5719
4455 8559
8478 7752
480 2979
284 3192
9113 3809
4808 3402
1771 480
7150 7313
875 6840
4761 578
589 5107
1325 7831
5895 2889
2304 8867
4928 4469
3117 9609
6567 6391
6924 3622
8927 3134
4406 1460
5188 7847
6897 110
3158 8727
6838 21
8549 6403
1265 6516
1301 2542
5423 7292
1915 1408
199 3102
1577 3541
1250 9159
3266 3885
6177 1672
1060 3352
347 1650
2752 3227
6955 6108
759 918
8795 9774
4209 236
8839 7544
1852 8416
2662 2741
3517 9637
5442 2661
4445 4837
4560 754
8491 6742
9775 4769
3967 8916
5128 5541
3178 1685
8643 5292
9329 6790
8886 6027
1351 7642
5454 6583
6485 8123
4889 3787
3166 8209
5739 5569
9664 9367
5609 1525
960 766
7152 8870
1108 5805
9557 8712
9468 6913
540 1985
2655 8865
8048 3666
9573 2681
2795 621
9001 7973
3055 3936
6801 5261
8756 5315
4151 3089
3211 6482
1636 512
3350 1632
5741 3572
8714 6752
8458 388
3098 9385
7052 8030
9192 2314
9124 6086
7193 2864
7048 2048
9021 9987
8310 1699
3416 6134
7541 7946
8971 9262
8695 8603
4400 4238
4091 8092
1715 3828
7709 3265
8432 7992
5210 5552
3914 2044
8000 5884
4874 249
9512 6433
8406 9555
2524 8732
7732 6620
2181 2557
4835 7909
3002 6787
3338 2055
5762 2296
8799 8859
6800 2094
3098 4272
6653 9835
9217 1590
5392 479
6922 4213
914 1774
8198 585
5629 3648
8460 6889
6789 8132
8791 7824
5160 6739
3808 4966
3160 6254
6932 8627
1275 2791
5368 9247
4487 7354
4011 1371
3530 5984
153 1460
9584 1800
4796 953
6656 843
1428 4927
4288 9678
5849 4489
9903 157
3717 3632
9170 6567
6101 5833
8862 5435
1980 190
3400 1879
9139 8009
7894 2906
2773 7210
362 2076
252 8195
940 847
8559 2903
7639 431
4468 3852
4549 735
1568 956
8232 1242
7030 8566
1784 6804
8329 5908
5708 1079
6251 7171
1111 6742
2060 5520
9142 650
4863 6015
5977 3110
5388 5950
9250 8278
8711 6570
8001 519
2621 9982
9200 6971
3158 4636
6120 4096
7937 7149
4698 878
9082 4069
8857 5110
8247 5952
4354 5014
292 4947
4850 7251
751 5724
8943 2010
5494 7804
526 1323
2629 5614
9812 1855
1114 9712
5621 6119
2573 5320
3270 9873
4389 5615
6516 936
7547 8938
8612 1433
2119 4365
4825 3476
9625 4365
8624 8395
1271 8601
2944 4587
2257 2303
7162 6824
5281 7673
7089 7479
8016 2297
2377 7632
6771 7771
7787 6368
3400 2499
3835 907
2970 3091
1926 2074
6864 2301
2573 472
4254 271
5460 7340
7295 3888
8934 510
4618 8767
5787 5604
6043 2669
3258 4219
4826 5991
893 392
5082 3126
1646 3195
1824 47
2866 8222
1480 3079
4381 4029
3835 4169
4866 7267
5339 3654
419 8167
5905 4864
6480 7424
4262 6041
699 5742
5545 5615
2936 4968
2714 9512
866 2185
4956 7783
360 6949
5578 5536
4699 7759
2569 5729
8930 7374
14 4904
2642 4862
3515 2622
4453 2944
626 603
410 3222
268 645
327 187
9120 1111
5633 4327
1740 5965
9322 7914
4606 4641
8786 7706
8982 7783
7724 5516
7512 6460
6978 2005
5036 572
5168 3097
4905 8646
3393 4629
3979 7656
8316 7814
1140 5641
1438 4972
8362 2189
1167 8667
7505 4185
5418 9628
1210 3929
7788 1677
7631 6935
3156 3061
2047 7290
3233 7357
7460 259
6344 8166
8872 6150
2499 8319
8727 4351
8376 5394
9940 2953
4775 3655
4571 3051
5789 4407
7785 1654
8848 2884
757 3992
2522 4504
4448 5895
8301 7589
5752 4157
6370 1858
5650 3927
5778 3946
2265 7145
6876 7535
8014 7516
5160 2528
7271 1853
2836 3101
1473 8907
1573 9315
5415 3986
5046 5200
3512 5827
571 3880
2977 8244
3065 7093
6294 95
4725 1662
2046 2225
832 3629
3487 5387
9489 3197
1555 5429
8664 7495
2457 7932
2994 541
2401 6074
7397 6949
6817 8959
1710 254
37 8032
8745 2735
7744 3450
9259 395
3549 8002
2804 7509
2369 7518
1846 6343
1441 2607
8076 2341
8361 9447
5932 4823
2444 484
4372 1029
1079 2444
682 5103
8465 1942
3087 9497
8548 4145
8654 4880
9447 4040
410 5518
3361 3330
7406 7886
6213 213
882 2359
3586 2897
7135 4519
7489 5689
9130 4569
6940 2998
8352 303
7726 5045
9316 7666
8786 9117
665 977
9020 4158
9843 8081
8817 878
186 4566
3551 9841
8501 773
7728 7390
7788 5899
6022 7690
1690 6269
7894 9503
4324 9378
5537 2926
6715 1536
2387 8503
5997 1113
5254 6098
5352 1661
1401 166
7404 7967
8671 9224
3180 1616
8357 5083
9057 6349
6108 4178
1944 4494
7169 3281
873 6036
1138 6081
4963 8654
8017 1929
5893 3741
4945 6479
4461 5834
8374 5386
865 6420
3244 2458
2484 2474
4039 897
5073 6664
5743 7563
7394 1621
3695 7817
1519 4585
8366 2515
9913 779
5169 5145
1493 4865
1107 5016
6433 2790
1730 9392
9335 490
122 659
9659 4882
6563 5718
7465 9372
7279 3285
5021 5930
1432 5871
8554 9327
4848 9462
9695 6841
2264 5377
3088 5267
7619 2039
7072 8138
6474 7338
1633 3805
3945 4057
4554 7653
4502 1056
2797 833
