1000 2
7048 2048
8501 773
2387 8503
3347 4825
5980 3266
2011 8040
1479 8666
7753 5789
5392 479
1210 3929
410 5518
6474 7338
6101 5833
526 1323
3979 7656
1555 5429
406 3327
2773 7210
6838 21
1646 3195
2447 7476
1473 8907
9076 9180
3123 9539
4541 7549
1079 2444
7592 4173
1684 9812
3530 5984
9234 6769
4799 3777
4369 9487
4039 897
8386 8862
7937 7149
8276 5627
1886 5104
5021 5930
9467 2100
3156 3061
525 4450
7759 8930
3638 4268
3977 5097
1301 2542
2922 5330
1184 3912
7427 4107
4560 4219
7700 7385
3835 907
1325 7831
5240 9557
4262 6041
8159 9727
1451 2922
3393 4629
4091 8092
3512 5827
8638 9225
2642 4862
9342 1613
738 5976
2944 4587
8247 5952
2043 9673
6267 5783
9903 157
5549 9667
4541 9006
7377 7286
3548 5289
6084 7829
5210 5552
4866 7267
6653 9835
8934 510
8112 1739
4354 5014
5023 2165
4979 8737
6345 103
4593 4837
9447 4040
607 5687
1568 956
1167 8667
4392 9259
7627 6690
2835 1718
5093 57
1547 2992
7489 5689
9192 2314
4855 86
6108 4178
5398 4980
6757 2203
5761 2829
6596 6611
6563 5718
6355 7387
3517 9637
1108 5805
4151 3089
8227 7598
2554 1132
8133 9170
3314 5343
3629 9258
8608 9835
9420 9964
9057 6349
5932 4823
9664 9367
1265 6516
2916 2107
5272 6974
3158 8727
5151 9227
949 858
2474 2882
8432 7992
2358 8426
4336 5730
4502 1056
6177 1672
199 3102
5388 5950
4973 177
4372 1029
1111 6742
8305 2563
571 3880
6826 2644
6396 8126
362 2076
3244 2458
8076 2341
4406 1460
1633 3805
2470 3386
5233 2826
2308 61
8972 2453
5623 8163
5537 2926
8651 859
7707 4982
5073 6664
3546 2785
4905 8646
52 9604
8786 9117
323 5462
4560 754
9200 6971
7078 5519
2577 9132
4324 9378
6130 8304
5997 1113
9170 6567
9316 7666
3266 3885
3551 9841
8374 5386
2338 4159
75 2194
4863 6015
6294 95
3361 3330
3914 2044
7802 4832
9031 1949
6516 936
5325 2970
2424 7429
37 8032
7949 2219
9149 3927
8862 5435
8795 9774
5128 5541
2804 7509
122 659
8791 7824
9468 6913
4852 2694
5893 3741
2699 1877
8654 4880
4288 9678
3466 1692
9664 850
2331 6883
1472 5494
512 5719
6671 4139
2745 7071
5215 1231
5752 4157
458 7428
5962 2945
4445 4837
3022 4619
9335 490
875 6840
9217 1590
3117 1962
4209 236
2976 304
8232 1242
7724 5516
5270 1636
5460 7340
7152 8870
7894 2906
8683 9099
5016 5048
4608 4375
5418 9628
6433 2790
645 2680
3759 3539
1419 3190
8366 2515
6206 4049
8971 1120
554 6706
3178 1685
8507 2647
1432 5871
8953 9934
4032 6052
9006 3107
7726 5045
4387 5176
2852 1801
6334 7377
5705 9473
9838 819
8361 9447
9077 6546
9184 1525
865 6420
8714 6752
7711 9136
6656 843
6344 8166
7639 431
5889 675
8680 25
4835 7909
7030 8566
3823 7363
7271 1853
480 2979
4928 4469
751 9284
7631 6935
2853 9831
4826 5991
9996 2033
9241 6499
4476 3873
9335 2054
9402 4396
8876 9369
3400 1879
1879 6344
8204 7720
8631 2154
9022 5205
699 5742
8292 6680
2525 9782
2752 3227
8310 1699
8667 3220
9659 4882
8756 5315
3266 9385
7895 3029
4698 878
1631 1995
5621 6119
540 1985
2524 8732
2329 3007
1906 2610
4554 7653
7619 2039
9345 8889
3041 6189
5046 5200
3258 4219
6924 3622
5905 4864
6567 6391
6386 590
5708 1079
8458 388
3346 3453
648 6580
2435 2785
4629 6895
8695 8603
857 3427
1133 1184
2507 6645
6043 2669
5442 2661
7135 4519
7981 9676
347 1650
6202 5981
3010 1617
4444 3436
5578 5536
1824 47
8381 492
960 766
6403 2974
4445 4902
2550 7563
395 1312
7279 3285
1771 480
7465 9372
893 392
1891 3328
1275 2791
3676 3827
969 114
8250 96
8573 3838
8016 2297
435 486
9050 9374
1910 6486
9625 4365
3180 1616
7788 1677
1017 2881
5778 3946
7054 2985
7150 7313
8935 1033
1270 8644
2446 6905
7613 8072
2931 1347
2678 3983
3326 2378
284 3192
2369 7518
6771 7771
4453 2944
3549 8002
4456 8165
2714 9512
8322 7695
1444 6154
8209 9447
3400 2499
8559 2903
2881 4682
8316 7814
4825 3476
5683 6478
873 6036
8330 5507
1846 6343
7414 3535
9156 9403
4021 648
4461 5834
5815 4389
7509 5188
2713 2570
9557 722
2119 4365
5950 8494
3586 2897
1351 7642
3967 8916
4167 2859
8649 3969
5160 2528
3166 8209
3065 7093
2836 3101
4725 1662
9142 650
406 6247
8048 3666
4254 271
482 928
9843 8081
9827 8629
7466 2514
3808 4966
186 4566
9193 6478
3055 3936
367 8896
5615 7422
5727 3615
8968 319
1358 8661
1740 5965
1138 6081
3818 2169
6130 852
6967 7221
5526 9419
8886 6027
2629 5614
9329 6790
62 9506
5646 3737
8612 1433
4400 4238
582 8056
9438 5095
2895 7531
665 977
2153 107
5977 3110
5281 7673
1268 9498
4855 3358
2264 5377
1519 4585
6901 1379
7525 9973
9519 1815
5467 6912
9259 395
6249 534
4956 7783
4468 3852
3646 7636
589 6588
5187 5904
6927 4408
1697 4182
8395 5499
7406 7886
7193 2864
4775 3655
6147 2116
7712 9100
2514 5526
9052 4490
4092 7446
1942 6860
5118 2145
1577 3541
3697 9391
1243 6014
3663 2014
2621 9982
3072 2545
2977 8244
6022 7690
3002 6787
9022 4883
8460 6889
1271 8601
5789 4407
7925 155
590 6381
5463 2218
8970 1769
360 6949
9738 5085
8406 9555
4742 9718
7512 6460
8664 7495
1715 3828
7495 1313
4718 7161
4874 249
8620 2747
1758 8138
5415 3986
1441 2607
9516 1953
9949 9990
7787 6368
7480 246
4011 1371
6615 5146
6374 8886
9700 2648
3098 9385
2720 5915
7894 9503
8943 2010
4145 9746
7788 5899
5240 9101
3902 5569
8395 3909
8027 4538
2066 8826
690 5158
7728 7390
5894 2745
2377 7632
9490 6214
1745 8699
5423 7292
3286 2525
751 5724
4244 9821
8786 7706
8470 4380
2257 2303
4448 5895
1623 3312
8329 5908
5352 1661
1107 5016
6864 2301
7404 4738
8982 7783
859 1526
9940 2953
5883 9124
6536 3263
670 2591
8350 8233
9339 6674
8409 4671
5370 4383
7709 3265
9567 1495
4982 1179
9866 6564
9523 9608
6789 8132
8491 6742
3313 5056
8799 8859
9473 7739
5633 4327
6738 5584
1091 7983
7052 8030
6522 4054
7789 8382
1636 512
199 3991
1730 9392
2573 5320
2401 6074
9832 1866
2936 4968
3575 5040
7767 1464
8857 5110
5368 5437
8014 7516
1140 5641
7744 3450
1037 2032
7741 6671
914 1774
5254 6098
2573 472
1652 4946
2181 2557
9919 9439
5188 7847
5011 1070
6349 1039
3636 3752
1493 4865
9122 1918
6318 2237
685 3576
4144 9543
4963 8654
1401 166
6301 9480
7917 4227
8549 6403
325 7731
9886 65
8495 8445
8927 3134
8639 3676
753 6143
5744 5366
7681 9822
716 5809
4945 6479
8357 5083
8681 4161
728 5062
5739 5569
5236 7794
7842 2873
5222 4979
6800 2094
589 5107
4004 7074
9856 1111
5650 3927
8947 8865
1044 4166
6120 4096
6569 479
1428 4927
3270 9873
1784 6804
9847 1699
6251 7171
8433 7215
2304 8867
1480 3079
6978 2005
5454 6583
8643 5292
9974 8870
259 7934
2423 1811
7397 6949
3710 3188
268 645
419 8167
9584 1800
8624 8395
6876 7535
1272 3781
3695 7817
4549 735
5901 7064
2043 4813
3515 2622
8930 7374
3160 6254
8730 4699
3835 4169
8817 878
9750 6129
6291 3809
7394 1621
4985 6650
5158 2201
3088 5267
2511 7810
9250 8278
2405 3418
7460 259
9512 6433
30 4527
6922 4213
3657 8347
832 3629
6485 8123
1944 4494
420 9752
5187 5819
7505 4185
3274 7534
4792 693
8588 4984
9913 779
1852 8416
9130 4569
4816 3610
1926 2074
5036 572
153 1460
8524 9814
4040 6560
9021 9987
327 187
9677 8947
6480 7424
759 918
992 105
9124 6086
1690 6269
8727 4351
8671 9224
5101 531
1480 5218
4718 8515
7330 1775
5201 4696
6573 8864
2662 2741
8348 1830
8711 6570
8465 1942
4090 2300
3327 6042
3487 5387
4952 2663
3714 1707
3319 7164
3087 9497
4890 5607
9885 8223
9403 337
2053 5100
7732 6620
3233 7357
3158 4636
5702 9381
2402 1249
1405 2058
5983 7246
1080 9599
727 9324
5176 5233
2116 1122
6715 1536
8303 1453
1520 15
2337 8424
8198 585
145 3824
3546 2269
6769 4805
2457 7932
5168 3097
2795 621
9001 7973
5160 6739
6817 8959
7907 4034
626 603
3266 8408
2350 5833
3980 712
7547 8938
3291 6500
6756 1774
3635 5174
6897 110
6242 9526
8215 3617
8628 8958
7958 3109
410 3222
1498 1668
3211 6482
1212 7310
292 4947
7995 885
2569 5729
7361 3164
4618 8767
5741 3572
122 4910
40 7813
9097 9633
1932 1057
8362 2189
8942 4171
5387 7495
1846 1114
2444 484
3033 75
9302 3795
4571 3051
3256 6848
6340 3528
8822 2340
2789 2502
6742 579
5082 3126
1646 5606
1915 1408
8017 1929
3870 1006
9965 6344
3466 691
8839 7544
6645 5150
9575 7772
1467 2538
7280 6345
4237 1773
1338 9231
5849 4489
8820 1544
1446 8041
8001 519
5787 5604
3350 1632
5339 3654
8492 8876
9201 8730
8217 7456
8773 4109
6344 4760
6955 6108
5765 4800
1250 9159
2265 7145
5368 9247
7779 6409
2522 4504
5356 6242
5637 7218
8848 2884
7072 8138
8376 5394
6086 7726
4058 8677
5545 5615
2060 5520
7089 7479
8684 5759
1475 8443
3717 3632
4151 6763
2255 8657
5858 8584
3117 9609
882 2359
5844 1715
682 7030
1438 4972
4455 8559
3338 2055
9089 2293
9139 8009
4391 2797
9557 8712
6287 1556
2046 2225
1276 9832
9020 4158
8644 9753
4709 4604
9322 7914
3265 3982
7780 3149
3945 4057
299 7413
682 5103
8148 1093
6499 8174
7169 3281
14 4904
6255 8316
6682 3709
866 2185
5657 8214
607 2358
6684 3704
3098 4272
2278 5222
757 3992
4523 467
9695 6841
2058 3771
3724 8981
6213 213
2866 8222
1141 3265
6681 1001
9093 2571
5609 1525
801 5774
8050 237
8352 303
5743 7563
2655 8865
8971 9262
8908 2007
6479 9439
4656 6213
1710 254
1947 2570
4796 953
8548 4145
4889 3787
9536 4785
9781 9615
6046 5564
9812 1855
7390 2178
7295 3888
4606 4641
8075 662
2970 3091
2994 541
1781 4771
4389 5615
8745 2735
4850 7251
1060 3352
342 8896
3009 9822
2660 9110
3992 8213
252 8195
9233 6120
6940 2998
8026 1519
4537 9483
7930 2765
6801 5261
1626 3100
4761 578
4469 676
5895 2889
8478 7752
1190 5043
7627 1149
8301 7589
2797 833
1859 417
9113 3809
5904 8282
8872 6150
7404 7967
1212 4604
6904 8625
6539 9356
9489 3197
1573 9315
6370 1858
9082 4069
1980 190
9850 1609
4401 5467
3481 4952
4699 7759
5481 55
7162 6824
6280 3020
8000 5884
9573 2681
8563 6819
7966 7993
4487 7354
5926 9941
4634 6124
6560 1078
3765 1840
9775 4769
4381 4029
8394 4447
3068 7534
6744 8753
6932 8627
8747 1421
7444 7480
4100 9488
8955 1592
8554 9327
525 13
5163 8235
9120 1111
9434 7795
1826 9614
2620 1968
6341 7015
9249 1709
5494 7804
6981 7430
7905 2717
2499 8319
5169 5145
5762 2296
7541 7946
5662 9180
3764 2752
9652 6398
3638 2202
7578 9899
940 847
7785 1654
421 4581
5900 6414
4848 9462
2484 2474
7170 5582
6699 5824
6156 8050
3416 6134
6686 3210
1114 9712
3556 151
5629 3648
2047 7290
2300 9910
4808 3402
3692 6872
