1000 2
7406 7886
4502 1056
4453 2944
6800 2094
5997 1113
9832 1866
3764 2752
8934 510
8639 3676
4982 1179
8554 9327
2550 7563
751 5724
6046 5564
3546 2269
9489 3197
8276 5627
4476 3873
7767 1464
5240 9557
4092 7446
9659 4882
3967 8916
8348 1830
9124 6086
8247 5952
3808 4966
3180 1616
1633 3805
3117 1962
525 13
8433 7215
2011 8040
2944 4587
2620 1968
9052 4490
9093 2571
6686 3210
2047 7290
5356 6242
5883 9124
9006 3107
482 928
2423 1811
3515 2622
9652 6398
3638 4268
3517 9637
2852 1801
1555 5429
1108 5805
4905 8646
5980 3266
1080 9599
4718 8515
1212 4604
7789 8382
6539 9356
9438 5095
5739 5569
5778 3946
327 187
4151 6763
8695 8603
8908 2007
153 1460
8460 6889
3914 2044
3256 6848
4032 6052
4288 9678
3158 8727
6301 9480
5188 7847
6955 6108
9001 7973
6043 2669
7480 246
9664 9367
7627 6690
3835 4169
2116 1122
5762 2296
8014 7516
9250 8278
2265 7145
8588 4984
2936 4968
5950 8494
7280 6345
8075 662
7907 4034
7779 6409
7193 2864
40 7813
8050 237
690 5158
7711 9136
6838 21
665 977
6596 6611
2789 2502
8927 3134
3945 4057
3178 1685
8292 6680
3160 6254
420 9752
9022 5205
122 4910
5463 2218
8524 9814
2931 1347
5526 9419
2470 3386
1479 8666
3123 9539
4354 5014
4387 5176
8159 9727
9201 8730
2507 6645
2573 472
1037 2032
360 6949
3270 9873
8644 9753
9193 6478
6573 8864
3823 7363
9519 1815
8406 9555
3266 8408
9170 6567
8745 2735
6396 8126
1480 5218
2525 9782
9750 6129
9940 2953
8227 7598
8357 5083
5983 7246
9949 9990
2264 5377
3710 3188
8714 6752
1133 1184
5236 7794
7404 4738
3697 9391
8727 4351
7054 2985
4448 5895
7495 1313
4209 236
4401 5467
3258 4219
6569 479
4090 2300
30 4527
4058 8677
8409 4671
4799 3777
1091 7983
682 5103
589 5107
1944 4494
2569 5729
3575 5040
5646 3737
2046 2225
8366 2515
1272 3781
8756 5315
1405 2058
3416 6134
9097 9633
9567 1495
1577 3541
1547 2992
7466 2514
9113 3809
4244 9821
6433 2790
8112 1739
325 7731
7741 6671
9142 650
9139 8009
421 4581
3361 3330
5325 2970
7788 5899
9523 9608
3346 3453
1824 47
1745 8699
7547 8938
5705 9473
2447 7476
3033 75
37 8032
8930 7374
526 1323
914 1774
1520 15
5977 3110
3319 7164
8817 878
8361 9447
9342 1613
6681 1001
1697 4182
3265 3982
3638 2202
9490 6214
8643 5292
2043 4813
8559 2903
1906 2610
9120 1111
8016 2297
8316 7814
9233 6120
2424 7429
4634 6124
4808 3402
4523 467
6349 1039
2577 9132
4850 7251
940 847
9781 9615
8631 2154
6682 3709
6177 1672
4400 4238
8822 2340
9022 4883
4237 1773
9974 8870
6287 1556
8638 9225
6560 1078
9447 4040
9031 1949
4145 9746
8955 1592
1519 4585
6789 8132
3835 907
8250 96
6817 8959
2308 61
4100 9488
3347 4825
8680 25
4775 3655
7460 259
2522 4504
6924 3622
5657 8214
4725 1662
3098 4272
9827 8629
4372 1029
859 1526
7732 6620
1646 5606
5926 9941
607 5687
8848 2884
7330 1775
3657 8347
1715 3828
8215 3617
3676 3827
9812 1855
5744 5366
2401 6074
3663 2014
5368 5437
4889 3787
4336 5730
5460 7340
3274 7534
6474 7338
3549 8002
3072 2545
7089 7479
1652 4946
5392 479
7505 4185
2511 7810
9516 1953
8303 1453
960 766
7759 8930
1325 7831
9557 8712
9664 850
4167 2859
1472 5494
1401 166
2043 9673
590 6381
3009 9822
2331 6883
6344 4760
5752 4157
1886 5104
5962 2945
8711 6570
75 2194
2699 1877
9850 1609
7709 3265
1212 7310
3692 6872
9217 1590
5233 2826
9149 3927
1351 7642
832 3629
1438 4972
6757 2203
4461 5834
3065 7093
7578 9899
4541 7549
367 8896
3870 1006
4560 754
199 3991
6738 5584
8773 4109
1441 2607
8204 7720
2629 5614
4593 4837
7152 8870
8330 5507
8684 5759
1270 8644
3902 5569
7135 4519
8654 4880
1740 5965
199 3102
8651 859
4021 648
7700 7385
4826 5991
3010 1617
2405 3418
3327 6042
571 3880
8942 4171
2060 5520
9847 1699
4816 3610
7787 6368
7785 1654
3512 5827
3818 2169
7489 5689
3338 2055
2338 4159
1826 9614
9420 9964
1684 9812
4004 7074
9886 65
1432 5871
8395 3909
7995 885
458 7428
5708 1079
9700 2648
4890 5607
9021 9987
6341 7015
8608 9835
7788 1677
1891 3328
6499 8174
5168 3097
1690 6269
7397 6949
8492 8876
875 6840
6864 2301
7295 3888
3717 3632
1444 6154
7966 7993
759 918
3530 5984
8374 5386
7072 8138
6876 7535
1498 1668
9082 4069
8329 5908
5893 3741
3977 5097
3400 2499
1631 1995
5176 5233
3166 8209
5467 6912
3724 8981
9057 6349
2257 2303
1859 417
9625 4365
2866 8222
6769 4805
9473 7739
4254 271
866 2185
2474 2882
8970 1769
7030 8566
4792 693
5849 4489
2835 1718
1141 3265
3646 7636
5623 8163
3765 1840
2514 5526
5905 4864
6479 9439
2745 7071
8791 7824
7414 3535
1138 6081
9866 6564
5858 8584
1107 5016
410 3222
5894 2745
1852 8416
1250 9159
5844 1715
4698 878
7048 2048
6108 4178
6206 4049
3314 5343
753 6143
2720 5915
8301 7589
8573 3838
9913 779
5163 8235
6715 1536
9234 6769
9339 6674
5160 2528
6022 7690
8971 1120
7627 1149
727 9324
728 5062
5815 4389
8395 5499
406 3327
5537 2926
5272 6974
1730 9392
1268 9498
5481 55
5240 9101
8747 1421
9512 6433
6345 103
5637 7218
419 8167
4560 4219
284 3192
4541 9006
8953 9934
2678 3983
6340 3528
5101 531
5160 6739
3636 3752
6267 5783
4629 6895
9345 8889
2153 107
406 6247
323 5462
6567 6391
4040 6560
5046 5200
8549 6403
3714 1707
7377 7286
7937 7149
8862 5435
7895 3029
9302 3795
6294 95
9050 9374
8352 303
3088 5267
2977 8244
5650 3927
2058 3771
9885 8223
7728 7390
7958 3109
5415 3986
4709 4604
52 9604
6522 4054
6084 7829
8362 2189
9335 2054
685 3576
7169 3281
9076 9180
8649 3969
1419 3190
5683 6478
3266 3885
14 4904
5549 9667
8017 1929
801 5774
6255 8316
5368 9247
8839 7544
9130 4569
4445 4837
410 5518
1210 3929
525 4450
8620 2747
347 1650
6967 7221
8217 7456
9575 7772
1446 8041
3481 4952
8198 585
2773 7210
4391 2797
1942 6860
1265 6516
607 2358
6516 936
4618 8767
1111 6742
9843 8081
5021 5930
2402 1249
8624 8395
6742 579
670 2591
8968 319
6249 534
8381 492
4554 7653
3286 2525
8786 7706
8133 9170
5187 5904
3466 691
1758 8138
6656 843
2377 7632
9468 6913
5222 4979
9695 6841
1271 8601
757 3992
5370 4383
8667 3220
3980 712
5418 9628
2752 3227
5609 1525
6130 852
7925 155
7170 5582
857 3427
8612 1433
9249 1709
5082 3126
1781 4771
1473 8907
7150 7313
7724 5516
6901 1379
6280 3020
6756 1774
882 2359
9403 337
6130 8304
1276 9832
3759 3539
7930 2765
2804 7509
2994 541
5352 1661
3068 7534
8458 388
6563 5718
2797 833
7981 9676
1710 254
5789 4407
5743 7563
9329 6790
9322 7914
4825 3476
6826 2644
5727 3615
5201 4696
7894 2906
1475 8443
2435 2785
8048 3666
7465 9372
4469 676
4537 9483
1079 2444
7905 2717
4039 897
4835 7909
4392 9259
3098 9385
9316 7666
1846 1114
4487 7354
9020 4158
3546 2785
9089 2293
3087 9497
1184 3912
4656 6213
5158 2201
7681 9822
9677 8947
6251 7171
5615 7422
2181 2557
8876 9369
2795 621
7639 431
3002 6787
4699 7759
4151 3089
8628 8958
893 392
1114 9712
2278 5222
5128 5541
5545 5615
6771 7771
6480 7424
6744 8753
1167 8667
8820 1544
6086 7726
5254 6098
4979 8737
3548 5289
2714 9512
6355 7387
1646 3195
8943 2010
2881 4682
8478 7752
1626 3100
7279 3285
1301 2542
8972 2453
252 8195
4445 4902
5011 1070
5270 1636
1784 6804
7949 2219
2329 3007
6403 2974
4468 3852
4406 1460
1879 6344
5787 5604
992 105
9965 6344
7802 4832
6932 8627
8305 2563
1915 1408
716 5809
6801 5261
5169 5145
1467 2538
6615 5146
2457 7932
699 5742
5633 4327
8795 9774
7726 5045
3233 7357
3041 6189
5629 3648
2642 4862
8350 8233
5761 2829
6386 590
9856 1111
8947 8865
9192 2314
1190 5043
4963 8654
7404 7967
7444 7480
5454 6583
9335 490
3313 5056
7052 8030
6922 4213
8507 2647
6318 2237
2066 8826
3158 4636
7390 2178
582 8056
8394 4447
8548 4145
9467 2100
6370 1858
6927 4408
9573 2681
5442 2661
4389 5615
4262 6041
8563 6819
145 3824
2484 2474
2446 6905
2350 5833
4742 9718
5187 5819
4848 9462
5118 2145
122 659
2895 7531
1140 5641
2119 4365
3244 2458
2655 8865
4945 6479
4874 249
3992 8213
2387 8503
5281 7673
5093 57
1771 480
9903 157
2053 5100
3695 7817
6344 8166
5210 5552
268 645
1017 2881
8076 2341
645 2680
2499 8319
9738 5085
4863 6015
6202 5981
2970 3091
1980 190
2358 8426
2660 9110
2976 304
8310 1699
8501 773
2662 2741
6147 2116
5494 7804
8786 9117
2916 2107
8322 7695
1947 2570
3556 151
8872 6150
2369 7518
2337 8424
9122 1918
8470 4380
3055 3936
8886 6027
3551 9841
4455 8559
9919 9439
3393 4629
5932 4823
9434 7795
7631 6935
4091 8092
6978 2005
9077 6546
9838 819
8432 7992
6671 4139
4952 2663
2573 5320
8209 9447
2300 9910
8491 6742
1926 2074
7780 3149
5151 9227
362 2076
395 1312
4606 4641
1338 9231
8232 1242
5339 3654
4608 4375
4444 3436
7894 9503
5662 9180
554 6706
2255 8657
5900 6414
4761 578
2304 8867
6904 8625
9584 1800
8386 8862
7917 4227
1451 2922
3635 5174
1568 956
4324 9378
7525 9973
5702 9381
648 6580
9996 2033
9259 395
8148 1093
4144 9543
540 1985
1623 3312
480 2979
6156 8050
5387 7495
3156 3061
4011 1371
5621 6119
589 6588
2621 9982
1932 1057
1243 6014
6536 3263
6897 110
435 486
9241 6499
62 9506
6120 4096
2713 2570
5073 6664
2444 484
512 5719
4855 86
5398 4980
6242 9526
8465 1942
5423 7292
6334 7377
8001 519
6291 3809
7078 5519
3487 5387
1044 4166
2853 9831
3629 9258
7512 6460
4456 8165
3326 2378
5895 2889
4866 7267
7707 4982
1358 8661
5023 2165
2524 8732
1636 512
8857 5110
873 6036
8000 5884
8027 4538
8681 4161
8982 7783
4381 4029
7613 8072
1428 4927
3350 1632
7753 5789
2836 3101
186 4566
8495 8445
1910 6486
8026 1519
4973 177
626 603
4549 735
4718 7161
1480 3079
5901 7064
6684 3704
5889 675
4928 4469
1060 3352
6213 213
8799 8859
299 7413
8971 9262
3211 6482
6699 5824
5741 3572
682 7030
1493 4865
292 4947
4369 9487
6101 5833
7712 9100
949 858
5036 572
7842 2873
7592 4173
1846 6343
9156 9403
5215 1231
5904 8282
7509 5188
7361 3164
8671 9224
259 7934
4571 3051
7427 4107
4796 953
8730 4699
8935 1033
3291 6500
7541 7946
7619 2039
7162 6824
5765 4800
6374 8886
738 5976
9536 4785
1275 2791
8376 5394
9775 4769
5578 5536
6940 2998
5016 5048
865 6420
9402 4396
7744 3450
5388 5950
3979 7656
7271 1853
342 8896
9184 1525
3117 9609
9557 722
6653 9835
2554 1132
7394 1621
3266 9385
6485 8123
3022 4619
4985 6650
3586 2897
3466 1692
8664 7495
6645 5150
3400 1879
751 9284
2922 5330
1573 9315
8683 9099
4855 3358
4956 7783
969 114
9200 6971
6981 7430
4852 2694
