1000 2
3166 8209
8026 1519
5415 3986
5702 9381
5657 8214
7780 3149
5073 6664
4718 7161
8247 5952
4091 8092
6904 8625
3033 75
7767 1464
1167 8667
1441 2607
571 3880
6567 6391
8730 4699
1140 5641
8747 1421
2308 61
589 5107
4058 8677
8465 1942
8027 4538
1141 3265
4541 9006
2447 7476
1879 6344
7726 5045
5368 5437
554 6706
3158 4636
2660 9110
3717 3632
7905 2717
8075 662
6684 3704
2116 1122
6318 2237
9302 3795
2773 7210
9919 9439
3314 5343
3835 907
5858 8584
9838 819
1114 9712
5977 3110
7279 3285
875 6840
2066 8826
9233 6120
7547 8938
122 4910
1479 8666
6101 5833
7078 5519
2446 6905
5743 7563
4608 4375
8554 9327
8361 9447
3517 9637
4725 1662
1271 8601
6817 8959
3347 4825
1111 6742
8862 5435
7981 9676
2795 621
8386 8862
4381 4029
7135 4519
3870 1006
7759 8930
3346 3453
1633 3805
5151 9227
3695 7817
4469 676
8681 4161
8649 3969
3087 9497
6789 8132
590 6381
6800 2094
7394 1621
2554 1132
7397 6949
893 392
4456 8165
5815 4389
367 8896
5222 4979
8695 8603
8376 5394
9342 1613
3657 8347
9700 2648
6301 9480
1758 8138
6086 7726
3350 1632
5901 7064
4336 5730
8050 237
8872 6150
4928 4469
857 3427
7489 5689
7541 7946
1438 4972
9082 4069
2058 3771
3233 7357
7958 3109
9652 6398
1690 6269
8651 859
5036 572
4985 6650
4952 2663
5950 8494
9850 1609
4288 9678
6046 5564
7406 7886
9050 9374
259 7934
3361 3330
6645 5150
2507 6645
3265 3982
7712 9100
9234 6769
9913 779
8612 1433
1467 2538
512 5719
4537 9483
9473 7739
3556 151
8133 9170
8839 7544
8076 2341
3055 3936
6560 1078
2424 7429
62 9506
6536 3263
6686 3210
8000 5884
5176 5233
6386 590
5254 6098
751 9284
7732 6620
2053 5100
5739 5569
4848 9462
6682 3709
7930 2765
1107 5016
6084 7829
4742 9718
3072 2545
4718 8515
7030 8566
5962 2945
8817 878
1133 1184
1351 7642
4523 467
8362 2189
30 4527
1338 9231
5844 1715
7627 1149
4945 6479
5744 5366
3327 6042
5463 2218
4799 3777
421 4581
3692 6872
8727 4351
8406 9555
7390 2178
9949 9990
3902 5569
8501 773
1405 2058
8209 9447
3266 3885
5460 7340
8934 510
6202 5981
8495 8445
969 114
4890 5607
6403 2974
1473 8907
9322 7914
2550 7563
5741 3572
7925 155
1906 2610
5356 6242
5494 7804
8683 9099
9241 6499
8292 6680
1210 3929
4956 7783
865 6420
1915 1408
8791 7824
6485 8123
1636 512
8395 5499
7627 6690
360 6949
6433 2790
9316 7666
3992 8213
8935 1033
3117 1962
1646 5606
5894 2745
9057 6349
2976 304
2499 8319
1684 9812
2511 7810
8573 3838
3400 2499
5609 1525
9573 2681
2621 9982
4387 5176
5883 9124
6769 4805
626 603
6967 7221
5708 1079
1419 3190
7789 8382
4874 249
7907 4034
5398 4980
5705 9473
8664 7495
7802 4832
2577 9132
3759 3539
1250 9159
8639 3676
5578 5536
4863 6015
9677 8947
9664 9367
8433 7215
3765 1840
2435 2785
6955 6108
759 918
9434 7795
9031 1949
8624 8395
5662 9180
2745 7071
7052 8030
8638 9225
3178 1685
8799 8859
8381 492
3629 9258
9076 9180
8460 6889
6370 1858
8955 1592
1547 2992
7444 7480
2866 8222
8971 1120
8857 5110
949 858
8953 9934
8876 9369
8795 9774
7937 7149
8492 8876
5272 6974
3835 4169
7700 7385
5187 5819
8491 6742
6294 95
3551 9841
3823 7363
8667 3220
4151 3089
4354 5014
3244 2458
5423 7292
3098 4272
199 3991
6563 5718
2119 4365
9403 337
2699 1877
9089 2293
7894 9503
7509 5188
7724 5516
7460 259
6653 9835
9575 7772
8432 7992
1740 5965
458 7428
2484 2474
607 2358
1886 5104
4792 693
5997 1113
1852 8416
5646 3737
2043 4813
5201 4696
7169 3281
8680 25
882 2359
6287 1556
3714 1707
2043 9673
5160 2528
8001 519
4698 878
728 5062
5118 2145
1325 7831
7048 2048
1623 3312
9567 1495
9345 8889
8714 6752
1568 956
9695 6841
3211 6482
7193 2864
4973 177
40 7813
7295 3888
1715 3828
2881 4682
8524 9814
37 8032
8930 7374
4866 7267
7894 2906
3818 2169
6108 4178
1401 166
7377 7286
8329 5908
342 8896
4389 5615
6249 534
6901 1379
9122 1918
3636 3752
3098 9385
1493 4865
2153 107
9200 6971
4455 8559
1652 4946
6291 3809
2789 2502
7631 6935
3156 3061
9866 6564
1555 5429
3393 4629
6480 7424
914 1774
9149 3927
8886 6027
5093 57
6681 1001
8943 2010
1212 4604
9584 1800
670 2591
8409 4671
419 8167
8330 5507
7949 2219
3068 7534
4629 6895
1697 4182
8908 2007
751 5724
9843 8081
5621 6119
406 3327
3256 6848
6940 2998
5215 1231
1451 2922
7072 8138
9020 4158
589 6588
3945 4057
480 2979
5467 6912
1926 2074
9022 4883
4461 5834
8276 5627
9974 8870
3546 2269
866 2185
5926 9941
9021 9987
4963 8654
9097 9633
9557 722
9512 6433
960 766
5442 2661
2573 5320
1826 9614
2358 8426
153 1460
2720 5915
7681 9822
299 7413
7728 7390
5629 3648
8322 7695
1446 8041
1265 6516
6213 213
7895 3029
5240 9557
6345 103
5752 4157
4372 1029
7709 3265
757 3992
6251 7171
8204 7720
5904 8282
435 486
6826 2644
8786 9117
406 6247
3117 9609
3977 5097
1358 8661
9339 6674
5188 7847
2524 8732
727 9324
9832 1866
4254 271
5765 4800
9996 2033
9120 1111
4144 9543
186 4566
5270 1636
6043 2669
5762 2296
832 3629
9259 395
2629 5614
940 847
9886 65
9184 1525
8654 4880
1944 4494
8548 4145
9467 2100
1891 3328
6573 8864
5650 3927
4391 2797
7785 1654
52 9604
1017 2881
3724 8981
9827 8629
3980 712
9940 2953
7404 4738
1080 9599
323 5462
6156 8050
5240 9101
395 1312
1276 9832
5236 7794
5370 4383
5895 2889
3291 6500
9856 1111
9193 6478
7495 1313
3530 5984
420 9752
8970 1769
5368 9247
3710 3188
3575 5040
1060 3352
3646 7636
3967 8916
6344 4760
526 1323
5023 2165
8394 4447
9077 6546
3548 5289
5011 1070
3088 5267
8947 8865
7361 3164
4541 7549
2257 2303
5339 3654
6876 7535
4444 3436
7170 5582
3586 2897
7271 1853
5623 8163
690 5158
6130 8304
4905 8646
9557 8712
4476 3873
8470 4380
6355 7387
5983 7246
9903 157
8942 4171
9812 1855
3515 2622
1824 47
6699 5824
2337 8424
1480 5218
1626 3100
8215 3617
2047 7290
1444 6154
8310 1699
9022 5205
2852 1801
2329 3007
6499 8174
3914 2044
6569 479
2278 5222
6522 4054
5637 7218
2011 8040
9420 9964
5537 2926
6177 1672
6771 7771
3546 2785
4808 3402
7741 6671
7592 4173
3009 9822
6927 4408
4453 2944
3065 7093
7280 6345
4090 2300
3010 1617
8014 7516
8631 2154
9192 2314
9885 8223
6334 7377
7639 431
4852 2694
1771 480
9201 8730
9468 6913
3160 6254
9402 4396
7995 885
2046 2225
2994 541
2573 472
9001 7973
2377 7632
2713 2570
3338 2055
8786 7706
8756 5315
6738 5584
4262 6041
9093 2571
284 3192
9124 6086
3022 4619
7707 4982
5778 3946
2369 7518
2916 2107
3270 9873
6756 1774
410 3222
5683 6478
6757 2203
9519 1815
2655 8865
4825 3476
1710 254
6206 4049
7711 9136
9847 1699
4445 4837
9113 3809
4606 4641
1184 3912
1498 1668
6924 3622
3041 6189
1475 8443
6341 7015
6147 2116
5352 1661
6715 1536
1784 6804
8227 7598
6671 4139
2300 9910
4889 3787
8848 2884
2387 8503
2525 9782
8357 5083
582 8056
4634 6124
4011 1371
9170 6567
9142 650
5727 3615
4560 4219
645 2680
753 6143
2405 3418
2895 7531
685 3576
5388 5950
482 928
3313 5056
8773 4109
4209 236
7162 6824
8563 6819
5187 5904
292 4947
7619 2039
5849 4489
4775 3655
4151 6763
1091 7983
8348 1830
4039 897
6742 579
2470 3386
5481 55
9516 1953
4709 4604
5021 5930
8559 2903
5046 5200
8352 303
2401 6074
1190 5043
665 977
2402 1249
9250 8278
8588 4984
1037 2032
8972 2453
5325 2970
145 3824
8301 7589
4324 9378
4100 9488
75 2194
5016 5048
9335 2054
5980 3266
9659 4882
4855 3358
525 13
5168 3097
4796 953
6744 8753
1781 4771
3764 2752
3319 7164
2304 8867
873 6036
8458 388
5101 531
5545 5615
8927 3134
6615 5146
5233 2826
3697 9391
6280 3020
9750 6129
8148 1093
4816 3610
8968 319
7917 4227
3123 9539
5158 2201
8549 6403
3549 8002
6922 4213
2264 5377
9006 3107
3512 5827
2514 5526
7480 246
6396 8126
9139 8009
2835 1718
4021 648
1519 4585
2350 5833
6120 4096
6340 3528
6801 5261
3258 4219
6516 936
2474 2882
6864 2301
199 3102
362 2076
8048 3666
2804 7509
7512 6460
3466 1692
7788 5899
8478 7752
2338 4159
3274 7534
7787 6368
327 187
5549 9667
4554 7653
9664 850
268 645
2331 6883
7842 2873
8507 2647
5169 5145
1520 15
8112 1739
8982 7783
7089 7479
4032 6052
1275 2791
9536 4785
2642 4862
7466 2514
5163 8235
9738 5085
3635 5174
1577 3541
9775 4769
1573 9315
3466 691
6479 9439
5526 9419
8820 1544
801 5774
1730 9392
4571 3051
5905 4864
4835 7909
8684 5759
6596 6611
3416 6134
4092 7446
4468 3852
3676 3827
9335 490
3180 1616
4593 4837
6349 1039
6474 7338
8628 8958
2752 3227
1631 1995
7753 5789
4167 2859
6838 21
992 105
2522 4504
3638 2202
5128 5541
1212 7310
4406 1460
5615 7422
3400 1879
7054 2985
3286 2525
5787 5604
2944 4587
4618 8767
3266 9385
5761 2829
1942 6860
347 1650
4369 9487
2662 2741
2457 7932
410 5518
5082 3126
6897 110
4145 9746
8217 7456
2853 9831
122 659
716 5809
8303 1453
699 5742
4237 1773
3808 4966
9156 9403
9130 4569
4826 5991
9438 5095
1846 6343
5893 3741
525 4450
859 1526
8316 7814
1846 1114
8305 2563
6130 852
2678 3983
2181 2557
8198 585
5281 7673
7414 3535
6978 2005
1480 3079
4850 7251
4656 6213
4502 1056
1272 3781
9447 4040
1980 190
3002 6787
1268 9498
4392 9259
8250 96
1108 5805
1932 1057
8395 3909
607 5687
648 6580
252 8195
4549 735
5392 479
7152 8870
6656 843
1947 2570
8620 2747
9965 6344
4448 5895
14 4904
3638 4268
3266 8408
5633 4327
1079 2444
7744 3450
682 7030
5932 4823
2714 9512
3481 4952
1044 4166
4761 578
5387 7495
5418 9628
3487 5387
3979 7656
5789 4407
8374 5386
8644 9753
2569 5729
7525 9973
8643 5292
1243 6014
4982 1179
5210 5552
8671 9224
9052 4490
1138 6081
738 5976
2265 7145
2936 4968
2255 8657
8366 2515
6344 8166
8822 2340
6022 7690
2931 1347
7613 8072
2922 5330
5900 6414
7427 4107
7465 9372
2620 1968
5160 6739
8159 9727
8016 2297
4004 7074
1472 5494
9781 9615
4855 86
1745 8699
7578 9899
8608 9835
6242 9526
8971 9262
325 7731
2797 833
4244 9821
6255 8316
9490 6214
682 5103
4699 7759
2977 8244
2423 1811
1859 417
3158 8727
1646 3195
1270 8644
8350 8233
9489 3197
2060 5520
7150 7313
6981 7430
6932 8627
7330 1775
9625 4365
2836 3101
540 1985
5454 6583
8232 1242
7404 7967
7966 7993
6267 5783
4445 4902
7788 1677
4979 8737
3663 2014
2970 3091
1910 6486
4040 6560
9329 6790
9217 1590
4401 5467
2444 484
8745 2735
6539 9356
8017 1929
1301 2542
8711 6570
7779 6409
6374 8886
3326 2378
5889 675
4487 7354
9249 1709
9523 9608
1432 5871
4560 754
7505 4185
4400 4238
1428 4927
