1000 2
9965 6344
4956 7783
4400 4238
7780 3149
2337 8424
6291 3809
4835 7909
1784 6804
1419 3190
2066 8826
7052 8030
1301 2542
9335 2054
4698 878
8000 5884
3117 1962
2836 3101
6801 5261
3967 8916
8971 1120
8014 7516
8667 3220
7509 5188
1141 3265
3087 9497
9523 9608
5460 7340
1690 6269
9913 779
3517 9637
4982 1179
9001 7973
8350 8233
9700 2648
4848 9462
2058 3771
4890 5607
3977 5097
526 1323
7495 1313
4039 897
3041 6189
5368 9247
2424 7429
2895 7531
1980 190
2522 4504
2511 7810
1184 3912
607 5687
1325 7831
5739 5569
3088 5267
9302 3795
6838 21
9885 8223
8714 6752
2278 5222
2944 4587
8612 1433
6757 2203
5895 2889
1108 5805
6615 5146
670 2591
6715 1536
5454 6583
6344 8166
1401 166
8727 4351
6287 1556
8643 5292
3466 1692
2655 8865
866 2185
1573 9315
9217 1590
7753 5789
9156 9403
122 659
9329 6790
1710 254
8968 319
9438 5095
5932 4823
4381 4029
2264 5377
8649 3969
7732 6620
3160 6254
1480 3079
8478 7752
7779 6409
1577 3541
3546 2269
1472 5494
9233 6120
8654 4880
7361 3164
525 4450
1859 417
325 7731
8374 5386
9536 4785
4656 6213
2484 2474
6046 5564
3549 8002
6301 9480
5545 5615
7627 6690
3180 1616
8935 1033
406 3327
5983 7246
582 8056
4554 7653
9200 6971
4011 1371
9843 8081
1846 1114
7193 2864
5623 8163
5370 4383
421 4581
9781 9615
3416 6134
4541 9006
5236 7794
8348 1830
3635 5174
6340 3528
5188 7847
2043 9673
3765 1840
1044 4166
1167 8667
873 6036
9856 1111
8209 9447
3158 8727
5442 2661
4476 3873
757 3992
1781 4771
7150 7313
7030 8566
607 2358
1212 4604
3256 6848
8470 4380
4254 271
6955 6108
7271 1853
5894 2745
7894 9503
6479 9439
7711 9136
2405 3418
4985 6650
2936 4968
4742 9718
8366 2515
5883 9124
7894 2906
5778 3946
6901 1379
8839 7544
9886 65
8934 510
7613 8072
5368 5437
8395 5499
7639 431
9249 1709
1519 4585
6904 8625
2423 1811
8492 8876
8395 3909
8198 585
5705 9473
2797 833
4004 7074
5325 2970
1079 2444
9250 8278
6563 5718
9022 4883
6769 4805
2119 4365
832 3629
7279 3285
8303 1453
8394 4447
8664 7495
7592 4173
4461 5834
5926 9941
6653 9835
7905 2717
30 4527
3980 712
8971 9262
8730 4699
5637 7218
2573 472
8276 5627
5118 2145
4775 3655
5240 9101
8001 519
3291 6500
2514 5526
2446 6905
9142 650
8631 2154
3347 4825
8588 4984
327 187
4372 1029
9097 9633
1498 1668
2773 7210
1473 8907
4796 953
8908 2007
1250 9159
2789 2502
1771 480
7427 4107
2265 7145
4889 3787
5977 3110
7958 3109
3638 4268
8756 5315
648 6580
9345 8889
9184 1525
1270 8644
4237 1773
882 2359
9201 8730
512 5719
2043 4813
5467 6912
5578 5536
6084 7829
4799 3777
1758 8138
9750 6129
5950 8494
5905 4864
1520 15
738 5976
8112 1739
4863 6015
4537 9483
5021 5930
8524 9814
1080 9599
8386 8862
1852 8416
4387 5176
4209 236
8820 1544
7280 6345
9420 9964
2474 2882
9677 8947
8681 4161
5210 5552
2525 9782
2835 1718
1623 3312
751 5724
7152 8870
8316 7814
6978 2005
8573 3838
2550 7563
8329 5908
2554 1132
5549 9667
5339 3654
3481 4952
8930 7374
4850 7251
4928 4469
2350 5833
299 7413
3663 2014
4392 9259
3714 1707
5158 2201
3512 5827
9113 3809
2053 5100
9468 6913
6560 1078
6789 8132
4761 578
7397 6949
1910 6486
360 6949
2181 2557
420 9752
6202 5981
4852 2694
252 8195
6681 1001
2377 7632
7726 5045
3400 1879
2499 8319
7460 259
645 2680
5023 2165
1111 6742
7787 6368
8695 8603
6864 2301
9149 3927
395 1312
8651 859
4406 1460
4151 6763
419 8167
8215 3617
8639 3676
4699 7759
5233 2826
9919 9439
1697 4182
8133 9170
14 4904
9490 6214
7966 7993
3327 6042
8376 5394
4952 2663
8076 2341
4288 9678
3265 3982
2795 621
4100 9488
3158 4636
6684 3704
9489 3197
347 1650
1441 2607
1338 9231
1272 3781
5187 5904
7390 2178
292 4947
4979 8737
1446 8041
7404 7967
3326 2378
1428 4927
9124 6086
7949 2219
7547 8938
3319 7164
5128 5541
7707 4982
9077 6546
5609 1525
7541 7946
4855 86
4725 1662
2060 5520
685 3576
5254 6098
9089 2293
1646 5606
8927 3134
8330 5507
8955 1592
6771 7771
3022 4619
4453 2944
2745 7071
6433 2790
992 105
435 486
6922 4213
4487 7354
3835 4169
7048 2048
589 5107
2257 2303
4634 6124
2329 3007
6334 7377
7907 4034
8817 878
5388 5950
7444 7480
8747 1421
1480 5218
5858 8584
6927 4408
5073 6664
5904 8282
699 5742
8972 2453
1432 5871
5494 7804
893 392
4444 3436
3586 2897
7744 3450
7089 7479
1745 8699
9573 2681
7295 3888
7895 3029
4354 5014
5418 9628
7788 5899
5683 6478
5752 4157
9022 5205
2678 3983
6656 843
8458 388
5160 2528
3244 2458
1932 1057
5657 8214
6897 110
8638 9225
6130 8304
4455 8559
1358 8661
4718 7161
5789 4407
8876 9369
940 847
9241 6499
8848 2884
5270 1636
9057 6349
2621 9982
3258 4219
4244 9821
5889 675
9403 337
2457 7932
1275 2791
9192 2314
6341 7015
1944 4494
186 4566
1479 8666
8548 4145
6686 3210
9467 2100
6924 3622
8970 1769
8559 2903
6480 7424
4718 8515
259 7934
5646 3737
5481 55
7406 7886
9082 4069
3178 1685
9557 722
9557 8712
8507 2647
2699 1877
9519 1815
9575 7772
3487 5387
3098 4272
8644 9753
5201 4696
9193 6478
2976 304
4448 5895
1906 2610
40 7813
8501 773
5387 7495
1568 956
6573 8864
362 2076
3546 2785
5046 5200
5392 479
8822 2340
6294 95
3575 5040
6742 579
6280 3020
8624 8395
6738 5584
1405 2058
4905 8646
8352 303
9738 5085
9434 7795
554 6706
5662 9180
9812 1855
1210 3929
3979 7656
8460 6889
9076 9180
8310 1699
9122 1918
8362 2189
9170 6567
9847 1699
5093 57
6344 4760
8075 662
3724 8981
5352 1661
8026 1519
1271 8601
6318 2237
9031 1949
7981 9676
3313 5056
8684 5759
8250 96
8786 7706
1826 9614
1547 2992
6177 1672
8227 7598
2569 5729
9850 1609
4571 3051
1133 1184
3266 9385
4391 2797
9903 157
4606 4641
8301 7589
1351 7642
6940 2998
2573 5320
914 1774
8406 9555
7078 5519
5176 5233
6255 8316
9652 6398
8953 9934
8620 2747
3002 6787
6699 5824
2369 7518
3764 2752
2931 1347
5356 6242
2660 9110
9838 819
3945 4057
525 13
4091 8092
727 9324
1633 3805
3314 5343
8982 7783
571 3880
5633 4327
8050 237
5415 3986
6744 8753
589 6588
590 6381
1879 6344
2444 484
6130 852
9659 4882
3818 2169
52 9604
5187 5819
9827 8629
6374 8886
8322 7695
5215 1231
458 7428
7700 7385
4523 467
8491 6742
4808 3402
4709 4604
3629 9258
2153 107
7619 2039
8048 3666
969 114
5281 7673
5893 3741
8795 9774
7767 1464
6876 7535
2620 1968
9832 1866
410 3222
2447 7476
1646 3195
6932 8627
1107 5016
6682 3709
2852 1801
5997 1113
1276 9832
5765 4800
7785 1654
875 6840
5151 9227
7709 3265
3156 3061
2402 1249
3072 2545
3266 3885
4456 8165
2713 2570
1636 512
6671 4139
2304 8867
3556 151
7627 1149
2866 8222
1886 5104
2922 5330
7377 7286
5787 5604
8361 9447
4058 8677
1652 4946
3266 8408
5741 3572
1037 2032
2116 1122
8628 8958
3697 9391
3759 3539
8247 5952
9473 7739
3466 691
8217 7456
1555 5429
5011 1070
4855 3358
7512 6460
2881 4682
716 5809
8549 6403
4608 4375
2629 5614
8671 9224
690 5158
3123 9539
4445 4837
3098 9385
2714 9512
1915 1408
5169 5145
8942 4171
8357 5083
2642 4862
5537 2926
9516 1953
410 5518
8680 25
1212 7310
5815 4389
6596 6611
9567 1495
751 9284
5615 7422
37 8032
2387 8503
9006 3107
1467 2538
6967 7221
284 3192
7937 7149
3117 9609
8465 1942
8886 6027
406 6247
1475 8443
7170 5582
3914 2044
7404 4738
4560 4219
8711 6570
4389 5615
5762 2296
6120 4096
9625 4365
4618 8767
2300 9910
1017 2881
8872 6150
8148 1093
4151 3089
7505 4185
949 858
4145 9746
6043 2669
7759 8930
9120 1111
3233 7357
2308 61
7525 9973
3033 75
8786 9117
3717 3632
7712 9100
5901 7064
5900 6414
8292 6680
9052 4490
5844 1715
4541 7549
199 3991
6349 1039
4401 5467
7925 155
5463 2218
4262 6041
2401 6074
6499 8174
6516 936
1715 3828
6206 4049
7631 6935
3065 7093
1138 6081
1243 6014
3270 9873
3835 907
5016 5048
4090 2300
2358 8426
3638 2202
7728 7390
6645 5150
540 1985
3166 8209
3692 6872
4629 6895
4021 648
1091 7983
6249 534
9664 850
8016 2297
8017 1929
4502 1056
7489 5689
8204 7720
682 5103
7917 4227
4369 9487
3400 2499
9775 4769
5222 4979
1824 47
8409 4671
2046 2225
8305 2563
1947 2570
4792 693
5849 4489
1060 3352
7741 6671
7930 2765
8027 4538
8773 4109
6086 7726
753 6143
665 977
4963 8654
6403 2974
7054 2985
8799 8859
1114 9712
9335 490
3710 3188
7724 5516
6522 4054
8608 9835
7802 4832
5526 9419
2916 2107
2331 6883
9316 7666
4826 5991
9322 7914
7465 9372
4167 2859
2047 7290
4144 9543
145 3824
3548 5289
7466 2514
8947 8865
3211 6482
7995 885
199 3102
3823 7363
4324 9378
6981 7430
9664 9367
4560 754
9447 4040
8683 9099
3657 8347
7480 246
2977 8244
2507 6645
8159 9727
9050 9374
8433 7215
6022 7690
4874 249
5423 7292
153 1460
3338 2055
5101 531
342 8896
8563 6819
2255 8657
1740 5965
1626 3100
7789 8382
2853 9831
759 918
6826 2644
2524 8732
7681 9822
4866 7267
7162 6824
4336 5730
5980 3266
8495 8445
6569 479
7169 3281
6267 5783
482 928
4445 4902
6242 9526
6147 2116
1891 3328
4040 6560
9342 1613
3515 2622
5727 3615
4973 177
3010 1617
2011 8040
4825 3476
4816 3610
268 645
9234 6769
5744 5366
9940 2953
682 7030
859 1526
6386 590
7330 1775
8432 7992
6396 8126
480 2979
3530 5984
9402 4396
5160 6739
3009 9822
4092 7446
3055 3936
6474 7338
5962 2945
9996 2033
7788 1677
122 4910
2804 7509
3393 4629
5621 6119
4549 735
3551 9841
5702 9381
3068 7534
4032 6052
857 3427
3286 2525
5240 9557
7072 8138
3274 7534
3636 3752
62 9506
9139 8009
9866 6564
6345 103
1190 5043
6156 8050
3676 3827
1730 9392
5082 3126
6108 4178
1493 4865
3350 1632
801 5774
4945 6479
6485 8123
5398 4980
1140 5641
4468 3852
6817 8959
9093 2571
5650 3927
5743 7563
2338 4159
1438 4972
7414 3535
1942 6860
1451 2922
8943 2010
5761 2829
4469 676
1265 6516
1268 9498
2752 3227
75 2194
6251 7171
8791 7824
3346 3453
626 603
6539 9356
2435 2785
7135 4519
6567 6391
3361 3330
5036 572
7842 2873
8381 492
2577 9132
3992 8213
9695 6841
3646 7636
8745 2735
6213 213
3870 1006
6536 3263
2662 2741
6355 7387
9974 8870
2720 5915
3695 7817
6370 1858
2470 3386
3902 5569
323 5462
5163 8235
6800 2094
2994 541
1846 6343
9130 4569
7578 9899
9512 6433
367 8896
6101 5833
5629 3648
8232 1242
2970 3091
8554 9327
9259 395
5168 3097
1926 2074
3808 4966
9020 4158
1631 1995
9021 9987
1684 9812
9949 9990
1444 6154
865 6420
9339 6674
960 766
728 5062
8857 5110
4593 4837
8862 5435
9584 1800
5708 1079
6756 1774
7394 1621
5272 6974
