1000 2
9050 9374
2797 833
1080 9599
7905 2717
8027 4538
8075 662
7052 8030
8458 388
1573 9315
8361 9447
6403 2974
6130 852
728 5062
3676 3827
7981 9676
6396 8126
9403 337
3266 9385
1577 3541
3663 2014
4502 1056
7466 2514
6904 8625
2444 484
6516 936
1438 4972
759 918
9584 1800
6757 2203
3156 3061
525 13
2931 1347
1432 5871
3835 907
4381 4029
5901 7064
4889 3787
4456 8165
8876 9369
2524 8732
1684 9812
4808 3402
7711 9136
1740 5965
1520 15
284 3192
6318 2237
5163 8235
7753 5789
8620 2747
1338 9231
3635 5174
3724 8981
2977 8244
2043 4813
6876 7535
3515 2622
7779 6409
9052 4490
6084 7829
6715 1536
3160 6254
5392 479
8017 1929
2119 4365
9089 2293
3692 6872
6569 479
8000 5884
1568 956
8612 1433
7709 3265
5093 57
2181 2557
122 659
9402 4396
268 645
3098 9385
7741 6671
6567 6391
6671 4139
5637 7218
7279 3285
7613 8072
9192 2314
8366 2515
9250 8278
9847 1699
9866 6564
3914 2044
5761 2829
9057 6349
3266 8408
4058 8677
7788 1677
4354 5014
5118 2145
8348 1830
3548 5289
5962 2945
6838 21
4523 467
2257 2303
2304 8867
9241 6499
8908 2007
1758 8138
8381 492
2522 4504
4167 2859
2043 9673
2789 2502
6817 8959
8232 1242
6355 7387
8563 6819
5158 2201
5169 5145
5849 4489
3487 5387
3361 3330
4032 6052
4011 1371
3256 6848
4606 4641
2629 5614
5494 7804
4629 6895
590 6381
2714 9512
3549 8002
1140 5641
8386 8862
3158 4636
8409 4671
2264 5377
3258 4219
9097 9633
4593 4837
3065 7093
7842 2873
648 6580
8680 25
5894 2745
4455 8559
8639 3676
3556 151
5036 572
9659 4882
9193 6478
5176 5233
8982 7783
410 3222
4874 249
9536 4785
1519 4585
4372 1029
1419 3190
6981 7430
9940 2953
3646 7636
8872 6150
7895 3029
4835 7909
526 1323
6789 8132
8631 2154
6485 8123
4244 9821
5615 7422
8628 8958
9438 5095
9322 7914
6433 2790
1017 2881
5895 2889
7917 4227
1690 6269
9695 6841
6386 590
2358 8426
4718 7161
8217 7456
1633 3805
5657 8214
7505 4185
2507 6645
1167 8667
3835 4169
8148 1093
8352 303
8839 7544
1480 3079
4262 6041
5997 1113
9903 157
7995 885
1947 2570
1138 6081
9259 395
8432 7992
2255 8657
607 2358
9201 8730
3178 1685
4863 6015
8714 6752
4982 1179
7592 4173
1646 5606
8820 1544
2573 5320
299 7413
9170 6567
7404 4738
4039 897
4487 7354
6086 7726
1091 7983
2308 61
1401 166
3274 7534
8886 6027
2424 7429
682 5103
6771 7771
6499 8174
8350 8233
626 603
199 3991
3266 3885
2936 4968
4855 3358
1886 5104
2484 2474
2699 1877
1467 2538
1498 1668
3902 5569
3313 5056
7397 6949
7787 6368
5016 5048
4444 3436
7937 7149
2976 304
2060 5520
4709 4604
7724 5516
690 5158
1555 5429
9664 9367
5623 8163
9516 1953
6645 5150
5926 9941
3977 5097
5765 4800
6927 4408
9781 9615
5629 3648
2511 7810
8573 3838
8654 4880
480 2979
6922 4213
1846 1114
6147 2116
4963 8654
7785 1654
9490 6214
6615 5146
7949 2219
6206 4049
8942 4171
6101 5833
8133 9170
6656 843
4656 6213
1926 2074
8001 519
5545 5615
5537 2926
7541 7946
9567 1495
5415 3986
738 5976
4100 9488
4091 8092
4288 9678
525 4450
2795 621
6213 213
5160 6739
5387 7495
9664 850
6479 9439
685 3576
8292 6680
2457 7932
9913 779
8014 7516
3009 9822
9573 2681
9184 1525
1479 8666
1859 417
8247 5952
3400 1879
4985 6650
8394 4447
2405 3418
8817 878
9512 6433
4392 9259
3657 8347
7789 8382
6955 6108
8491 6742
4209 236
2642 4862
5236 7794
9700 2648
571 3880
4401 5467
1079 2444
1646 3195
1044 4166
7406 7886
3714 1707
2881 4682
5741 3572
6267 5783
2895 7531
5388 5950
9832 1866
7271 1853
4145 9746
145 3824
1446 8041
3808 4966
8460 6889
4792 693
3233 7357
9812 1855
7788 5899
1107 5016
2773 7210
5454 6583
4634 6124
1265 6516
4254 271
7728 7390
7894 9503
992 105
8433 7215
2866 8222
3638 2202
8947 8865
4549 735
8588 4984
186 4566
4151 3089
9750 6129
3517 9637
2066 8826
9420 9964
8786 9117
5526 9419
8215 3617
1846 6343
7193 2864
3291 6500
2836 3101
5254 6098
410 5518
2525 9782
5889 675
949 858
4448 5895
3759 3539
7054 2985
8548 4145
6156 8050
7480 246
859 1526
9142 650
6474 7338
6202 5981
8972 2453
2720 5915
9523 9608
7894 2906
7780 3149
1547 2992
3286 2525
40 7813
1906 2610
4541 9006
6563 5718
482 928
4973 177
589 6588
2337 8424
7152 8870
4979 8737
1212 7310
4890 5607
4369 9487
1451 2922
1891 3328
6287 1556
6539 9356
9996 2033
395 1312
5739 5569
7089 7479
6344 4760
9120 1111
873 6036
8026 1519
6901 1379
9345 8889
8050 237
1932 1057
3319 7164
8822 2340
1480 5218
8549 6403
8747 1421
4799 3777
7627 1149
5082 3126
4952 2663
7578 9899
153 1460
6924 3622
122 4910
914 1774
1428 4927
6596 6611
4855 86
4476 3873
8638 9225
1037 2032
8862 5435
6573 8864
665 977
5339 3654
5752 4157
8357 5083
2852 1801
4004 7074
1781 4771
5151 9227
1271 8601
5932 4823
8671 9224
2470 3386
727 9324
327 187
4389 5615
3393 4629
893 392
5188 7847
5727 3615
7732 6620
5073 6664
5893 3741
866 2185
6800 2094
5633 4327
347 1650
8935 1033
6801 5261
5708 1079
4618 8767
4928 4469
4852 2694
801 5774
4956 7783
3117 9609
2053 5100
3068 7534
2047 7290
5187 5904
512 5719
7390 2178
7444 7480
5187 5819
8501 773
9965 6344
1824 47
6291 3809
4151 6763
6022 7690
4775 3655
1915 1408
367 8896
4144 9543
5442 2661
7631 6935
4461 5834
607 5687
3530 5984
8791 7824
5460 7340
9316 7666
5011 1070
582 8056
3638 4268
1626 3100
1745 8699
8301 7589
5977 3110
8608 9835
8329 5908
8955 1592
2752 3227
9130 4569
682 7030
6932 8627
2331 6883
3636 3752
1697 4182
9919 9439
8971 9262
9843 8081
7509 5188
9020 4158
7489 5689
2621 9982
4469 676
292 4947
7135 4519
7930 2765
9076 9180
8507 2647
8048 3666
4468 3852
3347 4825
4761 578
2655 8865
7377 7286
1475 8443
9652 6398
2153 107
1243 6014
6255 8316
5270 1636
5021 5930
8799 8859
6334 7377
5368 5437
5160 2528
4725 1662
2329 3007
9093 2571
458 7428
7030 8566
2402 1249
8651 859
2916 2107
8664 7495
5789 4407
9077 6546
2569 5729
7767 1464
7404 7967
2550 7563
7078 5519
6686 3210
2350 5833
2713 2570
9122 1918
3180 1616
6756 1774
2835 1718
6826 2644
1771 480
75 2194
8492 8876
1108 5805
9335 2054
9149 3927
8322 7695
4560 754
8848 2884
6249 534
1910 6486
2058 3771
1210 3929
419 8167
8303 1453
2011 8040
8727 4351
6349 1039
969 114
4453 2944
5325 2970
3350 1632
753 6143
6560 1078
9022 4883
3466 691
342 8896
5233 2826
4336 5730
7427 4107
3695 7817
8745 2735
8227 7598
5983 7246
4796 953
8971 1120
1852 8416
7639 431
5778 3946
1879 6344
5646 3737
1730 9392
6177 1672
2554 1132
9021 9987
2620 1968
5950 8494
9335 490
8016 2297
6280 3020
5980 3266
7330 1775
1190 5043
6340 3528
1111 6742
6769 4805
6341 7015
3992 8213
6294 95
882 2359
6653 9835
5240 9101
4040 6560
7700 7385
3123 9539
8756 5315
3211 6482
2401 6074
9200 6971
4387 5176
3710 3188
8795 9774
3765 1840
7512 6460
5215 1231
4324 9378
6682 3709
9827 8629
3055 3936
8554 9327
1715 3828
1980 190
6374 8886
7170 5582
9838 819
2499 8319
9886 65
6522 4054
2678 3983
2338 4159
2278 5222
7460 259
7759 8930
3327 6042
3466 1692
3033 75
6978 2005
5905 4864
1351 7642
2446 6905
8930 7374
1942 6860
7361 3164
1631 1995
4698 878
7547 8938
2922 5330
1133 1184
9856 1111
7465 9372
9139 8009
1441 2607
3945 4057
6301 9480
1944 4494
3586 2897
8927 3134
6699 5824
5046 5200
5222 4979
8649 3969
9557 722
9850 1609
1473 8907
3270 9873
6967 7221
7619 2039
3098 4272
8395 5499
9329 6790
5683 6478
4866 7267
3575 5040
8857 5110
7726 5045
1652 4946
960 766
4554 7653
4571 3051
4445 4837
875 6840
7525 9973
4742 9718
8250 96
2474 2882
2369 7518
751 5724
9467 2100
9031 1949
9156 9403
3546 2269
9557 8712
4400 4238
62 9506
9447 4040
9302 3795
3546 2785
5705 9473
5621 6119
3551 9841
2853 9831
2514 5526
9738 5085
857 3427
2944 4587
360 6949
5128 5541
3512 5827
8683 9099
7048 2048
1444 6154
8559 2903
3265 3982
1710 254
7150 7313
940 847
5201 4696
5702 9381
252 8195
8643 5292
1212 4604
5744 5366
8968 319
8684 5759
6251 7171
8316 7814
7907 4034
716 5809
7925 155
751 9284
9949 9990
362 2076
6242 9526
6345 103
9124 6086
420 9752
5398 4980
7707 4982
8465 1942
8198 585
8711 6570
6742 579
9217 1590
5904 8282
1250 9159
8112 1739
1826 9614
4699 7759
3481 4952
1060 3352
8406 9555
6043 2669
7394 1621
8305 2563
1623 3312
3022 4619
4537 9483
1784 6804
406 3327
6108 4178
1325 7831
7280 6345
6370 1858
5883 9124
2387 8503
3823 7363
4541 7549
3041 6189
3870 1006
5762 2296
406 6247
645 2680
5463 2218
8376 5394
9519 1815
832 3629
9233 6120
8786 7706
5240 9557
2970 3091
8362 2189
865 6420
9022 5205
1184 3912
1636 512
3326 2378
7169 3281
5467 6912
3717 3632
4090 2300
9434 7795
6120 4096
9082 4069
2435 2785
9339 6674
554 6706
699 5742
9342 1613
9001 7973
4718 8515
4945 6479
5352 1661
670 2591
3314 5343
1272 3781
435 486
4905 8646
4825 3476
1275 2791
9113 3809
5844 1715
2994 541
8470 4380
5210 5552
5423 7292
3764 2752
2804 7509
1493 4865
2116 1122
3980 712
8953 9934
7712 9100
7414 3535
6681 1001
4848 9462
5418 9628
6130 8304
421 4581
259 7934
4237 1773
5815 4389
6744 8753
4816 3610
3338 2055
8943 2010
4826 5991
5356 6242
8204 7720
5900 6414
8681 4161
5549 9667
325 7731
8330 5507
5787 5604
8276 5627
8159 9727
3088 5267
8624 8395
199 3102
4021 648
6738 5584
4445 4902
3010 1617
8730 4699
5481 55
5578 5536
3072 2545
9974 8870
8644 9753
6684 3704
1472 5494
1114 9712
8970 1769
7966 7993
3244 2458
9234 6769
4608 4375
9473 7739
7958 3109
3629 9258
589 5107
4560 4219
7744 3450
1358 8661
2265 7145
5101 531
4406 1460
2423 1811
1141 3265
5168 3097
5370 4383
3967 8916
4391 2797
2300 9910
6897 110
2662 2741
5023 2165
9885 8223
6344 8166
5609 1525
5368 9247
9468 6913
30 4527
8478 7752
7681 9822
8395 3909
5858 8584
3002 6787
3166 8209
5281 7673
8667 3220
8773 4109
1276 9832
3979 7656
9006 3107
2447 7476
6046 5564
9489 3197
3400 2499
7802 4832
2377 7632
9775 4769
5662 9180
2745 7071
3087 9497
7162 6824
7495 1313
5650 3927
14 4904
7627 6690
6864 2301
323 5462
8374 5386
757 3992
8495 8445
6536 3263
2573 472
9575 7772
5743 7563
4850 7251
3117 1962
9249 1709
4092 7446
6480 7424
8076 2341
3158 8727
1301 2542
3416 6134
8209 9447
2046 2225
52 9604
3818 2169
3346 3453
1405 2058
8695 8603
6940 2998
9677 8947
8310 1699
9625 4365
1270 8644
540 1985
8934 510
7295 3888
1268 9498
2577 9132
2660 9110
8524 9814
5272 6974
37 8032
7072 8138
3697 9391
