1000 2
3156 3061
2444 484
1250 9159
2629 5614
406 6247
8501 773
9022 5205
685 3576
1133 1184
3117 9609
9142 650
5388 5950
5926 9941
1190 5043
9467 2100
1915 1408
3695 7817
5082 3126
7377 7286
4866 7267
9329 6790
7505 4185
8971 1120
4092 7446
9020 4158
682 5103
3914 2044
6213 213
1926 2074
8684 5759
8756 5315
347 1650
7907 4034
6715 1536
1140 5641
4401 5467
5023 2165
2752 3227
362 2076
8048 3666
8681 4161
8016 2297
1758 8138
8395 3909
7789 8382
3286 2525
4718 7161
122 4910
7427 4107
4982 1179
607 2358
8330 5507
2977 8244
4151 6763
6370 1858
268 645
5169 5145
5962 2945
9052 4490
2358 8426
30 4527
9124 6086
8799 8859
3586 2897
3902 5569
1932 1057
6287 1556
9781 9615
7495 1313
8495 8445
1428 4927
1886 5104
4928 4469
1480 5218
9335 2054
4618 8767
9139 8009
5895 2889
9827 8629
3835 4169
7509 5188
8935 1033
8470 4380
2377 7632
607 5687
8972 2453
2852 1801
4406 1460
8322 7695
8968 319
8651 859
6681 1001
2257 2303
7512 6460
3512 5827
2522 4504
3009 9822
9812 1855
6433 2790
3765 1840
3823 7363
284 3192
7732 6620
5657 8214
6744 8753
5743 7563
3400 2499
8711 6570
9193 6478
9584 1800
9677 8947
6499 8174
1646 5606
8409 4671
8492 8876
153 1460
4369 9487
1138 6081
3314 5343
9885 8223
7397 6949
7525 9973
2577 9132
4444 3436
590 6381
8930 7374
7681 9822
3266 3885
4461 5834
7895 3029
8204 7720
6355 7387
9659 4882
8638 9225
3546 2785
6904 8625
8310 1699
3166 8209
5158 2201
873 6036
8316 7814
5016 5048
751 9284
7406 7886
9625 4365
8017 1929
6826 2644
9919 9439
6596 6611
9847 1699
7780 3149
8554 9327
2060 5520
4945 6479
2470 3386
2524 8732
5815 4389
3835 907
1351 7642
419 8167
1519 4585
3123 9539
1944 4494
6291 3809
1338 9231
4456 8165
6249 534
2573 472
6800 2094
5187 5819
1276 9832
4775 3655
1080 9599
2621 9982
9082 4069
6147 2116
6341 7015
8305 2563
1472 5494
5460 7340
8209 9447
8026 1519
5744 5366
7728 7390
8374 5386
7152 8870
5240 9101
8247 5952
5036 572
6569 479
5093 57
751 5724
1633 3805
3327 6042
5609 1525
9339 6674
9512 6433
6922 4213
6771 7771
7894 2906
6789 8132
1212 4604
7787 6368
5727 3615
2369 7518
1479 8666
2745 7071
1577 3541
992 105
2457 7932
3361 3330
7905 2717
4571 3051
8198 585
2046 2225
8524 9814
6340 3528
8362 2189
8714 6752
435 486
5387 7495
2119 4365
6955 6108
4039 897
960 766
8357 5083
6769 4805
7995 885
7135 4519
3041 6189
342 8896
8791 7824
1480 3079
5578 5536
9700 2648
8820 1544
1243 6014
9996 2033
7394 1621
4354 5014
5844 1715
801 5774
360 6949
2916 2107
4855 3358
4560 4219
4629 6895
7639 431
3657 8347
9234 6769
2047 7290
5615 7422
5646 3737
5900 6414
2255 8657
6801 5261
1646 3195
7966 7993
8112 1739
7631 6935
4541 9006
6645 5150
5705 9473
5101 531
4448 5895
5418 9628
4537 9483
5481 55
4021 648
8395 5499
6206 4049
8908 2007
7937 7149
5352 1661
2181 2557
8217 7456
5904 8282
8352 303
9021 9987
7404 4738
9089 2293
5621 6119
6967 7221
8133 9170
3759 3539
199 3102
8970 1769
7627 1149
2713 2570
5454 6583
9775 4769
7089 7479
7788 5899
6479 9439
9664 9367
1879 6344
6344 4760
540 1985
9567 1495
7295 3888
4826 5991
5789 4407
4381 4029
4469 676
1980 190
5210 5552
3466 1692
3178 1685
5236 7794
5629 3648
7785 1654
1784 6804
4718 8515
4656 6213
7465 9372
699 5742
8563 6819
367 8896
8620 2747
8649 3969
3244 2458
3466 691
8927 3134
1631 1995
458 7428
4890 5607
5467 6912
2895 7531
4698 878
8795 9774
7414 3535
1690 6269
7480 246
4209 236
2795 621
8432 7992
648 6580
525 13
9695 6841
4389 5615
4634 6124
3117 1962
759 918
5858 8584
9652 6398
4889 3787
7592 4173
1730 9392
2720 5915
7162 6824
9316 7666
3530 5984
259 7934
5240 9557
8001 519
8465 1942
6108 4178
3980 712
3638 2202
6280 3020
6474 7338
665 977
40 7813
7404 7967
3992 8213
9031 1949
5281 7673
3638 4268
8955 1592
4244 9821
3098 9385
2053 5100
2043 9673
8394 4447
3256 6848
940 847
3347 4825
9322 7914
6101 5833
1715 3828
8460 6889
3487 5387
3010 1617
9259 395
1498 1668
5889 675
9750 6129
3575 5040
3346 3453
7779 6409
2401 6074
4453 2944
7709 3265
2507 6645
7711 9136
1017 2881
8786 7706
5442 2661
8301 7589
4952 2663
1444 6154
3313 5056
8671 9224
6084 7829
6684 3704
1906 2610
7744 3450
9241 6499
8822 2340
480 2979
5526 9419
1520 15
4852 2694
4288 9678
3710 3188
4400 4238
7072 8138
3663 2014
8624 8395
1438 4972
645 2680
5254 6098
6301 9480
482 928
7917 4227
4237 1773
8076 2341
2338 4159
9850 1609
5761 2829
6294 95
9335 490
3714 1707
2573 5320
8050 237
9156 9403
7741 6671
9489 3197
9077 6546
6255 8316
865 6420
8366 2515
753 6143
9940 2953
8406 9555
6386 590
893 392
2881 4682
8644 9753
5849 4489
4825 3476
6242 9526
6396 8126
5118 2145
3022 4619
4391 2797
8839 7544
4372 1029
1910 6486
3265 3982
9420 9964
3646 7636
4608 4375
2278 5222
2620 1968
866 2185
9447 4040
4144 9543
7842 2873
1740 5965
757 3992
3211 6482
9006 3107
2511 7810
9022 4883
75 2194
3160 6254
2970 3091
5894 2745
8386 8862
6251 7171
4254 271
3692 6872
2265 7145
8886 6027
3158 8727
1037 2032
37 8032
186 4566
9402 4396
325 7731
914 1774
8014 7516
3088 5267
4863 6015
327 187
5650 3927
3548 5289
2116 1122
9149 3927
8872 6150
3072 2545
3977 5097
3033 75
4725 1662
7390 2178
9557 8712
4848 9462
8639 3676
6374 8886
9403 337
2789 2502
7724 5516
2866 8222
4742 9718
5128 5541
7788 1677
6046 5564
9516 1953
7054 2985
7048 2048
4855 86
3270 9873
5021 5930
2474 2882
3291 6500
3967 8916
2331 6883
5160 2528
5494 7804
6318 2237
5883 9124
6344 8166
4761 578
2550 7563
690 5158
3338 2055
5545 5615
859 1526
3717 3632
6120 4096
1710 254
832 3629
4699 7759
727 9324
3808 4966
5905 4864
4502 1056
9120 1111
3676 3827
4040 6560
7930 2765
8507 2647
8680 25
6086 7726
9130 4569
8350 8233
4324 9378
299 7413
9473 7739
7949 2219
8478 7752
3274 7534
2525 9782
6876 7535
8745 2735
8381 492
6924 3622
410 5518
4011 1371
8227 7598
5163 8235
2931 1347
2835 1718
8573 3838
5392 479
5983 7246
8559 2903
7078 5519
5233 2826
7759 8930
4487 7354
1167 8667
3158 4636
5187 5904
3087 9497
3350 1632
1745 8699
2662 2741
9856 1111
2569 5729
1942 6860
8000 5884
7169 3281
9201 8730
9974 8870
4850 7251
5932 4823
3517 9637
4541 7549
6043 2669
6573 8864
6480 7424
7700 7385
4445 4837
9886 65
1114 9712
4523 467
626 603
2350 5833
8148 1093
1141 3265
9913 779
5398 4980
1272 3781
8862 5435
2773 7210
7361 3164
7753 5789
5549 9667
6864 2301
2797 833
8876 9369
6156 8050
5370 4383
3636 3752
8934 510
9192 2314
7712 9100
3180 1616
1568 956
3393 4629
2514 5526
7489 5689
1859 417
5368 5437
1184 3912
5708 1079
1301 2542
2836 3101
1108 5805
1891 3328
8817 878
9345 8889
1473 8907
8608 9835
3068 7534
3551 9841
2424 7429
7271 1853
6742 579
1852 8416
6539 9356
4145 9746
1451 2922
1107 5016
5215 1231
3098 4272
8971 9262
8588 4984
6981 7430
8786 9117
9557 722
5270 1636
3870 1006
8654 4880
6345 103
1467 2538
554 6706
5893 3741
4709 4604
2936 4968
8549 6403
5222 4979
5151 9227
4874 249
7925 155
2153 107
4606 4641
2066 8826
1441 2607
5702 9381
8727 4351
7619 2039
1947 2570
5339 3654
526 1323
2387 8503
728 5062
6932 8627
4091 8092
1846 6343
8276 5627
3546 2269
738 5976
4262 6041
8664 7495
4392 9259
8215 3617
4004 7074
5901 7064
5633 4327
3002 6787
9490 6214
5623 8163
1405 2058
3233 7357
8857 5110
6536 3263
4151 3089
1419 3190
571 3880
6522 4054
6897 110
4032 6052
2853 9831
1275 2791
4387 5176
1555 5429
6516 936
7280 6345
3326 2378
882 2359
6656 843
9217 1590
3945 4057
6485 8123
1325 7831
3556 151
582 8056
4979 8737
9519 1815
8773 4109
7547 8938
3635 5174
1547 2992
7627 6690
7981 9676
6130 8304
9050 9374
5980 3266
4455 8559
8942 4171
8458 388
5997 1113
6940 2998
512 5719
6177 1672
8848 2884
4593 4837
3400 1879
7767 1464
1846 1114
5537 2926
8232 1242
7578 9899
8953 9934
1684 9812
4468 3852
2058 3771
7894 9503
3515 2622
9438 5095
9200 6971
5950 8494
2405 3418
3266 8408
2446 6905
1826 9614
2994 541
5272 6974
6927 4408
8303 1453
5787 5604
9536 4785
5073 6664
4336 5730
9250 8278
1358 8661
8730 4699
9302 3795
2944 4587
5683 6478
5423 7292
7613 8072
8491 6742
8159 9727
7030 8566
7958 3109
3481 4952
8348 1830
2435 2785
8361 9447
7466 2514
1824 47
2922 5330
7460 259
4956 7783
3266 9385
5662 9180
9832 1866
420 9752
5741 3572
145 3824
8947 8865
4796 953
1111 6742
2264 5377
5168 3097
9965 6344
4905 8646
9076 9180
3979 7656
395 1312
8643 5292
9523 9608
2499 8319
3724 8981
9949 9990
6563 5718
9903 157
9249 1709
8747 1421
7330 1775
2011 8040
6978 2005
9057 6349
3065 7093
1446 8041
8683 9099
1475 8443
292 4947
3258 4219
8075 662
1091 7983
1212 7310
5765 4800
1265 6516
7444 7480
2976 304
949 858
4560 754
9170 6567
1573 9315
3055 3936
5368 9247
1432 5871
9113 3809
3416 6134
857 3427
7193 2864
14 4904
8982 7783
5046 5200
5201 4696
6699 5824
6901 1379
8292 6680
252 8195
323 5462
8695 8603
3629 9258
2300 9910
2043 4813
2678 3983
8628 8958
9093 2571
4058 8677
2447 7476
8631 2154
406 3327
4445 4902
421 4581
670 2591
1771 480
9122 1918
1271 8601
5325 2970
9575 7772
2554 1132
122 659
3549 8002
2655 8865
1781 4771
9001 7973
52 9604
5356 6242
969 114
2642 4862
6817 8959
2308 61
589 5107
6671 4139
875 6840
9838 819
7279 3285
5160 6739
1493 4865
9184 1525
6615 5146
9664 850
9233 6120
9738 5085
1060 3352
9866 6564
4792 693
5762 2296
5739 5569
6202 5981
5463 2218
1636 512
8329 5908
1079 2444
4808 3402
9342 1613
1623 3312
3319 7164
4090 2300
682 7030
6267 5783
1697 4182
6560 1078
5176 5233
6686 3210
5188 7847
2304 8867
3697 9391
8548 4145
1044 4166
7170 5582
2337 8424
7802 4832
1210 3929
8250 96
4816 3610
1626 3100
3818 2169
8433 7215
8376 5394
1268 9498
2804 7509
2699 1877
5752 4157
7052 8030
525 4450
8027 4538
7541 7946
4476 3873
6130 852
62 9506
4799 3777
3764 2752
2484 2474
6738 5584
5011 1070
6567 6391
8612 1433
6756 1774
6838 21
1652 4946
9468 6913
7150 7313
9843 8081
4835 7909
4167 2859
6334 7377
6403 2974
716 5809
2402 1249
4985 6650
589 6588
7707 4982
199 3991
9434 7795
1270 8644
1401 166
5977 3110
5778 3946
6653 9835
4963 8654
2329 3007
2423 1811
4554 7653
6022 7690
9097 9633
2660 9110
2714 9512
6682 3709
8943 2010
4973 177
9573 2681
5637 7218
4100 9488
8667 3220
7726 5045
410 3222
5415 3986
6757 2203
6349 1039
4549 735
