1000 2
2116 1122
7905 2717
5650 3927
8232 1242
6653 9835
7711 9136
727 9324
5900 6414
3361 3330
8048 3666
8953 9934
9139 8009
940 847
9447 4040
7724 5516
9659 4882
480 2979
7842 2873
6287 1556
8695 8603
8756 5315
1846 6343
3393 4629
5905 4864
9919 9439
4848 9462
122 4910
5423 7292
1771 480
6955 6108
8631 2154
2976 304
2936 4968
7054 2985
5926 9941
6479 9439
8303 1453
9322 7914
2265 7145
2577 9132
5272 6974
2922 5330
607 5687
7271 1853
6130 852
3055 3936
801 5774
3158 8727
1338 9231
6596 6611
4890 5607
5201 4696
3586 2897
873 6036
969 114
6699 5824
6267 5783
199 3102
7802 4832
4262 6041
8680 25
6251 7171
4541 7549
6756 1774
4850 7251
8612 1433
5442 2661
3717 3632
5702 9381
4444 3436
3517 9637
9775 4769
3676 3827
5762 2296
1438 4972
8209 9447
8016 2297
8227 7598
6345 103
9124 6086
3123 9539
6355 7387
4541 9006
6516 936
2257 2303
2507 6645
6084 7829
3002 6787
3629 9258
699 5742
1432 5871
9234 6769
3692 6872
8292 6680
8639 3676
2331 6883
8934 510
3556 151
3823 7363
3714 1707
5398 4980
8649 3969
9489 3197
2836 3101
1636 512
8971 1120
6686 3210
2308 61
5215 1231
3072 2545
3835 907
4151 6763
9519 1815
960 766
4448 5895
5187 5904
7509 5188
5932 4823
4905 8646
8352 303
3870 1006
2435 2785
7917 4227
1441 2607
1111 6742
716 5809
4928 4469
8573 3838
4151 3089
5168 3097
3350 1632
3256 6848
2514 5526
2278 5222
1472 5494
9490 6214
5016 5048
292 4947
4606 4641
7753 5789
4855 3358
5708 1079
3638 4268
8588 4984
8972 2453
4699 7759
6043 2669
1475 8443
728 5062
5815 4389
9949 9990
2642 4862
9403 337
6255 8316
5368 5437
5621 6119
1079 2444
8664 7495
8491 6742
8549 6403
7592 4173
2350 5833
4387 5176
2573 5320
3646 7636
6108 4178
8376 5394
4406 1460
6046 5564
9120 1111
2621 9982
7958 3109
832 3629
4852 2694
6349 1039
8644 9753
5233 2826
5849 4489
2752 3227
3977 5097
2522 4504
9250 8278
9052 4490
525 13
7788 5899
9001 7973
8970 1769
8361 9447
9913 779
1932 1057
5657 8214
1358 8661
9850 1609
4629 6895
2662 2741
1272 3781
7995 885
949 858
5073 6664
2447 7476
9149 3927
4656 6213
6318 2237
7895 3029
6742 579
5187 5819
1745 8699
5467 6912
7525 9973
1915 1408
323 5462
5761 2829
9217 1590
8942 4171
5240 9557
9847 1699
554 6706
3338 2055
4549 735
1715 3828
6897 110
4011 1371
9523 9608
8329 5908
406 6247
6876 7535
2046 2225
4866 7267
8310 1699
1419 3190
4537 9483
866 2185
2678 3983
4502 1056
6341 7015
5036 572
4040 6560
1479 8666
8681 4161
1910 6486
2866 8222
682 5103
8786 9117
1480 3079
8076 2341
419 8167
5977 3110
8773 4109
145 3824
1646 5606
6940 2998
8159 9727
3549 8002
4742 9718
5549 9667
3088 5267
7505 4185
9473 7739
8465 1942
5281 7673
9557 8712
7779 6409
9827 8629
9652 6398
9113 3809
3319 7164
590 6381
8374 5386
1268 9498
410 5518
5789 4407
40 7813
8322 7695
4560 754
7495 1313
4100 9488
5743 7563
2011 8040
1444 6154
9050 9374
7547 8938
9832 1866
3117 1962
2043 9673
9512 6433
8817 878
7627 6690
2970 3091
5163 8235
9843 8081
2773 7210
1519 4585
5392 479
5210 5552
5082 3126
5481 55
8075 662
2446 6905
7406 7886
1212 7310
4391 2797
4288 9678
3087 9497
7788 1677
327 187
5526 9419
1493 4865
3416 6134
9812 1855
5901 7064
5962 2945
1652 4946
9097 9633
1301 2542
5387 7495
2300 9910
7767 1464
2474 2882
3266 9385
7466 2514
7404 4738
607 2358
6567 6391
3009 9822
9468 6913
8747 1421
4400 4238
2423 1811
4058 8677
6904 8625
2369 7518
4775 3655
6539 9356
5160 2528
6536 3263
3697 9391
8050 237
7169 3281
7789 8382
857 3427
2387 8503
8927 3134
3033 75
1271 8601
6738 5584
3980 712
6242 9526
5844 1715
2931 1347
9434 7795
2720 5915
8507 2647
8745 2735
4560 4219
8654 4880
1784 6804
4389 5615
8492 8876
2470 3386
347 1650
9076 9180
3657 8347
1573 9315
4209 236
6932 8627
859 1526
1631 1995
1140 5641
1781 4771
2424 7429
9249 1709
5537 2926
3466 1692
5046 5200
8820 1544
3266 3885
5545 5615
9557 722
6569 479
1473 8907
3160 6254
186 4566
6291 3809
2895 7531
8667 3220
9750 6129
6344 8166
9940 2953
5629 3648
4792 693
5460 7340
9335 490
4091 8092
8559 2903
1265 6516
8620 2747
4855 86
5356 6242
526 1323
6838 21
1351 7642
8908 2007
2852 1801
2377 7632
4889 3787
9856 1111
9020 4158
9677 8947
5254 6098
7787 6368
1947 2570
7639 431
2119 4365
8301 7589
6800 2094
2402 1249
6344 4760
7135 4519
362 2076
8671 9224
284 3192
7152 8870
1114 9712
8982 7783
2511 7810
7390 2178
9022 5205
9233 6120
9584 1800
8276 5627
1451 2922
626 603
4571 3051
3710 3188
7427 4107
9965 6344
6433 2790
2066 8826
9192 2314
3546 2785
395 1312
4445 4837
4354 5014
3967 8916
6864 2301
6615 5146
5325 2970
9838 819
2994 541
5904 8282
5615 7422
8554 9327
4254 271
2944 4587
893 392
1212 4604
3808 4966
3512 5827
7712 9100
8714 6752
9093 2571
2337 8424
8862 5435
1275 2791
5578 5536
5778 3946
5727 3615
9130 4569
9625 4365
3270 9873
2573 472
5787 5604
1060 3352
5609 1525
2881 4682
4336 5730
5895 2889
4392 9259
199 3991
4725 1662
1480 5218
2255 8657
2804 7509
6715 1536
540 1985
5893 3741
4369 9487
5011 1070
3818 2169
2053 5100
6206 4049
3636 3752
4445 4902
3945 4057
3914 2044
9122 1918
8000 5884
7907 4034
5454 6583
6922 4213
9886 65
1646 3195
3546 2269
8727 4351
5222 4979
9345 8889
6480 7424
4825 3476
6213 213
1184 3912
8501 773
2047 7290
6981 7430
5158 2201
2789 2502
3065 7093
7894 2906
1107 5016
7759 8930
9184 1525
6671 4139
2444 484
8791 7824
9516 1953
299 7413
3695 7817
8112 1739
7930 2765
1626 3100
3326 2378
5128 5541
3041 6189
589 6588
482 928
5637 7218
1467 2538
7460 259
1690 6269
9057 6349
7631 6935
2060 5520
6403 2974
3022 4619
757 3992
9536 4785
6901 1379
3765 1840
8305 2563
9996 2033
9156 9403
360 6949
5352 1661
9170 6567
5623 8163
3211 6482
8848 2884
1859 417
7966 7993
5339 3654
1080 9599
751 9284
6101 5833
8930 7374
7078 5519
8971 9262
7052 8030
4032 6052
7541 7946
4835 7909
8348 1830
1405 2058
259 7934
5160 6739
7048 2048
1270 8644
1846 1114
3178 1685
4963 8654
7030 8566
4237 1773
421 4581
3551 9841
6130 8304
2745 7071
4487 7354
8563 6819
3466 691
8198 585
1108 5805
5739 5569
5370 4383
6022 7690
30 4527
7414 3535
5494 7804
6499 8174
4039 897
8366 2515
690 5158
5270 1636
4945 6479
6334 7377
9329 6790
682 7030
6817 8959
8133 9170
2713 2570
6202 5981
4761 578
738 5976
9302 3795
9259 395
8460 6889
6522 4054
8799 8859
1276 9832
7627 1149
7780 3149
8395 3909
1091 7983
9193 6478
4718 8515
2499 8319
1555 5429
9201 8730
8458 388
2797 833
6645 5150
5463 2218
2699 1877
8947 8865
2620 1968
9781 9615
1852 8416
2853 9831
9885 8223
5646 3737
1980 190
9438 5095
2401 6074
1401 166
4090 2300
9031 1949
4167 2859
4979 8737
9089 2293
410 3222
5858 8584
8250 96
4456 8165
6374 8886
4982 1179
1446 8041
7377 7286
4709 4604
6789 8132
8628 8958
9241 6499
1697 4182
5021 5930
6563 5718
7785 1654
8330 5507
5236 7794
2264 5377
8386 8862
4608 4375
8643 5292
8394 4447
6474 7338
4956 7783
6301 9480
8148 1093
7170 5582
8730 4699
3010 1617
7072 8138
2058 3771
3274 7534
2484 2474
6681 1001
1891 3328
8683 9099
7894 9503
645 2680
4372 1029
2977 8244
882 2359
5188 7847
7949 2219
342 8896
8495 8445
4453 2944
1498 1668
6280 3020
512 5719
9974 8870
914 1774
4796 953
665 977
8839 7544
9420 9964
4874 249
8017 1929
2181 2557
5169 5145
2835 1718
6771 7771
3180 1616
5997 1113
6560 1078
7709 3265
8215 3617
8624 8395
3548 5289
1684 9812
62 9506
5415 3986
5683 6478
7512 6460
5093 57
2629 5614
4401 5467
5662 9180
458 7428
8316 7814
1740 5965
7489 5689
9077 6546
6573 8864
1547 2992
751 5724
753 6143
525 4450
3481 4952
9700 2648
3346 3453
6656 843
7330 1775
1906 2610
4634 6124
7193 2864
6294 95
14 4904
4004 7074
8872 6150
582 8056
3233 7357
4381 4029
2569 5729
759 918
2524 8732
8876 9369
3400 1879
9866 6564
406 3327
8001 519
122 659
420 9752
4523 467
8795 9774
2655 8865
1325 7831
1520 15
3347 4825
1942 6860
6924 3622
4455 8559
7280 6345
1017 2881
8943 2010
6120 4096
7741 6671
8478 7752
1826 9614
7681 9822
3764 2752
6485 8123
4593 4837
8651 859
2457 7932
7394 1621
3266 8408
3098 4272
9021 9987
5101 531
3759 3539
8470 4380
6927 4408
1824 47
5151 9227
9335 2054
7444 7480
2329 3007
2660 9110
153 1460
8362 2189
7480 246
4808 3402
2338 4159
8638 9225
9575 7772
8027 4538
3291 6500
4461 5834
5894 2745
7744 3450
3515 2622
4021 648
3156 3061
75 2194
252 8195
325 7731
8217 7456
9316 7666
5023 2165
8409 4671
3400 2499
1633 3805
8786 7706
7361 3164
1037 2032
5889 675
7726 5045
5741 3572
9664 9367
5883 9124
2304 8867
8968 319
8247 5952
268 645
6177 1672
9342 1613
5752 4157
5118 2145
8608 9835
6744 8753
6967 7221
6147 2116
7578 9899
7937 7149
2525 9782
3902 5569
4698 878
5240 9101
1190 5043
670 2591
7150 7313
1138 6081
3314 5343
367 8896
8548 4145
2916 2107
3117 9609
8014 7516
8433 7215
6249 534
7981 9676
2043 4813
6386 590
5388 5950
4468 3852
8857 5110
2714 9512
3487 5387
9467 2100
5176 5233
3992 8213
1044 4166
5950 8494
3098 9385
7925 155
4799 3777
5744 5366
3663 2014
6156 8050
7613 8072
4476 3873
1730 9392
8955 1592
7295 3888
4092 7446
3327 6042
9738 5085
1141 3265
8350 8233
8886 6027
1623 3312
6086 7726
875 6840
9903 157
8935 1033
2795 621
9339 6674
4244 9821
1428 4927
5980 3266
4826 5991
3158 4636
8432 7992
3265 3982
2358 8426
3575 5040
6769 4805
992 105
9082 4069
5705 9473
8524 9814
3244 2458
7732 6620
8395 5499
4469 676
7465 9372
2153 107
5368 9247
8381 492
8204 7720
3835 4169
4618 8767
4324 9378
6682 3709
4718 7161
1210 3929
2554 1132
9567 1495
6757 2203
1243 6014
8822 2340
7404 7967
1568 956
2405 3418
37 8032
589 5107
4816 3610
9006 3107
1944 4494
865 6420
685 3576
6340 3528
435 486
3166 8209
3530 5984
1926 2074
5983 7246
6684 3704
3313 5056
3286 2525
1710 254
3258 4219
52 9604
4144 9543
4863 6015
7397 6949
7619 2039
3068 7534
2550 7563
8711 6570
8406 9555
1879 6344
3638 2202
5765 4800
3724 8981
7162 6824
8357 5083
9695 6841
4985 6650
1758 8138
1886 5104
4952 2663
8026 1519
7700 7385
7707 4982
6370 1858
5418 9628
9200 6971
1133 1184
8684 5759
7279 3285
7089 7479
6801 5261
3979 7656
9664 850
4973 177
1250 9159
648 6580
4145 9746
6396 8126
6978 2005
1167 8667
9402 4396
9142 650
4554 7653
9022 4883
571 3880
7728 7390
6826 2644
5633 4327
1577 3541
3635 5174
9573 2681
