1000 2
1846 1114
6904 8625
2789 2502
1114 9712
6251 7171
1573 9315
5187 5819
4100 9488
5744 5366
2402 1249
9302 3795
5727 3615
7711 9136
284 3192
6671 4139
4389 5615
2369 7518
8507 2647
4400 4238
7135 4519
7681 9822
3466 691
9021 9987
6334 7377
6291 3809
7744 3450
6480 7424
8470 4380
3663 2014
6769 4805
6801 5261
2660 9110
5387 7495
1212 4604
8947 8865
571 3880
4792 693
3512 5827
751 9284
395 1312
4905 8646
4145 9746
3638 4268
3258 4219
7767 1464
9677 8947
1547 2992
4151 3089
7613 8072
4855 3358
6341 7015
1405 2058
716 5809
8305 2563
7780 3149
4354 5014
8458 388
4021 648
5254 6098
1684 9812
9473 7739
6955 6108
1758 8138
940 847
9866 6564
682 7030
6653 9835
5621 6119
5388 5950
3765 1840
626 603
5233 2826
866 2185
2620 1968
2338 4159
8027 4538
859 1526
1852 8416
2970 3091
2457 7932
9664 850
690 5158
5623 8163
8001 519
435 486
5101 531
893 392
9139 8009
9022 4883
7981 9676
8643 5292
6560 1078
2994 541
6684 3704
9850 1609
9557 722
9089 2293
9316 7666
1879 6344
5526 9419
268 645
2936 4968
9575 7772
914 1774
6817 8959
1784 6804
2881 4682
4262 6041
7390 2178
8886 6027
9695 6841
1623 3312
7509 5188
1730 9392
7732 6620
2387 8503
186 4566
525 13
607 5687
7465 9372
3256 6848
3638 2202
8316 7814
2447 7476
458 7428
6249 534
9516 1953
259 7934
1480 5218
6789 8132
6101 5833
6757 2203
4092 7446
8554 9327
7949 2219
8972 2453
1636 512
4469 676
1275 2791
3002 6787
5926 9941
757 3992
5201 4696
8465 1942
6474 7338
6876 7535
4448 5895
1276 9832
6485 8123
5368 9247
6742 579
3393 4629
4560 4219
9342 1613
9838 819
5423 7292
8588 4984
5418 9628
5187 5904
3818 2169
540 1985
9468 6913
7525 9973
6156 8050
8649 3969
8148 1093
9856 1111
8773 4109
7995 885
5481 55
7295 3888
8862 5435
9124 6086
3158 8727
9584 1800
4775 3655
5082 3126
1906 2610
9192 2314
2304 8867
5778 3946
4848 9462
9031 1949
727 9324
873 6036
5210 5552
4336 5730
6355 7387
7170 5582
1451 2922
5983 7246
482 928
421 4581
6301 9480
3010 1617
1037 2032
1715 3828
7627 1149
2257 2303
4656 6213
2181 2557
4391 2797
1141 3265
1947 2570
3327 6042
9847 1699
5741 3572
8491 6742
6756 1774
3635 5174
2655 8865
8330 5507
4979 8737
8133 9170
1419 3190
3180 1616
2060 5520
7404 7967
1250 9159
5356 6242
9700 2648
8495 8445
7578 9899
8982 7783
6516 936
6981 7430
8872 6150
4852 2694
699 5742
8942 4171
2745 7071
4825 3476
7905 2717
969 114
7048 2048
6340 3528
4985 6650
5240 9101
1325 7831
6043 2669
2752 3227
1167 8667
9201 8730
648 6580
4963 8654
3400 1879
62 9506
9120 1111
7280 6345
8638 9225
5900 6414
9233 6120
8573 3838
6715 1536
3657 8347
1351 7642
3266 3885
4571 3051
1272 3781
8935 1033
6539 9356
7802 4832
1107 5016
8631 2154
7894 9503
5637 7218
9949 9990
5398 4980
4835 7909
9057 6349
949 858
7917 4227
3530 5984
8943 2010
2470 3386
9827 8629
3338 2055
4324 9378
7361 3164
199 3102
857 3427
325 7731
6536 3263
6084 7829
6656 843
8303 1453
2714 9512
1432 5871
3992 8213
8822 2340
8667 3220
3870 1006
4698 878
5073 6664
9438 5095
1108 5805
6901 1379
3551 9841
3117 9609
4863 6015
7152 8870
5093 57
9573 2681
4011 1371
153 1460
3835 4169
7788 1677
5023 2165
960 766
4725 1662
8374 5386
8684 5759
8362 2189
8786 9117
2525 9782
5997 1113
5176 5233
5415 3986
7966 7993
8492 8876
6206 4049
1441 2607
2058 3771
5454 6583
8014 7516
4850 7251
7054 2985
5467 6912
8348 1830
3808 4966
4634 6124
6826 2644
6924 3622
3244 2458
8955 1592
7726 5045
3914 2044
5633 4327
3692 6872
2405 3418
8276 5627
327 187
6838 21
8799 8859
4004 7074
6280 3020
8727 4351
8671 9224
1781 4771
1210 3929
5895 2889
6738 5584
9996 2033
3556 151
2066 8826
4468 3852
4445 4902
9519 1815
7078 5519
7193 2864
8301 7589
6567 6391
8745 2735
3346 3453
7788 5899
3400 2499
4372 1029
9781 9615
7541 7946
607 2358
4606 4641
9142 650
2916 2107
2424 7429
1710 254
1631 1995
2435 2785
2153 107
582 8056
6563 5718
9001 7973
3314 5343
5545 5615
3055 3936
5901 7064
6403 2974
6744 8753
2507 6645
8460 6889
9345 8889
7759 8930
8386 8862
2499 8319
9022 5205
8524 9814
1697 4182
3291 6500
1886 5104
3710 3188
8620 2747
75 2194
8624 8395
2569 5729
1212 7310
4167 2859
8683 9099
7427 4107
9885 8223
9512 6433
9523 9608
4889 3787
3517 9637
9919 9439
3967 8916
4816 3610
5702 9381
6318 2237
1446 8041
3098 4272
2573 472
7330 1775
9750 6129
8198 585
4537 9483
5549 9667
1184 3912
8016 2297
7787 6368
554 6706
6927 4408
5016 5048
5046 5200
3117 1962
670 2591
4144 9543
5215 1231
9886 65
7072 8138
367 8896
8971 9262
1910 6486
8232 1242
5932 4823
14 4904
1846 6343
7619 2039
4629 6895
2444 484
8711 6570
3160 6254
4502 1056
2853 9831
1646 5606
9170 6567
2401 6074
1301 2542
5962 2945
1140 5641
6897 110
1473 8907
40 7813
145 3824
3676 3827
2350 5833
4982 1179
4151 6763
1111 6742
5021 5930
4709 4604
8076 2341
30 4527
2119 4365
9913 779
1091 7983
1265 6516
3549 8002
7930 2765
3515 2622
4718 7161
7480 246
8250 96
406 3327
5578 5536
7089 7479
7712 9100
4209 236
1138 6081
7377 7286
7512 6460
3033 75
2337 8424
9447 4040
9420 9964
6522 4054
5765 4800
4808 3402
4090 2300
3466 1692
4288 9678
1338 9231
8548 4145
2931 1347
362 2076
2524 8732
3270 9873
5272 6974
5646 3737
8848 2884
9625 4365
8432 7992
1826 9614
2265 7145
8756 5315
1926 2074
2866 8222
9113 3809
8644 9753
7394 1621
525 4450
2300 9910
9652 6398
8501 773
1271 8601
5442 2661
7495 1313
2976 304
8361 9447
5352 1661
4461 5834
6345 103
9241 6499
9006 3107
2308 61
3166 8209
2662 2741
992 105
6267 5783
2329 3007
4058 8677
360 6949
5339 3654
5325 2970
7460 259
7925 155
410 3222
8970 1769
323 5462
2046 2225
4237 1773
3717 3632
6086 7726
2895 7531
1467 2538
9217 1590
3586 2897
252 8195
3697 9391
9489 3197
3695 7817
5615 7422
5169 5145
3575 5040
3361 3330
2797 833
2835 1718
526 1323
9738 5085
3123 9539
6479 9439
8930 7374
4455 8559
8680 25
2522 4504
5883 9124
6147 2116
8714 6752
4039 897
5743 7563
8820 1544
3313 5056
751 5724
7592 4173
5705 9473
4401 5467
1740 5965
9775 4769
8608 9835
590 6381
6645 5150
2423 1811
3546 2269
8559 2903
3072 2545
5815 4389
1859 417
6344 8166
753 6143
8026 1519
3347 4825
6177 1672
5236 7794
3266 9385
865 6420
8664 7495
8376 5394
1475 8443
3156 3061
9659 4882
292 4947
199 3991
8786 7706
5494 7804
122 4910
3158 4636
6120 4096
1646 3195
8817 878
2278 5222
3087 9497
8908 2007
2511 7810
4866 7267
5036 572
5158 2201
4444 3436
9200 6971
4381 4029
3319 7164
7937 7149
5650 3927
3178 1685
3065 7093
4040 6560
1652 4946
4593 4837
1745 8699
5151 9227
8357 5083
3548 5289
589 6588
6349 1039
1480 3079
9335 490
7444 7480
7842 2873
1633 3805
9093 2571
1498 1668
9335 2054
8017 1929
7404 4738
6255 8316
2514 5526
5160 6739
9122 1918
5370 4383
7894 2906
2678 3983
5662 9180
4928 4469
6940 2998
2720 5915
8050 237
3945 4057
1493 4865
9536 4785
2922 5330
2047 7290
801 5774
3068 7534
6596 6611
342 8896
3835 907
8406 9555
3546 2785
5752 4157
8934 510
3714 1707
7030 8566
7741 6671
406 6247
4392 9259
9567 1495
4718 8515
8433 7215
1942 6860
9434 7795
5118 2145
3233 7357
122 659
8971 1120
3022 4619
3977 5097
7466 2514
1079 2444
8968 319
4032 6052
6130 852
5889 675
7724 5516
7271 1853
2642 4862
738 5976
5128 5541
5392 479
419 8167
4945 6479
8953 9934
4952 2663
4855 86
8651 859
410 5518
6681 1001
4445 4837
2554 1132
8227 7598
5761 2829
2573 5320
2621 9982
5950 8494
3211 6482
420 9752
9020 4158
4487 7354
6771 7771
1944 4494
1479 8666
6108 4178
4387 5176
6569 479
1915 1408
8409 4671
512 5719
7169 3281
6978 2005
6922 4213
6386 590
9234 6769
5708 1079
8322 7695
7414 3535
8310 1699
4973 177
3764 2752
5762 2296
7958 3109
6022 7690
9322 7914
7789 8382
8639 3676
5222 4979
1690 6269
3041 6189
2043 4813
5739 5569
8395 3909
8048 3666
8478 7752
4541 7549
7785 1654
5188 7847
6682 3709
7631 6935
9812 1855
6213 213
1472 5494
3759 3539
6499 8174
7779 6409
2446 6905
9249 1709
9903 157
5904 8282
9974 8870
875 6840
9403 337
7639 431
8352 303
9156 9403
2264 5377
3823 7363
5240 9557
5168 3097
3481 4952
3487 5387
9832 1866
1980 190
9490 6214
4799 3777
9402 4396
2977 8244
8747 1421
8366 2515
4456 8165
4554 7653
3286 2525
3266 8408
5011 1070
8112 1739
7279 3285
1358 8661
1270 8644
6344 4760
9193 6478
2804 7509
5789 4407
2795 621
4091 8092
5160 2528
8628 8958
5787 5604
5537 2926
1401 166
9184 1525
6967 7221
9077 6546
5368 5437
5163 8235
685 3576
3265 3982
4549 735
2773 7210
4761 578
3274 7534
6294 95
5629 3648
2713 2570
9082 4069
5905 4864
480 2979
9052 4490
4244 9821
9130 4569
4369 9487
8563 6819
8292 6680
7150 7313
1080 9599
1044 4166
6615 5146
5683 6478
5270 1636
5657 8214
2474 2882
6396 8126
6573 8864
9557 8712
4453 2944
2053 5100
3979 7656
5463 2218
1268 9498
589 5107
8159 9727
1428 4927
8927 3134
1444 6154
8247 5952
8681 4161
5858 8584
3350 1632
6202 5981
8791 7824
1243 6014
8395 5499
4406 1460
3009 9822
1133 1184
682 5103
645 2680
8217 7456
2011 8040
7547 8938
7907 4034
3088 5267
3098 9385
1771 480
7052 8030
1519 4585
728 5062
4560 754
6287 1556
8209 9447
1568 956
1626 3100
2043 9673
2550 7563
1190 5043
1932 1057
2255 8657
1438 4972
9149 3927
5893 3741
2852 1801
4874 249
9259 395
6699 5824
8394 4447
6433 2790
6800 2094
347 1650
1060 3352
8350 8233
7895 3029
759 918
2377 7632
8329 5908
8549 6403
8795 9774
7162 6824
2331 6883
7406 7886
8075 662
5977 3110
2116 1122
2699 1877
7397 6949
1555 5429
6370 1858
665 977
5980 3266
4826 5991
3629 9258
37 8032
9050 9374
7627 6690
4890 5607
832 3629
7707 4982
9467 2100
3636 3752
8876 9369
3902 5569
8730 4699
1824 47
1520 15
4541 9006
9843 8081
7505 4185
2944 4587
2629 5614
4956 7783
3724 8981
8857 5110
2358 8426
8654 4880
5281 7673
6130 8304
8839 7544
9250 8278
7489 5689
5844 1715
52 9604
9076 9180
7728 7390
9329 6790
9965 6344
8000 5884
299 7413
8381 492
6686 3210
6932 8627
5609 1525
8695 8603
2577 9132
4699 7759
5849 4489
8204 7720
6374 8886
7700 7385
3416 6134
6046 5564
4742 9718
4523 467
3646 7636
4618 8767
4476 3873
6864 2301
4796 953
7753 5789
1577 3541
4608 4375
9339 6674
1017 2881
8612 1433
9664 9367
7709 3265
5894 2745
5460 7340
8215 3617
6242 9526
3980 712
1891 3328
2484 2474
882 2359
9940 2953
9097 9633
3326 2378
2836 3101
4254 271
