1000 2
1080 9599
4400 4238
5537 2926
1520 15
9523 9608
8492 8876
9866 6564
9342 1613
8684 5759
4928 4469
8362 2189
7724 5516
6539 9356
8573 3838
7785 1654
1044 4166
3314 5343
6046 5564
1473 8907
6838 21
6567 6391
4725 1662
9781 9615
8612 1433
7930 2765
3549 8002
5494 7804
5272 6974
8394 4447
186 4566
6742 579
6955 6108
3291 6500
8133 9170
5082 3126
2678 3983
7495 1313
3992 8213
3270 9873
6267 5783
4775 3655
9659 4882
1250 9159
9919 9439
738 5976
4444 3436
7394 1621
7995 885
1697 4182
4389 5615
9192 2314
4032 6052
6645 5150
589 5107
7787 6368
4593 4837
9142 650
4537 9483
9489 3197
3400 2499
4004 7074
199 3991
7802 4832
406 3327
7465 9372
3033 75
1140 5641
9738 5085
8348 1830
6596 6611
9217 1590
6130 852
5415 3986
5727 3615
6287 1556
421 4581
571 3880
1037 2032
8681 4161
5233 2826
3022 4619
3178 1685
2895 7531
1947 2570
960 766
4718 7161
1824 47
2424 7429
7054 2985
1886 5104
5977 3110
4808 3402
1432 5871
7789 8382
3902 5569
1111 6742
4541 9006
6349 1039
3835 4169
5240 9101
9156 9403
3575 5040
7925 155
6255 8316
3158 8727
645 2680
8857 5110
3166 8209
8799 8859
3009 9822
1479 8666
5633 4327
751 5724
5849 4489
8026 1519
8671 9224
6130 8304
6569 479
4718 8515
2264 5377
5895 2889
5240 9557
3515 2622
1740 5965
4560 754
5392 479
2660 9110
6653 9835
1932 1057
6744 8753
1275 2791
6344 8166
9233 6120
3635 5174
5683 6478
7152 8870
751 9284
7981 9676
3072 2545
3265 3982
4406 1460
5926 9941
1079 2444
6967 7221
2331 6883
6147 2116
8624 8395
347 1650
8971 9262
1446 8041
3717 3632
252 8195
4237 1773
2514 5526
1498 1668
1358 8661
5744 5366
7949 2219
3326 2378
4391 2797
2507 6645
7509 5188
3055 3936
1405 2058
5021 5930
8198 585
5368 5437
4792 693
5526 9419
4476 3873
2522 4504
2011 8040
2525 9782
5187 5819
6656 843
5281 7673
7547 8938
9557 8712
1781 4771
3638 4268
4244 9821
6345 103
1568 956
7489 5689
893 392
8554 9327
5481 55
9490 6214
8680 25
419 8167
3818 2169
9750 6129
525 4450
6978 2005
3980 712
2511 7810
5215 1231
6981 7430
582 8056
3098 9385
2629 5614
4288 9678
4448 5895
5163 8235
410 3222
1091 7983
2922 5330
8292 6680
9001 7973
6699 5824
3244 2458
9695 6841
9057 6349
1444 6154
9438 5095
7460 259
4461 5834
3158 4636
4401 5467
5046 5200
7958 3109
2446 6905
9076 9180
7330 1775
9473 7739
7135 4519
3466 1692
8330 5507
9249 1709
9940 2953
7578 9899
410 5518
480 2979
3710 3188
284 3192
4606 4641
1493 4865
590 6381
5169 5145
8209 9447
1138 6081
8524 9814
7480 246
5467 6912
9913 779
6876 7535
1271 8601
992 105
1826 9614
8001 519
1212 7310
3714 1707
685 3576
8381 492
6927 4408
1631 1995
299 7413
6084 7829
9812 1855
2499 8319
8639 3676
9082 4069
3393 4629
9021 9987
1784 6804
7592 4173
9516 1953
3180 1616
2401 6074
8822 2340
5609 1525
6202 5981
4956 7783
6826 2644
4608 4375
2066 8826
362 2076
2977 8244
9077 6546
8549 6403
2720 5915
8711 6570
7631 6935
5900 6414
7505 4185
4262 6041
6864 2301
9949 9990
5980 3266
5646 3737
2699 1877
7048 2048
9700 2648
1467 2538
5905 4864
6156 8050
1745 8699
8548 4145
7744 3450
7917 4227
4387 5176
6924 3622
3466 691
6340 3528
8631 2154
1646 5606
5460 7340
1017 2881
2577 9132
4468 3852
6370 1858
865 6420
458 7428
1710 254
4381 4029
728 5062
5743 7563
6396 8126
3274 7534
7361 3164
406 6247
4554 7653
7078 5519
4354 5014
5160 6739
3548 5289
875 6840
5168 3097
699 5742
6522 4054
2621 9982
1926 2074
7788 5899
9122 1918
5398 4980
5093 57
8968 319
7937 7149
2423 1811
9575 7772
482 928
30 4527
7907 4034
8050 237
1276 9832
2304 8867
4011 1371
3676 3827
5187 5904
6120 4096
2931 1347
6249 534
9050 9374
3945 4057
9974 8870
1771 480
7613 8072
1184 3912
2053 5100
9201 8730
2970 3091
4151 3089
2474 2882
6479 9439
4100 9488
665 977
3979 7656
6715 1536
37 8032
5789 4407
4058 8677
9886 65
8310 1699
3068 7534
4796 953
3517 9637
3010 1617
2573 472
6485 8123
8016 2297
1480 5218
4905 8646
2257 2303
7414 3535
8820 1544
9022 4883
6213 213
969 114
5765 4800
4455 8559
9447 4040
1428 4927
1133 1184
2662 2741
6940 2998
6374 8886
5388 5950
8305 2563
2835 1718
8076 2341
690 5158
3724 8981
6684 3704
8756 5315
512 5719
4852 2694
3286 2525
2447 7476
8872 6150
3546 2785
857 3427
5815 4389
3636 3752
6318 2237
5201 4696
9403 337
2046 2225
1475 8443
3361 3330
8374 5386
9093 2571
2853 9831
2573 5320
3692 6872
2745 7071
2936 4968
949 858
9652 6398
3646 7636
2405 3418
2043 4813
8638 9225
5741 3572
3087 9497
4456 8165
3657 8347
7779 6409
3914 2044
52 9604
7404 7967
8247 5952
8649 3969
9567 1495
882 2359
8588 4984
4985 6650
648 6580
3233 7357
1652 4946
2278 5222
3266 3885
3266 9385
8664 7495
8501 773
1190 5043
4825 3476
6294 95
292 4947
6101 5833
2642 4862
940 847
8745 2735
5578 5536
8628 8958
1555 5429
6334 7377
4445 4837
4502 1056
4469 676
1243 6014
1167 8667
6801 5261
7052 8030
8112 1739
7406 7886
2773 7210
9677 8947
7030 8566
8947 8865
8322 7695
62 9506
145 3824
8620 2747
1272 3781
5454 6583
5418 9628
7700 7385
4634 6124
3350 1632
9006 3107
2866 8222
7728 7390
8747 1421
8316 7814
5016 5048
122 4910
8027 4538
8886 6027
1758 8138
7466 2514
4874 249
1438 4972
3041 6189
3663 2014
2265 7145
4963 8654
716 5809
607 2358
8232 1242
1730 9392
7741 6671
3556 151
3823 7363
2329 3007
9847 1699
4889 3787
8943 2010
9584 1800
2338 4159
4090 2300
40 7813
327 187
4863 6015
7639 431
4699 7759
4039 897
4816 3610
7712 9100
8159 9727
5997 1113
8651 859
4151 6763
5858 8584
4799 3777
4145 9746
4091 8092
2358 8426
7619 2039
5368 9247
3546 2269
7169 3281
2881 4682
8643 5292
7193 2864
3586 2897
7895 3029
2444 484
3347 4825
7905 2717
8683 9099
8935 1033
2470 3386
8048 3666
7627 1149
1212 4604
6615 5146
9149 3927
9512 6433
5889 675
5762 2296
9170 6567
1108 5805
9832 1866
4742 9718
5983 7246
9420 9964
4549 735
1891 3328
6536 3263
8927 3134
7404 4738
1419 3190
8014 7516
153 1460
8953 9934
7525 9973
5387 7495
3977 5097
1547 2992
1472 5494
873 6036
1846 1114
3400 1879
7279 3285
5423 7292
6817 8959
5761 2829
9335 490
9536 4785
4336 5730
7150 7313
8395 5499
4890 5607
8366 2515
8204 7720
3512 5827
8970 1769
9322 7914
8395 3909
1265 6516
6573 8864
7726 5045
6433 2790
1623 3312
2402 1249
9200 6971
5662 9180
14 4904
9903 157
5702 9381
6344 4760
9664 9367
8791 7824
9519 1815
1633 3805
6086 7726
3808 4966
4866 7267
3117 9609
4021 648
2795 621
8982 7783
6771 7771
122 659
6756 1774
4209 236
6355 7387
2994 541
9856 1111
3551 9841
8352 303
8559 2903
6932 8627
6206 4049
1636 512
5629 3648
9316 7666
5778 3946
2060 5520
3870 1006
3160 6254
2554 1132
9031 1949
9234 6769
7271 1853
5254 6098
9339 6674
2713 2570
4523 467
5236 7794
5621 6119
2153 107
8848 2884
8773 4109
8386 8862
6177 1672
8350 8233
8667 3220
8839 7544
8409 4671
1351 7642
5210 5552
3002 6787
1270 8644
4324 9378
9573 2681
859 1526
4392 9259
9467 2100
3695 7817
7397 6949
5325 2970
7711 9136
9996 2033
395 1312
3156 3061
4826 5991
6499 8174
3266 8408
1684 9812
6280 3020
626 603
5894 2745
7170 5582
8876 9369
9827 8629
9022 5205
5844 1715
525 13
8148 1093
8930 7374
2058 3771
75 2194
9124 6086
6022 7690
1942 6860
8432 7992
8458 388
6800 2094
1338 9231
2047 7290
5160 2528
4945 6479
7894 2906
7788 1677
8971 1120
6474 7338
1915 1408
8563 6819
6560 1078
4571 3051
9302 3795
3487 5387
5932 4823
5073 6664
268 645
8714 6752
199 3102
5118 2145
5463 2218
1852 8416
7894 9503
7444 7480
5705 9473
8478 7752
2181 2557
7753 5789
9089 2293
5752 4157
7390 2178
4982 1179
3319 7164
7627 6690
5904 8282
8361 9447
8795 9774
2620 1968
2804 7509
6922 4213
4629 6895
1906 2610
8644 9753
4040 6560
7681 9822
9402 4396
4698 878
8730 4699
2524 8732
3123 9539
9625 4365
2714 9512
6291 3809
682 5103
8786 9117
9838 819
2752 3227
3088 5267
9885 8223
3835 907
5101 531
5787 5604
1210 3929
753 6143
6769 4805
8000 5884
3117 1962
2976 304
759 918
4487 7354
5352 1661
8727 4351
8786 7706
6108 4178
6757 2203
866 2185
5356 6242
2350 5833
6386 590
1879 6344
9345 8889
8465 1942
4453 2944
6480 7424
1451 2922
1114 9712
9557 722
5339 3654
4541 7549
4848 9462
5151 9227
3346 3453
7162 6824
7541 7946
9097 9633
1325 7831
1577 3541
7780 3149
8908 2007
6901 1379
2457 7932
1107 5016
4656 6213
6671 4139
1268 9498
9139 8009
8227 7598
5270 1636
4761 578
3256 6848
8495 8445
8250 96
7732 6620
6301 9480
9259 395
4092 7446
3481 4952
8507 2647
8329 5908
3759 3539
4144 9543
4855 86
8376 5394
420 9752
1301 2542
8942 4171
914 1774
1480 3079
4979 8737
5708 1079
5222 4979
5883 9124
1859 417
5036 572
9120 1111
8406 9555
7767 1464
9250 8278
9850 1609
8470 4380
3765 1840
2369 7518
727 9324
8433 7215
1846 6343
589 6588
9193 6478
323 5462
757 3992
8075 662
2119 4365
6043 2669
801 5774
2569 5729
6738 5584
3629 9258
4835 7909
2852 1801
4709 4604
3697 9391
8972 2453
3416 6134
5545 5615
2308 61
8491 6742
9130 4569
3313 5056
9434 7795
2797 833
4855 3358
2916 2107
9184 1525
7707 4982
6681 1001
607 5687
1690 6269
6563 5718
6403 2974
4167 2859
7072 8138
2255 8657
5893 3741
2944 4587
8654 4880
9843 8081
6789 8132
7759 8930
9329 6790
1060 3352
2435 2785
2655 8865
9020 4158
2337 8424
7280 6345
832 3629
5950 8494
6904 8625
6341 7015
5650 3927
8695 8603
8817 878
3338 2055
5442 2661
8276 5627
1401 166
2550 7563
5188 7847
3967 8916
9241 6499
5962 2945
259 7934
2836 3101
3764 2752
2116 1122
5176 5233
8357 5083
7966 7993
1910 6486
1944 4494
6897 110
5370 4383
1441 2607
342 8896
8215 3617
670 2591
7427 4107
540 1985
554 6706
7377 7286
1626 3100
6251 7171
5615 7422
7512 6460
9664 850
7089 7479
9468 6913
2387 8503
4952 2663
682 7030
5549 9667
1573 9315
7295 3888
360 6949
8608 9835
3638 2202
9052 4490
3065 7093
7842 2873
9335 2054
5901 7064
6682 3709
526 1323
4560 4219
8934 510
5011 1070
6686 3210
3530 5984
367 8896
8955 1592
1980 190
4618 8767
2789 2502
1646 3195
8460 6889
5739 5569
5657 8214
4372 1029
3258 4219
2484 2474
4445 4902
9775 4769
3327 6042
5128 5541
8301 7589
2377 7632
6516 936
4254 271
435 486
9965 6344
5158 2201
1519 4585
6242 9526
7709 3265
8303 1453
5637 7218
2043 9673
8217 7456
9113 3809
325 7731
3211 6482
4850 7251
5023 2165
4973 177
5623 8163
3098 4272
1141 3265
1715 3828
8862 5435
8017 1929
2300 9910
4369 9487
