1000 2
1824 47
3211 6482
7627 1149
6403 2974
5240 9557
2773 7210
5442 2661
1577 3541
1493 4865
5356 6242
6569 479
1980 190
7489 5689
6344 8166
4945 6479
6686 3210
5844 1715
4167 2859
1272 3781
738 5976
893 392
7789 8382
5787 5604
4288 9678
1886 5104
5545 5615
4021 648
3158 4636
3156 3061
9184 1525
3088 5267
7907 4034
2278 5222
9866 6564
5997 1113
5727 3615
8971 9262
1547 2992
7547 8938
6251 7171
1480 3079
8352 303
7578 9899
5537 2926
3586 2897
8470 4380
8934 510
458 7428
6522 4054
2524 8732
2662 2741
6800 2094
2507 6645
5160 6739
1568 956
1826 9614
8756 5315
5741 3572
6516 936
2337 8424
4826 5991
9468 6913
3697 9391
4389 5615
9093 2571
9130 4569
5578 5536
1932 1057
7842 2873
699 5742
1111 6742
3835 4169
8027 4538
5423 7292
3765 1840
4444 3436
2153 107
4151 6763
1633 3805
8649 3969
1276 9832
2620 1968
3393 4629
3319 7164
6086 7726
7512 6460
3638 4268
40 7813
8076 2341
2797 833
7966 7993
9781 9615
8159 9727
1480 5218
1133 1184
186 4566
9516 1953
5950 8494
2660 9110
3466 1692
8381 492
5046 5200
8857 5110
6108 4178
8947 8865
4549 735
6147 2116
75 2194
9557 722
582 8056
5118 2145
3098 9385
8968 319
6206 4049
1338 9231
3808 4966
8876 9369
6742 579
9022 5205
4401 5467
1446 8041
2444 484
8651 859
421 4581
9919 9439
9329 6790
4560 4219
8048 3666
5650 3927
6826 2644
2499 8319
199 3102
1141 3265
4761 578
3710 3188
8198 585
2752 3227
7390 2178
5657 8214
1210 3929
4145 9746
6349 1039
5281 7673
5900 6414
5708 1079
2514 5526
5368 5437
9677 8947
9438 5095
682 7030
3945 4057
7726 5045
5021 5930
2621 9982
875 6840
4808 3402
4698 878
5187 5904
8970 1769
8683 9099
1467 2538
4593 4837
1555 5429
4523 467
327 187
6370 1858
7078 5519
589 6588
5073 6664
8148 1093
8886 6027
1646 5606
8366 2515
8671 9224
7404 7967
7894 9503
4979 8737
5270 1636
9097 9633
2350 5833
5169 5145
7753 5789
8791 7824
9249 1709
406 3327
8839 7544
7089 7479
7925 155
9490 6214
8548 4145
7414 3535
9738 5085
419 8167
7759 8930
2484 2474
1784 6804
7627 6690
37 8032
4476 3873
9077 6546
1405 2058
292 4947
3549 8002
8872 6150
8554 9327
866 2185
6130 852
4254 271
3098 4272
5893 3741
1846 1114
9659 4882
9342 1613
554 6706
8971 1120
5233 2826
2713 2570
6897 110
3629 9258
7681 9822
9233 6120
8935 1033
3346 3453
4502 1056
8075 662
4354 5014
2060 5520
1479 8666
8026 1519
410 5518
9217 1590
7406 7886
7330 1775
3714 1707
9949 9990
607 5687
5752 4157
3270 9873
8730 4699
4874 249
6022 7690
4554 7653
6291 3809
4461 5834
5702 9381
9006 3107
727 9324
6318 2237
7279 3285
1915 1408
9903 157
9827 8629
8664 7495
30 4527
9573 2681
960 766
5623 8163
5662 9180
5215 1231
9812 1855
1268 9498
7724 5516
4963 8654
8817 878
9885 8223
4855 86
2804 7509
6560 1078
8133 9170
4453 2944
626 603
8050 237
3022 4619
5463 2218
8631 2154
8310 1699
2970 3091
4487 7354
3244 2458
540 1985
9700 2648
342 8896
512 5719
4792 693
3575 5040
3087 9497
8786 7706
1697 4182
1710 254
6536 3263
8361 9447
4905 8646
5254 6098
4952 2663
9022 4883
52 9604
5901 7064
1271 8601
8620 2747
5778 3946
4445 4902
9519 1815
7619 2039
670 2591
6474 7338
8681 4161
8624 8395
7169 3281
9241 6499
8507 2647
3274 7534
5188 7847
6932 8627
753 6143
4541 9006
1646 3195
9057 6349
648 6580
4237 1773
4090 2300
525 13
1212 4604
751 9284
2573 5320
3233 7357
4656 6213
8112 1739
5222 4979
8822 2340
8460 6889
62 9506
6981 7430
2066 8826
1401 166
9420 9964
4890 5607
6573 8864
2853 9831
4058 8677
1037 2032
2895 7531
6287 1556
1781 4771
8386 8862
7466 2514
6671 4139
1472 5494
6374 8886
873 6036
7788 1677
9512 6433
9447 4040
3663 2014
2053 5100
6653 9835
3160 6254
6396 8126
5615 7422
5101 531
3979 7656
8232 1242
4718 7161
7732 6620
2435 2785
7525 9973
6596 6611
4541 7549
2447 7476
8409 4671
8573 3838
6341 7015
9775 4769
325 7731
8908 2007
4091 8092
323 5462
6567 6391
8492 8876
865 6420
8316 7814
2331 6883
3551 9841
8559 2903
8305 2563
8406 9555
3416 6134
5481 55
5368 9247
7394 1621
8927 3134
8322 7695
1636 512
9965 6344
1265 6516
8017 1929
8491 6742
2642 4862
6249 534
3117 9609
4011 1371
3546 2269
6757 2203
3361 3330
4381 4029
5762 2296
7152 8870
5352 1661
9234 6769
1325 7831
9664 9367
5339 3654
7397 6949
2338 4159
9020 4158
6101 5833
6043 2669
7905 2717
3065 7093
9575 7772
6682 3709
8374 5386
9322 7914
6267 5783
7495 1313
682 5103
716 5809
2401 6074
5016 5048
8942 4171
9335 2054
4982 1179
7709 3265
992 105
7162 6824
6876 7535
252 8195
525 4450
2525 9782
1190 5043
8395 3909
8016 2297
8820 1544
5849 4489
2046 2225
9467 2100
2257 2303
9156 9403
4718 8515
7639 431
665 977
4796 953
2852 1801
5744 5366
9847 1699
1475 8443
859 1526
7280 6345
6499 8174
8799 8859
9259 395
122 659
2423 1811
8714 6752
6485 8123
4816 3610
6771 7771
3517 9637
8684 5759
4456 8165
7995 885
4709 4604
8204 7720
5815 4389
2405 3418
3759 3539
7631 6935
1626 3100
5637 7218
6838 21
5387 7495
5983 7246
7949 2219
6924 3622
9536 4785
5549 9667
6202 5981
7427 4107
4863 6015
4699 7759
3481 4952
1444 6154
728 5062
9843 8081
259 7934
4742 9718
1910 6486
5176 5233
9345 8889
9193 6478
1498 1668
1451 2922
3291 6500
9567 1495
4725 1662
8303 1453
3818 2169
1270 8644
1441 2607
2550 7563
9201 8730
6563 5718
1631 1995
5168 3097
5201 4696
2720 5915
4151 3089
8000 5884
9403 337
4040 6560
9250 8278
4629 6895
6922 4213
8524 9814
14 4904
5388 5950
1438 4972
5609 1525
3041 6189
2931 1347
1879 6344
8495 8445
589 5107
3314 5343
362 2076
3692 6872
122 4910
1906 2610
9625 4365
4455 8559
8667 3220
9664 850
9139 8009
4336 5730
4606 4641
4468 3852
2922 5330
5158 2201
5894 2745
7592 4173
8395 5499
4799 3777
268 645
3266 8408
7728 7390
7917 4227
480 2979
9120 1111
9523 9608
9316 7666
2181 2557
1184 3912
6967 7221
1859 417
1275 2791
2043 9673
4448 5895
4469 676
7937 7149
5392 479
4560 754
757 3992
2699 1877
8432 7992
8247 5952
3902 5569
5633 4327
9557 8712
1715 3828
9021 9987
8953 9934
5526 9419
7465 9372
7930 2765
1947 2570
3400 1879
2255 8657
6744 8753
8608 9835
7712 9100
5398 4980
5905 4864
4039 897
8862 5435
9170 6567
5683 6478
2402 1249
5889 675
6334 7377
949 858
3977 5097
2300 9910
4092 7446
3657 8347
914 1774
7741 6671
2522 4504
1519 4585
6213 213
5621 6119
2369 7518
8795 9774
8848 2884
3256 6848
8357 5083
8394 4447
8217 7456
8276 5627
8250 96
3265 3982
9402 4396
9838 819
5977 3110
8330 5507
2836 3101
8727 4351
5236 7794
7802 4832
7048 2048
6756 1774
7780 3149
8638 9225
2795 621
6280 3020
5151 9227
5082 3126
1212 7310
1060 3352
6344 4760
410 3222
3835 907
3347 4825
3724 8981
5011 1070
1167 8667
1301 2542
2474 2882
2944 4587
3992 8213
607 2358
8376 5394
9001 7973
1473 8907
7958 3109
8014 7516
6681 1001
3967 8916
2116 1122
6294 95
6645 5150
2265 7145
9940 2953
3914 2044
9050 9374
526 1323
5128 5541
9913 779
2577 9132
5187 5819
3676 3827
5467 6912
645 2680
1944 4494
1942 6860
3338 2055
8982 7783
3636 3752
9302 3795
9339 6674
5163 8235
8643 5292
5240 9101
3117 1962
759 918
6738 5584
7150 7313
5858 8584
6433 2790
1652 4946
2304 8867
2745 7071
6615 5146
367 8896
4866 7267
4973 177
6817 8959
4392 9259
3717 3632
8348 1830
5743 7563
3487 5387
9856 1111
284 3192
1852 8416
4209 236
3350 1632
2377 7632
9832 1866
3466 691
7377 7286
9974 8870
3033 75
832 3629
9089 2293
6479 9439
2976 304
801 5774
7505 4185
2916 2107
3072 2545
4956 7783
8639 3676
7767 1464
8628 8958
6046 5564
5705 9473
7541 7946
6901 1379
5160 2528
690 5158
7613 8072
1684 9812
5646 3737
7779 6409
9113 3809
8612 1433
969 114
6345 103
5210 5552
3068 7534
8773 4109
3980 712
6769 4805
3556 151
2655 8865
2047 7290
1891 3328
4634 6124
7361 3164
8478 7752
1091 7983
9076 9180
8458 388
2511 7810
4848 9462
9192 2314
9584 1800
9886 65
4400 4238
7444 7480
5415 3986
1114 9712
2470 3386
2043 4813
6084 7829
6120 4096
7295 3888
1846 6343
3313 5056
7700 7385
199 3991
2569 5729
6801 5261
6864 2301
2119 4365
6656 843
8433 7215
4618 8767
1243 6014
8972 2453
4369 9487
5895 2889
2977 8244
8329 5908
8001 519
9149 3927
6539 9356
1419 3190
9652 6398
1573 9315
7711 9136
7135 4519
4324 9378
8644 9753
3010 1617
2554 1132
1745 8699
1758 8138
2678 3983
4372 1029
6177 1672
2789 2502
8465 1942
8943 2010
299 7413
5980 3266
8745 2735
571 3880
5962 2945
2058 3771
7788 5899
6955 6108
395 1312
940 847
7981 9676
2629 5614
4032 6052
9031 1949
3512 5827
1138 6081
8501 773
6301 9480
420 9752
1358 8661
3823 7363
5036 572
1520 15
4387 5176
3327 6042
4928 4469
5904 8282
8215 3617
5761 2829
1107 5016
9850 1609
3638 2202
3326 2378
9750 6129
1771 480
6480 7424
406 6247
2424 7429
6242 9526
7170 5582
7509 5188
7895 3029
8747 1421
3266 3885
8654 4880
5739 5569
3166 8209
2835 1718
9695 6841
153 1460
482 928
4835 7909
1690 6269
4391 2797
8695 8603
8680 25
5932 4823
5418 9628
1108 5805
3055 3936
4406 1460
7404 4738
6355 7387
3764 2752
9052 4490
3178 1685
9122 1918
2329 3007
4825 3476
7460 259
1351 7642
6130 8304
5460 7340
347 1650
4100 9488
3258 4219
4004 7074
4445 4837
1740 5965
7480 246
9200 6971
9434 7795
4608 4375
6789 8132
7271 1853
1432 5871
2308 61
9473 7739
7707 4982
3515 2622
4850 7251
3158 8727
6904 8625
1140 5641
2714 9512
1926 2074
2011 8040
8549 6403
5629 3648
8563 6819
7052 8030
5494 7804
5023 2165
5093 57
6255 8316
1623 3312
4244 9821
5272 6974
4889 3787
8209 9447
7787 6368
3009 9822
4262 6041
7744 3450
2881 4682
6386 590
9124 6086
1730 9392
685 3576
4855 3358
5370 4383
4144 9543
4985 6650
3870 1006
9335 490
5454 6583
8955 1592
6940 2998
5883 9124
6978 2005
8350 8233
2446 6905
8786 9117
2936 4968
1250 9159
6684 3704
2358 8426
3266 9385
5789 4407
3002 6787
7894 2906
8362 2189
7193 2864
2264 5377
3530 5984
9142 650
1017 2881
2573 472
8588 4984
751 5724
3546 2785
3635 5174
8227 7598
4852 2694
8292 6680
882 2359
3695 7817
2457 7932
2866 8222
6715 1536
4775 3655
3646 7636
5325 2970
435 486
5926 9941
3123 9539
590 6381
4537 9483
6340 3528
3286 2525
6927 4408
2994 541
3400 2499
9082 4069
2387 8503
8930 7374
9996 2033
5765 4800
3180 1616
360 6949
7072 8138
8301 7589
1080 9599
8711 6570
1044 4166
145 3824
7054 2985
4571 3051
1428 4927
3548 5289
6699 5824
7785 1654
6156 8050
1079 2444
7030 8566
857 3427
9489 3197
