1000 2
9233 6120
873 6036
3586 2897
571 3880
6318 2237
3481 4952
8350 8233
2116 1122
3692 6872
4866 7267
7949 2219
5352 1661
940 847
9170 6567
1114 9712
7404 4738
5494 7804
8628 8958
5368 9247
2524 8732
3416 6134
9234 6769
7361 3164
4461 5834
6742 579
3010 1617
4453 2944
367 8896
969 114
9403 337
8934 510
3233 7357
6022 7690
8848 2884
8886 6027
8492 8876
8930 7374
8638 9225
4541 7549
7937 7149
3657 8347
4369 9487
4850 7251
7728 7390
2181 2557
9557 8712
4606 4641
1480 3079
9122 1918
1441 2607
5708 1079
6800 2094
5467 6912
7495 1313
1080 9599
685 3576
648 6580
2550 7563
4092 7446
9695 6841
1401 166
2474 2882
2745 7071
1626 3100
9664 850
9342 1613
8747 1421
7052 8030
1167 8667
9021 9987
4905 8646
5637 7218
8491 6742
8624 8395
2387 8503
3870 1006
7377 7286
6522 4054
8366 2515
6682 3709
7709 3265
4400 4238
4469 676
7966 7993
8276 5627
3266 8408
4985 6650
3992 8213
6474 7338
832 3629
3512 5827
6130 852
6340 3528
419 8167
4826 5991
9974 8870
5752 4157
7707 4982
7465 9372
8524 9814
3055 3936
8548 4145
7779 6409
3274 7534
6249 534
3808 4966
62 9506
6086 7726
2573 5320
3835 4169
1480 5218
5901 7064
6499 8174
1824 47
3361 3330
2795 621
8947 8865
9020 4158
2331 6883
6924 3622
5844 1715
7054 2985
6108 4178
4945 6479
7930 2765
4816 3610
5158 2201
5727 3615
9847 1699
2484 2474
3178 1685
2621 9982
8943 2010
1472 5494
14 4904
1715 3828
2446 6905
8075 662
7505 4185
8507 2647
4634 6124
8714 6752
5849 4489
9082 4069
3338 2055
3158 8727
5977 3110
7089 7479
362 2076
6656 843
5236 7794
859 1526
7741 6671
7905 2717
5741 3572
5281 7673
3676 3827
8684 5759
6213 213
8654 4880
4874 249
8432 7992
3629 9258
2058 3771
6267 5783
9077 6546
122 659
9812 1855
3327 6042
1498 1668
5962 2945
4963 8654
1044 4166
5621 6119
8872 6150
2866 8222
7489 5689
6715 1536
6645 5150
7842 2873
1428 4927
6479 9439
9584 1800
1017 2881
6756 1774
1915 1408
6301 9480
4392 9259
4618 8767
2046 2225
8357 5083
2678 3983
7280 6345
7427 4107
3286 2525
8643 5292
4336 5730
8330 5507
5188 7847
4523 467
4455 8559
5463 2218
3166 8209
5046 5200
3041 6189
7802 4832
9193 6478
2789 2502
9001 7973
9856 1111
2852 1801
9468 6913
410 3222
4254 271
8376 5394
9664 9367
7414 3535
9827 8629
9781 9615
480 2979
9438 5095
9130 4569
4629 6895
2976 304
512 5719
8649 3969
8460 6889
682 5103
3180 1616
8982 7783
5454 6583
3717 3632
1826 9614
7613 8072
8017 1929
1891 3328
589 6588
3256 6848
4381 4029
1846 1114
949 858
5415 3986
9345 8889
753 6143
6757 2203
1631 1995
1879 6344
6769 4805
3663 2014
2470 3386
5118 2145
5368 5437
8292 6680
75 2194
8316 7814
5240 9557
8588 4984
7048 2048
8374 5386
5325 2970
2060 5520
2304 8867
4792 693
3087 9497
4593 4837
9473 7739
3818 2169
1479 8666
6334 7377
8386 8862
3326 2378
1846 6343
9965 6344
8573 3838
8014 7516
1623 3312
5705 9473
8820 1544
4541 9006
2714 9512
8822 2340
7460 259
5537 2926
482 928
5176 5233
2936 4968
5905 4864
5073 6664
7724 5516
4796 953
9184 1525
1060 3352
1451 2922
1932 1057
9949 9990
7894 9503
665 977
8250 96
9625 4365
7639 431
4448 5895
1037 2032
7512 6460
8395 5499
5883 9124
5356 6242
7480 246
8730 4699
5629 3648
8076 2341
5240 9101
7732 6620
8310 1699
8305 2563
9335 2054
30 4527
7030 8566
1910 6486
3646 7636
1107 5016
5549 9667
4456 8165
3945 4057
1275 2791
2629 5614
2977 8244
9120 1111
2970 3091
751 5724
2797 833
4151 6763
4090 2300
420 9752
8970 1769
7619 2039
6653 9835
1141 3265
9402 4396
2435 2785
2573 472
9339 6674
2713 2570
607 5687
7169 3281
9512 6433
1781 4771
9076 9180
2265 7145
406 6247
699 5742
4444 3436
5101 531
4151 3089
1250 9159
8247 5952
3977 5097
3546 2785
145 3824
5160 6739
5904 8282
5983 7246
2662 2741
2699 1877
252 8195
5460 7340
7397 6949
8955 1592
3530 5984
4863 6015
3400 2499
6744 8753
1652 4946
2011 8040
1926 2074
1944 4494
1947 2570
3487 5387
6940 2998
8159 9727
8549 6403
6978 2005
8209 9447
3033 75
327 187
1079 2444
7753 5789
4808 3402
6156 8050
875 6840
3466 1692
8664 7495
8667 3220
37 8032
5160 2528
4039 897
2881 4682
1577 3541
4554 7653
410 5518
1473 8907
1270 8644
3914 2044
4855 3358
199 3102
8112 1739
9567 1495
4549 735
6539 9356
6789 8132
4058 8677
1646 5606
6355 7387
6901 1379
8968 319
2369 7518
9093 2571
6826 2644
8303 1453
4244 9821
7078 5519
1184 3912
6876 7535
9886 65
8381 492
8016 2297
4761 578
2916 2107
5762 2296
2457 7932
3724 8981
9139 8009
9940 2953
9316 7666
2377 7632
6370 1858
7700 7385
9200 6971
4848 9462
4445 4902
1268 9498
5815 4389
9201 8730
7547 8938
9113 3809
914 1774
3266 3885
2447 7476
5950 8494
8942 4171
3117 9609
1243 6014
3009 9822
7394 1621
2337 8424
8745 2735
4890 5607
5545 5615
893 392
6206 4049
3638 4268
6251 7171
3967 8916
8683 9099
9700 2648
8908 2007
3319 7164
9217 1590
9652 6398
1338 9231
153 1460
590 6381
3466 691
5392 479
6864 2301
1745 8699
1906 2610
5739 5569
6615 5146
9750 6129
9322 7914
6344 8166
2338 4159
7578 9899
3098 9385
8817 878
3258 4219
8322 7695
9006 3107
5272 6974
3765 1840
2153 107
5526 9419
4502 1056
9089 2293
8048 3666
1771 480
5201 4696
4209 236
1520 15
2752 3227
8465 1942
2525 9782
292 4947
8406 9555
757 3992
6738 5584
3346 3453
1276 9832
6967 7221
8495 8445
7406 7886
9573 2681
7152 8870
4725 1662
6927 4408
395 1312
1432 5871
4021 648
4718 7161
4004 7074
3211 6482
8608 9835
8644 9753
8563 6819
268 645
8232 1242
7995 885
2931 1347
199 3991
5270 1636
5900 6414
6242 9526
5168 3097
6396 8126
6485 8123
1886 5104
4476 3873
7631 6935
5926 9941
1467 2538
7726 5045
360 6949
8972 2453
6202 5981
2043 4813
9241 6499
7150 7313
3244 2458
6403 2974
9738 5085
7894 2906
3265 3982
4011 1371
1301 2542
7193 2864
52 9604
4032 6052
5789 4407
4928 4469
5169 5145
9775 4769
3979 7656
6681 1001
4835 7909
323 5462
6981 7430
3638 2202
5650 3927
9489 3197
589 5107
8795 9774
9467 2100
2043 9673
3710 3188
2405 3418
5932 4823
3072 2545
7788 1677
8651 859
6291 3809
4855 86
3714 1707
2402 1249
3158 4636
7466 2514
645 2680
8394 4447
9329 6790
9052 4490
670 2591
4698 878
607 2358
716 5809
5163 8235
9097 9633
3022 4619
3835 907
5233 2826
6255 8316
1684 9812
8361 9447
728 5062
6349 1039
5787 5604
7767 1464
2350 5833
7295 3888
7712 9100
421 4581
8198 585
5151 9227
9838 819
9519 1815
5893 3741
5128 5541
6084 7829
5187 5819
3065 7093
4979 8737
3098 4272
3347 4825
8839 7544
7271 1853
8727 4351
6341 7015
8953 9934
8215 3617
8217 7456
4852 2694
2577 9132
4952 2663
5023 2165
2655 8865
1265 6516
7170 5582
9335 490
6563 5718
8857 5110
6536 3263
3823 7363
8027 4538
4656 6213
8671 9224
1133 1184
8773 4109
2922 5330
2773 7210
1740 5965
8862 5435
8433 7215
4825 3476
9249 1709
1859 417
7917 4227
1212 4604
3123 9539
8799 8859
4372 1029
2053 5100
2423 1811
1091 7983
1111 6742
7925 155
3575 5040
727 9324
2569 5729
2329 3007
6699 5824
5980 3266
4237 1773
3400 1879
5388 5950
347 1650
6101 5833
7627 6690
1784 6804
4445 4837
3551 9841
2620 1968
1555 5429
554 6706
5215 1231
2300 9910
4387 5176
9516 1953
1212 7310
4889 3787
9259 395
6516 936
9843 8081
1475 8443
1519 4585
3517 9637
525 13
2066 8826
4324 9378
4718 8515
8348 1830
5657 8214
2499 8319
8786 7706
2804 7509
3635 5174
7958 3109
8478 7752
1852 8416
7627 1149
6043 2669
4571 3051
5210 5552
5093 57
1210 3929
7330 1775
5615 7422
2424 7429
8680 25
4144 9543
4040 6560
8301 7589
6046 5564
4145 9746
960 766
435 486
1325 7831
9302 3795
3697 9391
8227 7598
1758 8138
9996 2033
3088 5267
2895 7531
7509 5188
9913 779
525 4450
284 3192
4982 1179
8681 4161
6922 4213
122 4910
7525 9973
2401 6074
1493 4865
7907 4034
2308 61
8204 7720
3313 5056
1547 2992
3515 2622
759 918
8329 5908
582 8056
3117 1962
3266 9385
9124 6086
7785 1654
4775 3655
5633 4327
2522 4504
3556 151
9850 1609
4742 9718
690 5158
8935 1033
6904 8625
8756 5315
5683 6478
6573 8864
5889 675
2720 5915
7390 2178
6345 103
7895 3029
9447 4040
1419 3190
9575 7772
6671 4139
857 3427
3002 6787
1190 5043
6433 2790
7744 3450
5036 572
1636 512
9031 1949
1405 2058
8001 519
2944 4587
1710 254
5016 5048
9866 6564
2835 1718
8000 5884
2119 4365
4468 3852
1980 190
2264 5377
6386 590
1271 8601
3068 7534
2257 2303
2642 4862
8026 1519
8695 8603
3902 5569
3980 712
2278 5222
9659 4882
9885 8223
6596 6611
2853 9831
2660 9110
3548 5289
5387 7495
5418 9628
1697 4182
8148 1093
8395 3909
5370 4383
9192 2314
5254 6098
6817 8959
8927 3134
5997 1113
186 4566
5609 1525
9490 6214
866 2185
8711 6570
8352 303
8971 9262
6374 8886
6294 95
1358 8661
5423 7292
4262 6041
6280 3020
1573 9315
8409 4671
7787 6368
6801 5261
9557 722
9434 7795
6838 21
6344 4760
4389 5615
8050 237
2444 484
4100 9488
4973 177
5442 2661
5578 5536
9903 157
2511 7810
1942 6860
5778 3946
8362 2189
526 1323
6932 8627
6560 1078
5623 8163
5187 5904
6897 110
3350 1632
40 7813
7759 8930
7780 3149
3759 3539
9057 6349
7788 5899
5765 4800
9156 9403
3695 7817
9677 8947
458 7428
8554 9327
6686 3210
6955 6108
2994 541
1138 6081
5222 4979
5646 3737
751 9284
3393 4629
8971 1120
4537 9483
5011 1070
3549 8002
4799 3777
540 1985
5021 5930
3636 3752
8470 4380
5744 5366
5895 2889
1272 3781
5339 3654
259 7934
9523 9608
7444 7480
992 105
2507 6645
6480 7424
2514 5526
299 7413
8501 773
7279 3285
5398 4980
6287 1556
9050 9374
9420 9964
7681 9822
801 5774
4401 5467
7711 9136
8786 9117
1633 3805
9022 5205
4560 4219
2358 8426
9919 9439
6569 479
2255 8657
7789 8382
3546 2269
1568 956
6567 6391
4391 2797
3270 9873
8458 388
1351 7642
8639 3676
738 5976
5894 2745
1646 3195
9832 1866
7135 4519
2047 7290
7981 9676
325 7731
865 6420
882 2359
5702 9381
6177 1672
8876 9369
406 3327
5481 55
5743 7563
8620 2747
3291 6500
4709 4604
6771 7771
7404 7967
3156 3061
2836 3101
6147 2116
4560 754
4406 1460
7541 7946
8133 9170
3160 6254
5858 8584
5761 2829
9022 4883
682 7030
626 603
342 8896
1444 6154
2554 1132
4288 9678
1730 9392
4699 7759
1438 4972
1446 8041
3764 2752
4956 7783
5082 3126
3314 5343
6120 4096
1140 5641
8559 2903
9536 4785
7072 8138
6684 3704
4091 8092
4167 2859
6130 8304
9149 3927
5662 9180
1690 6269
7162 6824
7592 4173
8631 2154
9142 650
4487 7354
1108 5805
9250 8278
4354 5014
8791 7824
8612 1433
4608 4375
