1000 2
751 9284
8227 7598
1947 2570
1044 4166
5537 2926
4021 648
3586 2897
9241 6499
6242 9526
2662 2741
252 8195
5744 5366
873 6036
3692 6872
4629 6895
9738 5085
6474 7338
5905 4864
9573 2681
6433 2790
4167 2859
2573 472
6046 5564
5629 3648
9093 2571
590 6381
7930 2765
5778 3946
5210 5552
9536 4785
7842 2873
8862 5435
7193 2864
3068 7534
7949 2219
9866 6564
8620 2747
9447 4040
4979 8737
1623 3312
6569 479
4541 9006
5494 7804
6485 8123
875 6840
6294 95
9057 6349
8971 9262
7054 2985
1926 2074
3638 2202
5168 3097
7726 5045
482 928
6682 3709
8608 9835
2976 304
3319 7164
8374 5386
9886 65
5222 4979
3266 8408
6801 5261
512 5719
4541 7549
8394 4447
1338 9231
969 114
8756 5315
8432 7992
7525 9973
6202 5981
7905 2717
3033 75
268 645
6280 3020
2350 5833
7894 2906
3002 6787
1060 3352
3466 691
5702 9381
8501 773
1852 8416
4058 8677
4354 5014
9402 4396
8934 510
9832 1866
2435 2785
2713 2570
857 3427
6108 4178
7780 3149
589 5107
4699 7759
607 5687
5997 1113
1710 254
6800 2094
2573 5320
1577 3541
4237 1773
7981 9676
7619 2039
8795 9774
2043 9673
4618 8767
6922 4213
8548 4145
2329 3007
9233 6120
6396 8126
5423 7292
4889 3787
6301 9480
8348 1830
7541 7946
3022 4619
9489 3197
1473 8907
526 1323
9149 3927
3087 9497
582 8056
2402 1249
1568 956
4448 5895
2836 3101
2255 8657
2338 4159
4718 8515
1480 5218
3663 2014
9316 7666
8839 7544
5633 4327
7162 6824
5442 2661
8970 1769
7509 5188
8322 7695
8786 9117
3765 1840
4952 2663
728 5062
7089 7479
1636 512
7512 6460
9652 6398
9022 4883
6981 7430
2936 4968
9052 4490
8409 4671
6267 5783
3327 6042
395 1312
6967 7221
1891 3328
8310 1699
759 918
1438 4972
6955 6108
4336 5730
2524 8732
1697 4182
3180 1616
8303 1453
3117 1962
4523 467
5128 5541
7639 431
5011 1070
4560 4219
6213 213
9335 490
6978 2005
4835 7909
6864 2301
4816 3610
145 3824
3759 3539
801 5774
8362 2189
5657 8214
4571 3051
4608 4375
3010 1617
4487 7354
2525 9782
6345 103
4905 8646
8133 9170
8714 6752
5900 6414
7700 7385
4032 6052
5215 1231
8330 5507
7495 1313
4945 6479
5460 7340
3233 7357
1859 417
7444 7480
670 2591
8848 2884
1271 8601
7466 2514
8301 7589
6769 4805
3117 9609
685 3576
410 5518
8820 1544
9847 1699
3548 5289
6573 8864
9329 6790
4011 1371
626 603
7480 246
199 3991
5158 2201
7592 4173
6596 6611
4004 7074
8563 6819
3098 9385
8460 6889
4209 236
2866 8222
3992 8213
6499 8174
2511 7810
1879 6344
2678 3983
4850 7251
5980 3266
1405 2058
6539 9356
9050 9374
3977 5097
9031 1949
367 8896
8492 8876
5160 6739
5073 6664
3393 4629
4468 3852
2507 6645
9695 6841
4866 7267
6563 5718
3350 1632
8817 878
3980 712
5743 7563
8927 3134
4973 177
5762 2296
5281 7673
6403 2974
4560 754
8649 3969
4985 6650
323 5462
8395 3909
3697 9391
4554 7653
9856 1111
859 1526
6876 7535
5545 5615
5240 9557
4761 578
865 6420
2720 5915
9193 6478
9020 4158
7030 8566
4718 7161
7785 1654
4796 953
2699 1877
5187 5819
751 5724
9001 7973
7937 7149
8491 6742
3098 4272
2752 3227
5016 5048
1915 1408
7505 4185
7078 5519
4244 9821
1942 6860
7072 8138
7460 259
1114 9712
9097 9633
5254 6098
9567 1495
5901 7064
8638 9225
5160 2528
2181 2557
419 8167
1444 6154
8381 492
4381 4029
3346 3453
5201 4696
40 7813
1111 6742
199 3102
4445 4837
9625 4365
3123 9539
8478 7752
5021 5930
2043 4813
5176 5233
5387 7495
2550 7563
9949 9990
4144 9543
5894 2745
6715 1536
9234 6769
6927 4408
2060 5520
5339 3654
9217 1590
8305 2563
6147 2116
3314 5343
5683 6478
362 2076
8972 2453
8350 8233
410 3222
122 4910
753 6143
3326 2378
8664 7495
1646 3195
8822 2340
9089 2293
4406 1460
9584 1800
347 1650
3166 8209
2895 7531
9490 6214
6318 2237
7613 8072
3636 3752
6924 3622
9250 8278
727 9324
7330 1775
1351 7642
1480 3079
1740 5965
2278 5222
1826 9614
5623 8163
3808 4966
9557 8712
7170 5582
1467 2538
6249 534
3487 5387
2424 7429
7788 1677
9345 8889
5481 55
3657 8347
4855 86
4855 3358
9659 4882
9077 6546
6826 2644
7627 1149
9342 1613
7169 3281
8016 2297
3266 9385
690 5158
4469 676
480 2979
6645 5150
9664 9367
1167 8667
1432 5871
6838 21
7390 2178
2337 8424
1846 6343
406 3327
2514 5526
3710 3188
7052 8030
1079 2444
9996 2033
4502 1056
5787 5604
4709 4604
9775 4769
5352 1661
7397 6949
75 2194
1646 5606
3575 5040
6355 7387
1910 6486
1745 8699
3549 8002
8799 8859
4792 693
4799 3777
9827 8629
1272 3781
8217 7456
5272 6974
2714 9512
7995 885
8968 319
8292 6680
1268 9498
1210 3929
1265 6516
6567 6391
607 2358
7724 5516
4928 4469
8524 9814
2446 6905
8406 9555
1475 8443
7377 7286
525 4450
3258 4219
6699 5824
3416 6134
525 13
1141 3265
5637 7218
6177 1672
7753 5789
5741 3572
1250 9159
458 7428
8908 2007
9885 8223
3347 4825
8631 2154
8148 1093
9700 2648
5889 675
5370 4383
8955 1592
4262 6041
3646 7636
6671 4139
8747 1421
8711 6570
3629 9258
8316 7814
5893 3741
9940 2953
1190 5043
1080 9599
1573 9315
3065 7093
2484 2474
8050 237
8947 8865
4400 4238
866 2185
5325 2970
6789 8132
3530 5984
7279 3285
8376 5394
665 977
682 5103
6370 1858
9156 9403
9201 8730
3551 9841
6344 4760
9120 1111
3088 5267
1243 6014
949 858
6615 5146
8857 5110
7280 6345
3156 3061
3466 1692
6653 9835
6022 7690
5739 5569
9082 4069
1325 7831
7917 4227
8366 2515
8773 4109
6771 7771
62 9506
1133 1184
645 2680
8470 4380
1472 5494
3266 3885
4963 8654
4956 7783
9021 9987
9200 6971
940 847
8886 6027
5895 2889
1781 4771
3338 2055
7895 3029
5392 479
9575 7772
6757 2203
8644 9753
5662 9180
9403 337
3515 2622
5151 9227
37 8032
8671 9224
2569 5729
6120 4096
259 7934
1980 190
9781 9615
4476 3873
9750 6129
1441 2607
5467 6912
6522 4054
8001 519
5962 2945
8727 4351
4324 9378
4387 5176
4725 1662
7048 2048
8930 7374
5169 5145
5368 5437
9335 2054
6686 3210
8942 4171
8495 8445
3818 2169
7404 4738
3676 3827
2629 5614
8209 9447
5609 1525
3055 3936
4389 5615
3517 9637
8000 5884
7681 9822
360 6949
4372 1029
1446 8041
1428 4927
1944 4494
6255 8316
2499 8319
1037 2032
9965 6344
9139 8009
6932 8627
6374 8886
2852 1801
9516 1953
5233 2826
4040 6560
5765 4800
554 6706
7958 3109
5727 3615
2642 4862
9974 8870
5356 6242
186 4566
1846 1114
5844 1715
2358 8426
5454 6583
3400 2499
9076 9180
9812 1855
6756 1774
3158 4636
2308 61
2853 9831
5415 3986
1730 9392
2577 9132
1401 166
7732 6620
7406 7886
1824 47
1758 8138
3724 8981
8048 3666
7631 6935
2058 3771
8554 9327
6340 3528
757 3992
9022 5205
4445 4902
4863 6015
1479 8666
8232 1242
3870 1006
4982 1179
1784 6804
7789 8382
5752 4157
3945 4057
8628 8958
571 3880
8198 585
5883 9124
4606 4641
9124 6086
5926 9941
3835 907
8745 2735
1498 1668
284 3192
4455 8559
2387 8503
7788 5899
4537 9483
5789 4407
7295 3888
5023 2165
6101 5833
421 4581
1493 4865
4634 6124
4254 271
7802 4832
1631 1995
2377 7632
8935 1033
8667 3220
8026 1519
8159 9727
14 4904
2554 1132
4151 6763
992 105
2265 7145
9184 1525
3635 5174
5036 572
3256 6848
3695 7817
1107 5016
738 5976
1547 2992
2046 2225
9113 3809
5236 7794
8215 3617
7966 7993
7787 6368
893 392
3556 151
5977 3110
3481 4952
8395 5499
7427 4107
5708 1079
9467 2100
4656 6213
8876 9369
292 4947
4852 2694
8465 1942
3546 2269
6738 5584
3979 7656
8681 4161
2457 7932
3160 6254
3244 2458
2369 7518
3512 5827
9249 1709
1140 5641
6043 2669
6334 7377
8643 5292
2011 8040
9913 779
9122 1918
5761 2829
1212 7310
7547 8938
8651 859
2447 7476
4401 5467
8361 9447
2789 2502
5849 4489
5463 2218
1419 3190
9468 6913
7404 7967
6656 843
4549 735
3270 9873
6386 590
4392 9259
2797 833
4825 3476
3265 3982
6742 579
3400 1879
8791 7824
6156 8050
4090 2300
342 8896
8588 4984
1684 9812
4151 3089
2522 4504
7135 4519
8329 5908
1906 2610
7489 5689
4593 4837
5526 9419
4826 5991
2916 2107
8433 7215
6341 7015
7907 4034
5418 9628
4092 7446
7709 3265
8276 5627
2944 4587
4391 2797
3717 3632
2621 9982
9420 9964
1184 3912
3072 2545
5101 531
7767 1464
7759 8930
8112 1739
9170 6567
3967 8916
3823 7363
8386 8862
1138 6081
2474 2882
8017 1929
6084 7829
406 6247
9512 6433
7779 6409
8250 96
6086 7726
6904 8625
7728 7390
8695 8603
540 1985
914 1774
8943 2010
1652 4946
6130 8304
3041 6189
9843 8081
9664 850
8075 662
9302 3795
4456 8165
4775 3655
1212 4604
9192 2314
2922 5330
9434 7795
7712 9100
3158 8727
6344 8166
2153 107
589 6588
4444 3436
2331 6883
6349 1039
7925 155
5046 5200
2931 1347
9838 819
8639 3676
9473 7739
2300 9910
2119 4365
8352 303
5368 9247
3009 9822
3211 6482
8872 6150
5950 8494
6536 3263
2405 3418
6901 1379
3835 4169
7627 6690
5082 3126
1451 2922
2660 9110
2977 8244
5187 5904
8786 7706
8076 2341
6817 8959
3764 2752
7361 3164
8654 4880
8458 388
8247 5952
5188 7847
9677 8947
2053 5100
5932 4823
2970 3091
8507 2647
8953 9934
3178 1685
9523 9608
4453 2944
8684 5759
7711 9136
9903 157
9339 6674
5983 7246
5270 1636
2116 1122
7152 8870
8014 7516
5549 9667
1270 8644
4369 9487
8357 5083
5621 6119
325 7731
8549 6403
8971 1120
4808 3402
8730 4699
9006 3107
1091 7983
3291 6500
5093 57
960 766
2655 8865
9142 650
4698 878
5646 3737
3714 1707
2804 7509
1301 2542
4461 5834
2444 484
1715 3828
4100 9488
5815 4389
2620 1968
882 2359
1626 3100
4742 9718
6897 110
699 5742
682 7030
5578 5536
648 6580
8624 8395
2470 3386
4039 897
1275 2791
2257 2303
299 7413
2423 1811
2835 1718
7578 9899
3914 2044
6206 4049
6684 3704
1932 1057
5118 2145
9259 395
122 659
6681 1001
8027 4538
4145 9746
8680 25
5240 9101
1108 5805
6130 852
3902 5569
4890 5607
5650 3927
1519 4585
1358 8661
7465 9372
2994 541
6251 7171
3313 5056
7394 1621
2047 7290
5388 5950
420 9752
2066 8826
8612 1433
52 9604
2401 6074
1771 480
7741 6671
2881 4682
8559 2903
9519 1815
6291 3809
1017 2881
6744 8753
327 187
5858 8584
6560 1078
3546 2785
5904 8282
716 5809
3286 2525
2773 7210
4874 249
435 486
9850 1609
8982 7783
30 4527
9438 5095
832 3629
3638 4268
6940 2998
2795 621
4288 9678
1276 9832
1555 5429
5615 7422
9557 722
7150 7313
7414 3535
5705 9473
1520 15
7707 4982
9130 4569
153 1460
4091 8092
9322 7914
5398 4980
1690 6269
2745 7071
3274 7534
8204 7720
8683 9099
8573 3838
6516 936
7744 3450
2304 8867
4848 9462
3361 3330
7271 1853
7894 9503
5163 8235
1886 5104
2264 5377
6287 1556
9919 9439
6479 9439
6480 7424
1633 3805
