1000 2
5160 6739
3481 4952
7295 3888
589 6588
3992 8213
9996 2033
6539 9356
4956 7783
5858 8584
7780 3149
8460 6889
4032 6052
9184 1525
3416 6134
2642 4862
5905 4864
7150 7313
6043 2669
2255 8657
5997 1113
3055 3936
1138 6081
8886 6027
4523 467
5761 2829
3117 9609
4381 4029
2507 6645
2554 1132
4560 754
3009 9822
5481 55
9949 9990
2853 9831
8612 1433
4825 3476
8927 3134
9316 7666
2881 4682
3123 9539
801 5774
1212 7310
2043 9673
753 6143
6206 4049
2264 5377
6978 2005
3158 4636
8112 1739
526 1323
3487 5387
3638 2202
6344 8166
4406 1460
7330 1775
8791 7824
7907 4034
6615 5146
1626 3100
2714 9512
9832 1866
9781 9615
3764 2752
9345 8889
1272 3781
8563 6819
9233 6120
1852 8416
9700 2648
2713 2570
8935 1033
699 5742
4387 5176
3638 4268
2435 2785
4369 9487
480 2979
9664 850
1017 2881
5240 9557
9886 65
1926 2074
4554 7653
9584 1800
4468 3852
751 9284
3266 9385
8316 7814
7767 1464
1473 8907
3466 691
6120 4096
419 8167
1265 6516
8050 237
1730 9392
5158 2201
30 4527
5368 5437
607 5687
4092 7446
2358 8426
3338 2055
7895 3029
2047 7290
1710 254
5762 2296
512 5719
6480 7424
3244 2458
435 486
5036 572
6744 8753
8330 5507
607 2358
4487 7354
4262 6041
757 3992
5215 1231
7681 9822
4237 1773
5270 1636
8971 9262
2745 7071
6249 534
3233 7357
5743 7563
5741 3572
6403 2974
4448 5895
7414 3535
3258 4219
8548 4145
2550 7563
1915 1408
8671 9224
9575 7772
4725 1662
4401 5467
8329 5908
8478 7752
4400 4238
3313 5056
9093 2571
5151 9227
4040 6560
9339 6674
590 6381
5629 3648
2660 9110
395 1312
2011 8040
8624 8395
9738 5085
2058 3771
3695 7817
5615 7422
1944 4494
5657 8214
7753 5789
1401 166
7709 3265
7444 7480
7193 2864
9342 1613
9812 1855
4336 5730
9022 4883
8292 6680
1060 3352
582 8056
2620 1968
4455 8559
6046 5564
5325 2970
3266 3885
5787 5604
5021 5930
7054 2985
1646 3195
5494 7804
2804 7509
7072 8138
4372 1029
8620 2747
284 3192
3657 8347
3160 6254
3902 5569
3400 1879
4456 8165
6897 110
2181 2557
8970 1769
3178 1685
8643 5292
8075 662
9536 4785
8000 5884
6826 2644
7394 1621
7427 4107
5895 2889
4058 8677
9089 2293
2573 472
9919 9439
4890 5607
6499 8174
8491 6742
8458 388
6301 9480
8386 8862
4850 7251
6645 5150
1633 3805
2457 7932
9625 4365
3714 1707
4855 3358
5387 7495
3517 9637
5233 2826
4476 3873
1210 3929
2278 5222
914 1774
122 659
4816 3610
8638 9225
5983 7246
5545 5615
6522 4054
8303 1453
2369 7518
8799 8859
1684 9812
2424 7429
7788 1677
6294 95
5849 4489
1859 417
5778 3946
2970 3091
8133 9170
525 13
4254 271
9516 1953
8628 8958
8608 9835
7917 4227
2402 1249
9192 2314
3400 2499
5980 3266
8352 303
2577 9132
9149 3927
5236 7794
6341 7015
8409 4671
8971 1120
1250 9159
410 3222
9097 9633
8681 4161
5339 3654
5623 8163
5926 9941
4835 7909
299 7413
6156 8050
7726 5045
4606 4641
7930 2765
3466 1692
3033 75
8953 9934
7048 2048
4392 9259
7949 2219
153 1460
7744 3450
2852 1801
3087 9497
1519 4585
949 858
8495 8445
5423 7292
7619 2039
8664 7495
1555 5429
8972 2453
6742 579
4151 3089
9567 1495
5415 3986
8857 5110
8549 6403
9076 9180
1690 6269
1275 2791
682 5103
2922 5330
7592 4173
6769 4805
8982 7783
4973 177
6202 5981
5093 57
1577 3541
7787 6368
4288 9678
1631 1995
199 3102
8305 2563
7759 8930
3823 7363
1451 2922
9322 7914
259 7934
6022 7690
5073 6664
5128 5541
8756 5315
4796 953
9329 6790
6536 3263
1133 1184
8786 7706
7779 6409
4090 2300
9139 8009
670 2591
8217 7456
5739 5569
7700 7385
2662 2741
7404 4738
5392 479
7078 5519
4863 6015
6756 1774
1212 4604
6864 2301
9022 5205
3724 8981
9695 6841
9468 6913
3808 4966
4945 6479
4848 9462
9913 779
3347 4825
8573 3838
5356 6242
1520 15
4444 3436
3676 3827
6345 103
1480 3079
7707 4982
8017 1929
8644 9753
873 6036
1111 6742
2499 8319
1947 2570
8631 2154
2511 7810
9201 8730
6349 1039
9847 1699
2447 7476
3088 5267
5705 9473
1301 2542
8376 5394
3530 5984
1141 3265
6940 2998
6516 936
1636 512
1467 2538
8711 6570
5889 675
5101 531
7578 9899
37 8032
5160 2528
8862 5435
1444 6154
3979 7656
2308 61
2773 7210
8727 4351
9241 6499
6686 3210
6213 213
8839 7544
6147 2116
8680 25
6340 3528
2060 5520
5187 5819
2484 2474
3512 5827
2525 9782
1270 8644
8876 9369
5815 4389
2405 3418
5894 2745
2795 621
7509 5188
8350 8233
6932 8627
5046 5200
9031 1949
2522 4504
4537 9483
3697 9391
7135 4519
3710 3188
2304 8867
6771 7771
3265 3982
1891 3328
9519 1815
1824 47
9677 8947
7152 8870
3870 1006
2789 2502
5352 1661
7627 6690
3556 151
1886 5104
7728 7390
8215 3617
2338 4159
4866 7267
9249 1709
8395 5499
8714 6752
6386 590
5176 5233
8524 9814
7525 9973
4629 6895
9403 337
9940 2953
3022 4619
4775 3655
5210 5552
3635 5174
6267 5783
8955 1592
960 766
4354 5014
7894 9503
8470 4380
525 4450
8001 519
1826 9614
4389 5615
2678 3983
7169 3281
4742 9718
4985 6650
9447 4040
9120 1111
6567 6391
5272 6974
1479 8666
9750 6129
4718 7161
8817 878
893 392
716 5809
2835 1718
4608 4375
1573 9315
2629 5614
9050 9374
6560 1078
1942 6860
4244 9821
9473 7739
4709 4604
8930 7374
8908 2007
1276 9832
6242 9526
5637 7218
410 5518
1715 3828
8654 4880
1268 9498
7724 5516
6684 3704
5844 1715
2257 2303
6344 4760
2337 8424
9020 4158
9200 6971
9974 8870
6789 8132
9856 1111
4593 4837
5578 5536
4445 4902
4656 6213
5901 7064
7789 8382
2573 5320
3350 1632
5662 9180
7361 3164
5188 7847
1697 4182
5646 3737
8639 3676
9659 4882
1932 1057
626 603
1114 9712
6251 7171
6955 6108
40 7813
3117 1962
5169 5145
1405 2058
1446 8041
7505 4185
882 2359
2720 5915
9438 5095
4852 2694
7480 246
7162 6824
1646 5606
1091 7983
6433 2790
2895 7531
1428 4927
9467 2100
1438 4972
7406 7886
5023 2165
5370 4383
5222 4979
4928 4469
3835 907
2444 484
1758 8138
9335 2054
4549 735
859 1526
5609 1525
727 9324
5398 4980
7541 7946
6981 7430
5454 6583
2053 5100
9250 8278
832 3629
1568 956
5011 1070
969 114
4391 2797
5752 4157
5082 3126
8501 773
1358 8661
3546 2269
7280 6345
5016 5048
6255 8316
4634 6124
5388 5950
14 4904
1740 5965
9142 650
1271 8601
9302 3795
6355 7387
8683 9099
5900 6414
8730 4699
589 5107
5727 3615
367 8896
325 7731
4905 8646
2621 9982
292 4947
2944 4587
5442 2661
8667 3220
8357 5083
8432 7992
5977 3110
3967 8916
5708 1079
5281 7673
8465 1942
6287 1556
685 3576
7905 2717
9573 2681
4445 4837
4761 578
690 5158
5621 6119
6904 8625
1652 4946
3835 4169
6800 2094
6967 7221
9850 1609
6485 8123
5460 7340
7390 2178
3818 2169
7627 1149
1080 9599
8745 2735
4011 1371
3068 7534
9512 6433
6924 3622
4151 6763
5254 6098
8820 1544
7802 4832
8492 8876
6130 852
8148 1093
9193 6478
5893 3741
7894 2906
6682 3709
8968 319
2836 3101
3327 6042
3759 3539
122 4910
406 3327
2153 107
6370 1858
6596 6611
5418 9628
4792 693
2994 541
2655 8865
6927 4408
8872 6150
3326 2378
6699 5824
9077 6546
8227 7598
4461 5834
9122 1918
6738 5584
3393 4629
2936 4968
1107 5016
252 8195
4039 897
5537 2926
8014 7516
3548 5289
759 918
7732 6620
5463 2218
3646 7636
62 9506
8322 7695
1475 8443
4874 249
5765 4800
3256 6848
5118 2145
992 105
4453 2944
1044 4166
1498 1668
8747 1421
8822 2340
7377 7286
7966 7993
645 2680
362 2076
8366 2515
4979 8737
421 4581
7495 1313
1910 6486
2916 2107
8942 4171
8016 2297
9965 6344
4982 1179
9490 6214
3156 3061
1167 8667
6280 3020
4855 86
1351 7642
8651 859
554 6706
2474 2882
3663 2014
5702 9381
2446 6905
8394 4447
866 2185
323 5462
6801 5261
8684 5759
8250 96
857 3427
9557 722
3914 2044
9664 9367
1419 3190
8247 5952
5467 6912
6374 8886
5744 5366
5932 4823
4571 3051
1846 1114
5950 8494
2401 6074
2569 5729
2977 8244
5201 4696
2046 2225
9420 9964
9006 3107
4167 2859
3291 6500
482 928
3072 2545
6108 4178
7639 431
342 8896
9217 1590
8361 9447
7995 885
8695 8603
5789 4407
5650 3927
9489 3197
2866 8222
7711 9136
199 3991
6876 7535
4618 8767
2976 304
8232 1242
2699 1877
6922 4213
3586 2897
52 9604
7460 259
3286 2525
8027 4538
1190 5043
1623 3312
145 3824
4808 3402
420 9752
2300 9910
8204 7720
7842 2873
6656 843
1472 5494
1037 2032
5633 4327
9052 4490
4541 9006
8588 4984
1879 6344
3717 3632
8406 9555
3098 9385
8786 9117
8374 5386
6130 8304
6334 7377
8048 3666
8947 8865
9434 7795
7466 2514
4963 8654
9001 7973
7788 5899
2066 8826
8395 3909
4718 8515
4100 9488
9234 6769
8209 9447
1980 190
5904 8282
8795 9774
3551 9841
2265 7145
75 2194
4145 9746
3270 9873
9124 6086
6101 5833
2387 8503
2752 3227
1745 8699
406 6247
4324 9378
7925 155
7741 6671
1480 5218
7613 8072
3010 1617
1771 480
9866 6564
3041 6189
2331 6883
3180 1616
8433 7215
7404 7967
9827 8629
7981 9676
1493 4865
7785 1654
682 7030
2931 1347
1325 7831
648 6580
327 187
8934 510
9557 8712
9021 9987
6474 7338
2377 7632
3166 8209
2116 1122
9156 9403
9885 8223
9130 4569
2524 8732
8198 585
3692 6872
4469 676
4698 878
1906 2610
728 5062
6563 5718
7489 5689
9838 819
1108 5805
1846 6343
540 1985
6838 21
3266 8408
4560 4219
3980 712
865 6420
1441 2607
3002 6787
3098 4272
738 5976
6569 479
6396 8126
1079 2444
8076 2341
9843 8081
4091 8092
5883 9124
7631 6935
3314 5343
6573 8864
2043 4813
9170 6567
6715 1536
7397 6949
2470 3386
4021 648
4889 3787
8554 9327
8381 492
665 977
5240 9101
7052 8030
3361 3330
3575 5040
8276 5627
6671 4139
4209 236
9402 4396
6653 9835
9057 6349
5163 8235
9335 490
8559 2903
3515 2622
1140 5641
4502 1056
9775 4769
4004 7074
458 7428
6757 2203
8362 2189
4541 7549
5526 9419
8310 1699
751 5724
8848 2884
9903 157
5683 6478
1243 6014
6681 1001
1338 9231
6901 1379
9113 3809
1547 2992
4952 2663
8159 9727
3977 5097
3945 4057
6084 7829
4799 3777
8773 4109
1184 3912
3065 7093
7089 7479
9523 9608
3546 2785
7937 7149
2119 4365
5368 9247
6817 8959
7030 8566
9652 6398
2514 5526
347 1650
3346 3453
268 645
186 4566
6177 1672
1432 5871
1784 6804
6479 9439
3636 3752
7465 9372
8026 1519
5187 5904
2423 1811
7271 1853
7279 3285
7958 3109
7547 8938
940 847
360 6949
2329 3007
3319 7164
5962 2945
8649 3969
7712 9100
9082 4069
6086 7726
4144 9543
1781 4771
8348 1830
3211 6482
7170 5582
2797 833
8301 7589
3629 9258
7512 6460
4826 5991
6318 2237
2350 5833
3158 8727
571 3880
9259 395
8507 2647
3549 8002
3765 1840
3274 7534
4699 7759
875 6840
8943 2010
5549 9667
5168 3097
6291 3809
