1000 2
9781 9615
8361 9447
7150 7313
1472 5494
3266 3885
1338 9231
8460 6889
6433 2790
1446 8041
9120 1111
3977 5097
554 6706
5046 5200
2881 4682
6086 7726
4389 5615
8501 773
5254 6098
665 977
9249 1709
9241 6499
5662 9180
5765 4800
2119 4365
406 3327
6742 579
1771 480
4244 9821
6349 1039
1784 6804
9097 9633
1114 9712
8680 25
1690 6269
8352 303
5163 8235
2424 7429
7681 9822
6738 5584
8982 7783
685 3576
5481 55
5215 1231
9438 5095
153 1460
7949 2219
2525 9782
3764 2752
8943 2010
5744 5366
8955 1592
1467 2538
3326 2378
8549 6403
8930 7374
8362 2189
6403 2974
2507 6645
8495 8445
1980 190
323 5462
4254 271
1519 4585
3717 3632
2773 7210
5151 9227
2257 2303
4209 236
6341 7015
5387 7495
3663 2014
525 13
2678 3983
5752 4157
4324 9378
7788 5899
690 5158
4387 5176
9516 1953
8786 7706
5789 4407
7414 3535
4444 3436
716 5809
3166 8209
2043 4813
1498 1668
3466 691
7789 8382
325 7731
4100 9488
2573 472
6801 5261
3180 1616
4593 4837
5467 6912
482 928
7627 6690
8374 5386
5325 2970
8348 1830
3286 2525
682 5103
7048 2048
1276 9832
1646 3195
1846 6343
2621 9982
1947 2570
6147 2116
3087 9497
1631 1995
3517 9637
3635 5174
1432 5871
3313 5056
3546 2785
3515 2622
7279 3285
2660 9110
8433 7215
1250 9159
4392 9259
9847 1699
3765 1840
2401 6074
9233 6120
3980 712
9156 9403
1942 6860
8608 9835
9093 2571
5901 7064
284 3192
1906 2610
9827 8629
252 8195
5997 1113
4448 5895
8876 9369
6645 5150
3022 4619
5021 5930
2895 7531
6876 7535
9700 2648
1037 2032
8507 2647
5388 5950
8667 3220
9750 6129
2402 1249
6653 9835
8971 1120
9664 9367
8232 1242
8747 1421
199 3102
2745 7071
1265 6516
360 6949
8386 8862
3697 9391
6681 1001
5023 2165
6955 6108
4835 7909
8292 6680
1401 166
8303 1453
5158 2201
759 918
7842 2873
607 5687
1473 8907
8301 7589
8492 8876
893 392
6817 8959
5739 5569
8409 4671
5160 6739
9022 5205
8217 7456
9184 1525
6516 936
3546 2269
1879 6344
9052 4490
1852 8416
6120 4096
1824 47
5201 4696
6101 5833
8786 9117
1626 3100
5270 1636
4874 249
6242 9526
9050 9374
5368 9247
7700 7385
7465 9372
2047 7290
3393 4629
259 7934
4092 7446
7780 3149
6499 8174
5778 3946
2457 7932
3178 1685
5950 8494
9512 6433
4699 7759
2514 5526
5036 572
5858 8584
4541 9006
2329 3007
2720 5915
5849 4489
1547 2992
3041 6189
5370 4383
3350 1632
645 2680
6901 1379
6756 1774
6318 2237
8000 5884
37 8032
9832 1866
5101 531
6573 8864
6539 9356
6474 7338
9843 8081
7169 3281
9006 3107
4554 7653
2300 9910
6386 590
7995 885
3010 1617
122 4910
1730 9392
6904 8625
1167 8667
7724 5516
4618 8767
9467 2100
1091 7983
5743 7563
3123 9539
2447 7476
2699 1877
8559 2903
3695 7817
7466 2514
5188 7847
6686 3210
7406 7886
5683 6478
590 6381
1715 3828
8817 878
419 8167
2331 6883
122 659
2255 8657
9259 395
9250 8278
2976 304
1646 5606
1419 3190
7619 2039
2550 7563
5442 2661
7930 2765
4850 7251
5621 6119
9903 157
6291 3809
3692 6872
458 7428
8076 2341
2522 4504
607 2358
7489 5689
9193 6478
8458 388
6084 7829
5233 2826
9567 1495
5176 5233
9447 4040
8148 1093
8711 6570
9089 2293
5637 7218
7394 1621
7525 9973
9403 337
1325 7831
1358 8661
4011 1371
8624 8395
2484 2474
395 1312
589 6588
6789 8132
6536 3263
3088 5267
1212 7310
3117 1962
8644 9753
9584 1800
4792 693
6569 479
4354 5014
7631 6935
5082 3126
571 3880
7759 8930
9057 6349
5128 5541
9695 6841
1697 4182
6130 8304
5118 2145
8465 1942
5423 7292
7981 9676
2444 484
5454 6583
5187 5819
4400 4238
5272 6974
2554 1132
6682 3709
2405 3418
2569 5729
4698 878
3636 3752
4381 4029
4973 177
2043 9673
3291 6500
1108 5805
8639 3676
9122 1918
6043 2669
5339 3654
7271 1853
5222 4979
4144 9543
9885 8223
8330 5507
670 2591
7753 5789
7779 6409
8695 8603
1710 254
4928 4469
5537 2926
4004 7074
6744 8753
52 9604
6046 5564
2446 6905
8406 9555
682 7030
8651 859
2058 3771
969 114
4445 4837
3156 3061
1573 9315
8934 510
873 6036
6249 534
1080 9599
757 3992
5708 1079
3835 4169
2977 8244
1944 4494
8305 2563
3256 6848
3556 151
2795 621
1846 1114
859 1526
6715 1536
410 5518
1428 4927
7361 3164
8942 4171
1745 8699
367 8896
2116 1122
4725 1662
7135 4519
1479 8666
2265 7145
2629 5614
4549 735
3586 2897
7072 8138
9342 1613
8671 9224
8133 9170
5761 2829
8649 3969
1475 8443
2350 5833
2866 8222
3400 2499
8573 3838
2470 3386
5727 3615
5168 3097
362 2076
9402 4396
4826 5991
4709 4604
1079 2444
6280 3020
9322 7914
7427 4107
6771 7771
5962 2945
6340 3528
3068 7534
2577 9132
8638 9225
2797 833
727 9324
3808 4966
7541 7946
8329 5908
7052 8030
4718 8515
3416 6134
6940 2998
1271 8601
8631 2154
3117 9609
5398 4980
40 7813
7767 1464
8773 4109
1781 4771
4090 2300
1555 5429
5016 5048
1577 3541
9217 1590
1141 3265
3274 7534
7054 2985
4571 3051
9573 2681
8357 5083
9077 6546
7512 6460
9775 4769
5210 5552
8198 585
3266 9385
1275 2791
3714 1707
3992 8213
8953 9934
8209 9447
9738 5085
3549 8002
7592 4173
4718 7161
6567 6391
5609 1525
9329 6790
7613 8072
728 5062
8791 7824
4952 2663
3265 3982
7193 2864
2046 2225
6213 213
6374 8886
4608 4375
8432 7992
5460 7340
9886 65
3512 5827
2836 3101
5815 4389
8322 7695
3055 3936
753 6143
1636 512
8395 5499
8971 9262
7509 5188
4058 8677
4288 9678
6156 8050
2338 4159
1932 1057
6838 21
1444 6154
8714 6752
421 4581
1441 2607
8862 5435
5392 479
8310 1699
5281 7673
62 9506
7925 155
525 4450
8839 7544
5629 3648
8628 8958
3487 5387
6656 843
2804 7509
2752 3227
9022 4883
5702 9381
8730 4699
410 3222
8247 5952
4866 7267
9659 4882
4237 1773
3361 3330
7030 8566
5415 3986
3823 7363
4461 5834
4855 86
9200 6971
699 5742
3530 5984
3347 4825
9557 722
3319 7164
589 5107
4560 4219
1060 3352
8016 2297
30 4527
4369 9487
4775 3655
1107 5016
6287 1556
7078 5519
9850 1609
4039 897
7295 3888
4145 9746
9170 6567
4863 6015
8872 6150
9996 2033
6267 5783
4855 3358
145 3824
4391 2797
4742 9718
6769 4805
8612 1433
3638 2202
9856 1111
2377 7632
9149 3927
3346 3453
2524 8732
8935 1033
2642 4862
8822 2340
648 6580
292 4947
5762 2296
406 6247
3979 7656
2573 5320
6202 5981
866 2185
5240 9101
3314 5343
8027 4538
1190 5043
9124 6086
8075 662
8548 4145
480 2979
4761 578
4890 5607
8620 2747
347 1650
4889 3787
3902 5569
8026 1519
751 9284
6932 8627
3327 6042
8554 9327
5578 5536
626 603
9082 4069
4629 6895
5889 675
7330 1775
3551 9841
9523 9608
6757 2203
2511 7810
268 645
8376 5394
6699 5824
1212 4604
75 2194
949 858
8524 9814
3575 5040
5240 9557
6177 1672
7480 246
8968 319
8857 5110
4905 8646
3914 2044
3646 7636
8799 8859
832 3629
5633 4327
8204 7720
9974 8870
2713 2570
4455 8559
1133 1184
6897 110
4406 1460
4502 1056
8491 6742
1826 9614
5883 9124
9076 9180
9020 4158
9812 1855
6927 4408
9919 9439
2060 5520
8654 4880
8683 9099
1268 9498
6596 6611
6522 4054
5977 3110
7958 3109
3270 9873
2337 8424
4852 2694
1451 2922
2789 2502
2852 1801
8478 7752
9192 2314
5904 8282
4523 467
327 187
7170 5582
7785 1654
1520 15
6022 7690
14 4904
7460 259
1652 4946
4456 8165
8795 9774
8745 2735
1623 3312
9664 850
8820 1544
342 8896
4091 8092
5615 7422
7709 3265
3548 5289
5093 57
4040 6560
1915 1408
1480 5218
8048 3666
4541 7549
8017 1929
1138 6081
5650 3927
7732 6620
4816 3610
3002 6787
2066 8826
8159 9727
8227 7598
2369 7518
8014 7516
7917 4227
9519 1815
8215 3617
9434 7795
9490 6214
435 486
5526 9419
8927 3134
4032 6052
9021 9987
2499 8319
5494 7804
7726 5045
9965 6344
882 2359
4982 1179
4151 6763
3258 4219
7894 9503
7744 3450
8908 2007
940 847
5705 9473
4476 3873
1301 2542
2944 4587
2278 5222
4167 2859
1633 3805
3870 1006
960 766
8588 4984
8848 2884
3400 1879
914 1774
5623 8163
8970 1769
4468 3852
4848 9462
4336 5730
8563 6819
7162 6824
8276 5627
1926 2074
7397 6949
1184 3912
8727 4351
7495 1313
4796 953
2474 2882
7377 7286
8394 4447
1270 8644
9575 7772
6563 5718
3629 9258
5900 6414
1684 9812
3266 8408
7280 6345
6671 4139
5905 4864
2153 107
2387 8503
540 1985
3160 6254
3835 907
3818 2169
992 105
3466 1692
4453 2944
582 8056
7707 4982
6978 2005
6615 5146
4151 3089
1351 7642
7390 2178
6396 8126
3158 4636
7741 6671
6108 4178
9335 490
9316 7666
4445 4902
6967 7221
8664 7495
2304 8867
8681 4161
9473 7739
2264 5377
8381 492
7444 7480
3481 4952
7627 1149
4979 8737
9940 2953
3657 8347
3009 9822
1140 5641
8947 8865
5463 2218
8756 5315
7547 8938
9489 3197
2181 2557
7907 4034
6485 8123
1910 6486
3072 2545
7788 1677
4372 1029
6206 4049
4985 6650
8366 2515
7787 6368
8001 519
3233 7357
2853 9831
6355 7387
2835 1718
3967 8916
1740 5965
5418 9628
5356 6242
299 7413
420 9752
8643 5292
5983 7246
199 3991
7152 8870
9913 779
5787 5604
9557 8712
9536 4785
3158 8727
6864 2301
7802 4832
2011 8040
9677 8947
2994 541
4021 648
7089 7479
4537 9483
4963 8654
6560 1078
8972 2453
9335 2054
2922 5330
5368 5437
6130 852
512 5719
9001 7973
9234 6769
857 3427
9302 3795
4487 7354
7895 3029
5844 1715
3338 2055
8395 3909
6479 9439
1493 4865
5073 6664
9468 6913
751 5724
9142 650
5169 5145
9031 1949
8350 8233
1111 6742
1758 8138
1044 4166
875 6840
6981 7430
7711 9136
2970 3091
8886 6027
8112 1739
6294 95
8316 7814
7505 4185
3676 3827
2620 1968
1210 3929
4799 3777
3244 2458
4956 7783
7966 7993
7728 7390
4606 4641
9652 6398
5895 2889
1243 6014
865 6420
6924 3622
5646 3737
738 5976
2936 4968
7894 2906
4808 3402
6301 9480
1568 956
3759 3539
8684 5759
3945 4057
1017 2881
186 4566
2916 2107
9838 819
5932 4823
6684 3704
4634 6124
3211 6482
1859 417
6826 2644
5011 1070
7404 7967
5741 3572
2358 8426
2931 1347
1438 4972
6370 1858
1891 3328
5187 5904
1886 5104
6255 8316
7937 7149
6344 4760
4469 676
801 5774
3033 75
2308 61
2053 5100
4825 3476
5236 7794
3098 4272
8050 237
3710 3188
5352 1661
9139 8009
5657 8214
3638 4268
7404 4738
9339 6674
6251 7171
2714 9512
5894 2745
5980 3266
4560 754
9625 4365
7639 431
2423 1811
4262 6041
9866 6564
7905 2717
3724 8981
2662 2741
3065 7093
9949 9990
9420 9964
9201 8730
1405 2058
5893 3741
1480 3079
526 1323
3098 9385
7712 9100
6480 7424
1272 3781
5160 2528
5545 5615
4656 6213
5926 9941
7578 9899
9113 3809
6345 103
4945 6479
8250 96
9130 4569
2655 8865
6800 2094
2435 2785
5549 9667
4401 5467
6344 8166
8470 4380
9345 8889
6334 7377
6922 4213
