1000 2
2435 2785
7753 5789
6120 4096
8303 1453
3009 9822
1441 2607
9850 1609
6485 8123
3945 4057
395 1312
5158 2201
4476 3873
1626 3100
8292 6680
7759 8930
9856 1111
4392 9259
4973 177
2629 5614
5650 3927
7707 4982
4808 3402
7152 8870
3714 1707
751 9284
8433 7215
3068 7534
8016 2297
5210 5552
4866 7267
8612 1433
9519 1815
3002 6787
8148 1093
1044 4166
6800 2094
7295 3888
9097 9633
5744 5366
3033 75
5272 6974
8822 2340
3291 6500
8495 8445
6817 8959
5460 7340
7162 6824
8639 3676
5352 1661
8501 773
480 2979
3835 907
8133 9170
4618 8767
3055 3936
3117 9609
1401 166
7741 6671
8250 96
9020 4158
5789 4407
6645 5150
1547 2992
268 645
2660 9110
4040 6560
1771 480
7444 7480
6177 1672
1646 5606
6876 7535
4262 6041
2569 5729
1859 417
7789 8382
7726 5045
5128 5541
4656 6213
4979 8737
4928 4469
8681 4161
645 2680
8027 4538
9249 1709
435 486
648 6580
8968 319
2795 621
4032 6052
3646 7636
7981 9676
9903 157
30 4527
1479 8666
8872 6150
4541 9006
3818 2169
360 6949
4792 693
6403 2974
7509 5188
1212 4604
5118 2145
2423 1811
9659 4882
5270 1636
4725 1662
9006 3107
7930 2765
7397 6949
1573 9315
1781 4771
347 1650
6386 590
6653 9835
8507 2647
4400 4238
7054 2985
757 3992
1271 8601
5883 9124
9076 9180
8374 5386
9467 2100
4389 5615
1438 4972
6671 4139
8209 9447
5168 3097
4549 735
7592 4173
5011 1070
1079 2444
7170 5582
2773 7210
8942 4171
1932 1057
3870 1006
1275 2791
6615 5146
6374 8886
367 8896
8620 2747
9120 1111
1338 9231
4523 467
3400 2499
9403 337
6341 7015
3266 9385
8381 492
8711 6570
1730 9392
2447 7476
5727 3615
1351 7642
8524 9814
2835 1718
3160 6254
8017 1929
3211 6482
9700 2648
9919 9439
9974 8870
406 6247
6686 3210
1633 3805
3551 9841
7271 1853
5815 4389
3629 9258
873 6036
9057 6349
3244 2458
6757 2203
969 114
865 6420
5281 7673
7631 6935
9996 2033
665 977
4816 3610
6086 7726
9322 7914
2642 4862
859 1526
1419 3190
9149 3927
8955 1592
6744 8753
1276 9832
1475 8443
8683 9099
153 1460
4455 8559
7724 5516
2300 9910
6932 8627
7925 155
9124 6086
3979 7656
8014 7516
1451 2922
1405 2058
3158 8727
2804 7509
2621 9982
2678 3983
7966 7993
6699 5824
2853 9831
2994 541
9781 9615
4560 754
3180 1616
3178 1685
410 3222
1080 9599
3695 7817
7995 885
8747 1421
5549 9667
7728 7390
6738 5584
3256 6848
5442 2661
4372 1029
5615 7422
5093 57
3548 5289
7169 3281
8362 2189
4011 1371
5463 2218
9536 4785
1190 5043
7193 2864
8667 3220
1631 1995
1141 3265
5662 9180
8927 3134
1270 8644
4761 578
8554 9327
6769 4805
2507 6645
3638 4268
2011 8040
9843 8081
8352 303
1060 3352
3117 1962
3361 3330
8947 8865
4144 9543
2881 4682
4541 7549
7460 259
2573 472
5201 4696
6981 7430
1114 9712
6682 3709
5151 9227
8198 585
1467 2538
8460 6889
2470 3386
6924 3622
8791 7824
2577 9132
3266 8408
8050 237
3808 4966
882 2359
8730 4699
5222 4979
7465 9372
6249 534
8559 2903
2662 2741
1577 3541
2524 8732
9234 6769
4890 5607
4502 1056
682 7030
6280 3020
5387 7495
3549 8002
2402 1249
3914 2044
4445 4837
6344 4760
2836 3101
9302 3795
512 5719
5657 8214
8394 4447
1846 1114
2350 5833
1107 5016
7048 2048
3072 2545
9885 8223
7788 5899
2444 484
7512 6460
4090 2300
9625 4365
866 2185
5356 6242
9139 8009
4863 6015
5621 6119
2278 5222
2047 7290
4855 86
1272 3781
292 4947
6396 8126
4799 3777
3286 2525
2424 7429
7627 1149
4848 9462
4445 4902
5629 3648
4487 7354
5494 7804
6656 843
8908 2007
3270 9873
9192 2314
75 2194
2970 3091
690 5158
6904 8625
2866 8222
8470 4380
5743 7563
9345 8889
2331 6883
992 105
9827 8629
6573 8864
3156 3061
5977 3110
6560 1078
8756 5315
4151 3089
2369 7518
5240 9101
5893 3741
4469 676
8930 7374
5980 3266
1636 512
8786 9117
5467 6912
3575 5040
2554 1132
9142 650
6202 5981
8848 2884
8876 9369
8857 5110
5187 5904
7639 431
3638 2202
540 1985
1519 4585
9490 6214
4985 6650
5160 2528
4461 5834
9184 1525
9217 1590
626 603
6742 579
2944 4587
7619 2039
8395 5499
751 5724
4145 9746
5233 2826
3314 5343
9250 8278
410 5518
2257 2303
1428 4927
5926 9941
4100 9488
4606 4641
525 13
5016 5048
6213 213
1268 9498
960 766
1947 2570
9949 9990
5046 5200
1824 47
7613 8072
2916 2107
3158 4636
589 5107
8654 4880
7712 9100
3481 4952
5254 6098
3466 691
8664 7495
2264 5377
9567 1495
6536 3263
8330 5507
9316 7666
8478 7752
9512 6433
9201 8730
9089 2293
2043 4813
2329 3007
2304 8867
1784 6804
7700 7385
3022 4619
199 3102
5481 55
9652 6398
7541 7946
1710 254
4571 3051
9523 9608
8329 5908
5418 9628
4167 2859
8217 7456
4092 7446
6206 4049
8684 5759
3635 5174
9200 6971
8432 7992
3977 5097
6349 1039
3088 5267
1684 9812
9447 4040
682 5103
9438 5095
9573 2681
5849 4489
2255 8657
9695 6841
4826 5991
7907 4034
699 5742
7505 4185
4254 271
6251 7171
1250 9159
5889 675
3041 6189
4982 1179
5844 1715
4709 4604
7414 3535
6838 21
9838 819
4453 2944
6291 3809
7937 7149
6684 3704
2265 7145
8491 6742
6826 2644
7917 4227
4091 8092
9001 7973
3265 3982
801 5774
6242 9526
3350 1632
3400 1879
3759 3539
8465 1942
4775 3655
7779 6409
1915 1408
3657 8347
5423 7292
1944 4494
7406 7886
3636 3752
6301 9480
5392 479
8972 2453
3710 3188
8631 2154
2895 7531
3166 8209
9832 1866
893 392
9082 4069
6922 4213
4058 8677
3724 8981
914 1774
7895 3029
4151 6763
3697 9391
9473 7739
4537 9483
8714 6752
8000 5884
2714 9512
3835 4169
607 5687
3233 7357
2401 6074
1715 3828
1926 2074
8276 5627
7089 7479
2752 3227
3692 6872
3676 3827
7547 8938
5339 3654
2308 61
7390 2178
5900 6414
857 3427
8395 3909
7480 246
9965 6344
4554 7653
5578 5536
2797 833
6569 479
8305 2563
9022 5205
9335 490
3967 8916
4956 7783
9130 4569
8215 3617
122 659
1493 4865
2699 1877
9329 6790
9575 7772
7150 7313
3980 712
3087 9497
6756 1774
3319 7164
2745 7071
940 847
6681 1001
3992 8213
3717 3632
8076 2341
5787 5604
5683 6478
7787 6368
5325 2970
8651 859
3902 5569
4406 1460
1111 6742
8971 1120
8048 3666
9077 6546
4835 7909
3010 1617
7627 6690
727 9324
571 3880
5537 2926
1473 8907
4004 7074
7495 1313
4401 5467
6978 2005
9434 7795
8839 7544
1091 7983
8817 878
8406 9555
9342 1613
1910 6486
3764 2752
7767 1464
6043 2669
3338 2055
3313 5056
7377 7286
2514 5526
8786 7706
5765 4800
1745 8699
1697 4182
8316 7814
8695 8603
9516 1953
4608 4375
2046 2225
6130 852
3098 4272
6516 936
738 5976
2720 5915
7842 2873
342 8896
8573 3838
8820 1544
5187 5819
4699 7759
1301 2542
8386 8862
7427 4107
9557 8712
1879 6344
3393 4629
9156 9403
6596 6611
3556 151
949 858
5637 7218
3258 4219
2573 5320
2936 4968
9122 1918
9750 6129
8159 9727
3266 3885
4945 6479
2043 9673
1444 6154
8322 7695
8680 25
2474 2882
8075 662
3466 1692
1740 5965
419 8167
7949 2219
8970 1769
2058 3771
3663 2014
186 4566
2655 8865
5646 3737
9170 6567
5160 6739
4905 8646
362 2076
3274 7534
1133 1184
6147 2116
3123 9539
7788 1677
9420 9964
8366 2515
7052 8030
7030 8566
8608 9835
6474 7338
7135 4519
4634 6124
8886 6027
5895 2889
6789 8132
1520 15
6897 110
5741 3572
6334 7377
5901 7064
7894 2906
2153 107
2066 8826
728 5062
7905 2717
4288 9678
4468 3852
7361 3164
8971 9262
1210 3929
7744 3450
4369 9487
4391 2797
4855 3358
6084 7829
3065 7093
9664 850
4560 4219
8563 6819
2053 5100
4039 897
6901 1379
6022 7690
8357 5083
8376 5394
1652 4946
8588 4984
145 3824
7404 4738
6480 7424
8310 1699
6715 1536
9940 2953
2337 8424
1108 5805
5169 5145
1138 6081
4874 249
4456 8165
5983 7246
8628 8958
6539 9356
1623 3312
1265 6516
2181 2557
6771 7771
7780 3149
8549 6403
5545 5615
2976 304
9335 2054
6563 5718
8943 2010
8953 9934
7958 3109
6955 6108
5997 1113
284 3192
5633 4327
9402 4396
9886 65
2457 7932
8795 9774
8638 9225
6522 4054
2852 1801
7711 9136
8548 4145
6370 1858
7404 7967
582 8056
1167 8667
6340 3528
2931 1347
9664 9367
325 7731
1886 5104
5176 5233
252 8195
685 3576
5702 9381
4381 4029
5023 2165
5388 5950
1568 956
4444 3436
6567 6391
1891 3328
8649 3969
1758 8138
9812 1855
8026 1519
9022 4883
5705 9473
1472 5494
8982 7783
9050 9374
1432 5871
2922 5330
8727 4351
122 4910
7525 9973
1358 8661
1498 1668
7681 9822
8247 5952
9093 2571
9866 6564
3765 1840
2484 2474
8799 8859
1846 6343
6344 8166
2620 1968
2338 4159
2060 5520
7466 2514
7578 9899
40 7813
37 8032
5101 531
6927 4408
4796 953
5021 5930
4718 8515
2511 7810
9233 6120
1826 9614
9847 1699
7489 5689
458 7428
8348 1830
3515 2622
9031 1949
3517 9637
9052 4490
9677 8947
2405 3418
199 3991
8671 9224
5962 2945
4593 4837
7802 4832
7078 5519
421 4581
8001 519
875 6840
4742 9718
759 918
8301 7589
6318 2237
5215 1231
6801 5261
5761 2829
4852 2694
6255 8316
406 3327
9913 779
4387 5176
3823 7363
5858 8584
6479 9439
670 2591
7894 9503
607 2358
2713 2570
716 5809
1325 7831
4237 1773
1555 5429
6287 1556
9113 3809
3346 3453
9193 6478
7280 6345
8409 4671
7709 3265
6294 95
5932 4823
5623 8163
8644 9753
5762 2296
1480 5218
4825 3476
8232 1242
8458 388
8492 8876
5752 4157
9021 9987
5894 2745
2446 6905
8112 1739
1243 6014
4209 236
2116 1122
4336 5730
5454 6583
9584 1800
6267 5783
323 5462
6355 7387
6433 2790
3546 2785
2119 4365
5778 3946
5368 5437
6499 8174
2358 8426
9775 4769
482 928
4354 5014
5398 4980
3327 6042
4021 648
4718 7161
5609 1525
4952 2663
1212 7310
1690 6269
7394 1621
3416 6134
4629 6895
1980 190
589 6588
832 3629
14 4904
5368 9247
753 6143
327 187
3098 9385
6046 5564
1852 8416
1037 2032
4698 878
62 9506
2789 2502
6108 4178
2387 8503
4850 7251
5950 8494
4448 5895
1646 3195
590 6381
8934 510
8204 7720
6130 8304
3530 5984
6156 8050
6967 7221
9489 3197
5415 3986
3546 2269
9468 6913
7732 6620
2977 8244
2525 9782
9557 722
6940 2998
3586 2897
7330 1775
8745 2735
9339 6674
4889 3787
259 7934
7072 8138
5240 9557
2499 8319
3347 4825
5082 3126
420 9752
3487 5387
9241 6499
9738 5085
5163 8235
8862 5435
3512 5827
2550 7563
8773 4109
4963 8654
5370 4383
1446 8041
6345 103
6864 2301
526 1323
554 6706
8643 5292
5526 9419
8227 7598
5236 7794
1906 2610
3326 2378
2377 7632
1942 6860
8935 1033
6101 5833
5036 572
5905 4864
8361 9447
1480 3079
5188 7847
525 4450
8624 8395
5708 1079
5904 8282
1140 5641
4244 9821
5073 6664
9259 395
8350 8233
52 9604
1017 2881
7785 1654
2522 4504
7279 3285
1184 3912
4324 9378
299 7413
5739 5569
