1000 2
866 2185
2895 7531
292 4947
6334 7377
6386 590
2058 3771
7480 246
4799 3777
8554 9327
9142 650
4476 3873
3160 6254
8478 7752
3586 2897
5778 3946
5621 6119
4448 5895
6940 2998
5702 9381
8664 7495
5983 7246
5662 9180
5787 5604
8947 8865
9250 8278
8204 7720
1190 5043
4400 4238
6924 3622
1697 4182
395 1312
6645 5150
6569 479
62 9506
2795 621
8000 5884
6046 5564
3291 6500
665 977
8795 9774
7895 3029
7894 2906
9781 9615
327 187
2484 2474
8366 2515
3979 7656
4982 1179
6022 7690
7930 2765
5545 5615
4537 9483
6876 7535
7744 3450
9695 6841
5163 8235
8305 2563
5629 3648
9020 4158
6539 9356
8839 7544
8680 25
3764 2752
1475 8443
3068 7534
6927 4408
8027 4538
3487 5387
4928 4469
2011 8040
3695 7817
3041 6189
4905 8646
419 8167
7785 1654
5905 4864
716 5809
5997 1113
4237 1773
1446 8041
6699 5824
259 7934
6771 7771
8711 6570
2300 9910
4718 7161
7169 3281
4571 3051
9200 6971
1107 5016
3087 9497
3055 3936
3835 907
2836 3101
7525 9973
8376 5394
9473 7739
5765 4800
4167 2859
4945 6479
8651 859
4401 5467
4850 7251
2629 5614
2936 4968
8133 9170
9843 8081
3326 2378
6251 7171
9050 9374
7732 6620
6499 8174
1826 9614
6516 936
5743 7563
6130 8304
1325 7831
8050 237
7271 1853
5849 4489
8588 4984
8148 1093
9345 8889
8872 6150
14 4904
7361 3164
2573 472
1710 254
9217 1590
7406 7886
7547 8938
6345 103
3266 8408
6715 1536
8026 1519
7592 4173
4145 9746
3546 2785
9850 1609
590 6381
9001 7973
3266 3885
5187 5904
6789 8132
5932 4823
4288 9678
7907 4034
690 5158
2977 8244
4560 754
8927 3134
5023 2165
1520 15
5016 5048
9866 6564
1473 8907
6817 8959
9093 2571
6563 5718
5657 8214
4021 648
1184 3912
1212 4604
3466 691
4866 7267
7905 2717
7489 5689
1636 512
2944 4587
4725 1662
1784 6804
2447 7476
1405 2058
8681 4161
2444 484
540 1985
6922 4213
6978 2005
5744 5366
4444 3436
4761 578
8943 2010
1631 1995
8301 7589
5549 9667
406 6247
6349 1039
52 9604
1133 1184
9940 2953
4455 8559
1498 1668
5325 2970
8982 7783
554 6706
9885 8223
8017 1929
122 4910
5368 9247
8953 9934
8631 2154
1846 1114
3098 4272
4808 3402
5467 6912
6684 3704
342 8896
5901 7064
7779 6409
4656 6213
3914 2044
5481 55
992 105
4709 4604
406 3327
1715 3828
9447 4040
5073 6664
7054 2985
7753 5789
5815 4389
8934 510
589 5107
4775 3655
1942 6860
5442 2661
5046 5200
2116 1122
8730 4699
3178 1685
6374 8886
8857 5110
9516 1953
9124 6086
8075 662
5646 3737
9625 4365
6249 534
3549 8002
8608 9835
6653 9835
8348 1830
5761 2829
4144 9543
268 645
7789 8382
3818 2169
3361 3330
6344 4760
9903 157
6202 5981
1879 6344
7512 6460
4698 878
1493 4865
7711 9136
3123 9539
5169 5145
8406 9555
1276 9832
7279 3285
5615 7422
2752 3227
2514 5526
8876 9369
4699 7759
4354 5014
1745 8699
9249 1709
1438 4972
4792 693
480 2979
5858 8584
284 3192
2620 1968
3314 5343
7613 8072
2043 9673
2446 6905
3629 9258
2569 5729
3697 9391
6757 2203
2255 8657
9335 490
7414 3535
4863 6015
5082 3126
8786 7706
1932 1057
9322 7914
4956 7783
7330 1775
6301 9480
8667 3220
1141 3265
8361 9447
6474 7338
6086 7726
6318 2237
5708 1079
9335 2054
4742 9718
3835 4169
8409 4671
1944 4494
6769 4805
3515 2622
2916 2107
2337 8424
4468 3852
2329 3007
37 8032
6522 4054
8942 4171
6615 5146
8507 2647
5215 1231
8350 8233
3517 9637
2655 8865
3676 3827
2797 833
6130 852
4209 236
9089 2293
9949 9990
7404 4738
5254 6098
6738 5584
9193 6478
4090 2300
1210 3929
2678 3983
2304 8867
4324 9378
1646 5606
8747 1421
1401 166
1270 8644
7780 3149
8822 2340
3717 3632
3265 3982
1652 4946
7995 885
1573 9315
1852 8416
6177 1672
9057 6349
9659 4882
8433 7215
7509 5188
9022 5205
122 659
4629 6895
5883 9124
2852 1801
8714 6752
3022 4619
3646 7636
7767 1464
1272 3781
7444 7480
9438 5095
1980 190
2474 2882
5281 7673
2713 2570
5352 1661
7193 2864
8773 4109
3400 1879
2331 6883
4004 7074
8362 2189
751 9284
3416 6134
3258 4219
5904 8282
3546 2269
2387 8503
2881 4682
8495 8445
4456 8165
8563 6819
7578 9899
2338 4159
9006 3107
3274 7534
3663 2014
1846 6343
940 847
9827 8629
873 6036
4608 4375
9557 8712
6344 8166
4461 5834
6101 5833
3530 5984
4406 1460
582 8056
9664 9367
1140 5641
4381 4029
5240 9557
3033 75
9519 1815
6932 8627
5368 5437
7427 4107
7030 8566
9329 6790
8048 3666
421 4581
8649 3969
4848 9462
526 1323
5977 3110
7707 4982
7726 5045
6370 1858
8848 2884
8001 519
4718 8515
3692 6872
7052 8030
6403 2974
9076 9180
670 2591
1555 5429
7089 7479
4874 249
4560 4219
7981 9676
4826 5991
8671 9224
8756 5315
6826 2644
8549 6403
2435 2785
6485 8123
8303 1453
5158 2201
682 7030
1480 3079
9812 1855
7958 3109
4979 8737
2181 2557
8935 1033
3010 1617
8639 3676
7295 3888
4369 9487
6744 8753
1910 6486
2265 7145
5151 9227
7465 9372
6560 1078
3233 7357
8250 96
7460 259
6433 2790
5889 675
2066 8826
5460 7340
6043 2669
8465 1942
3638 4268
9750 6129
2745 7071
4816 3610
8628 8958
4389 5615
6967 7221
6294 95
7466 2514
7619 2039
4040 6560
199 3102
9738 5085
5893 3741
6280 3020
9052 4490
9402 4396
757 3992
5370 4383
7394 1621
482 928
9557 722
9120 1111
2524 8732
607 5687
6120 4096
9700 2648
8727 4351
5683 6478
1472 5494
9575 7772
5168 3097
5210 5552
2970 3091
40 7813
6340 3528
2699 1877
3638 2202
7135 4519
7048 2048
6904 8625
7894 9503
4058 8677
3313 5056
1626 3100
6671 4139
8799 8859
9192 2314
4254 271
6213 213
458 7428
3657 8347
682 5103
5188 7847
2642 4862
3350 1632
8292 6680
2853 9831
1091 7983
8381 492
9184 1525
1519 4585
4151 6763
1577 3541
8971 9262
626 603
8395 3909
7709 3265
3400 2499
9130 4569
2308 61
4445 4837
3180 1616
3724 8981
4606 4641
727 9324
2866 8222
3211 6482
6156 8050
1338 9231
2714 9512
4549 735
8395 5499
8014 7516
9490 6214
5176 5233
1351 7642
7631 6935
145 3824
8492 8876
2405 3418
2773 7210
8745 2735
5633 4327
410 3222
1044 4166
3980 712
8374 5386
960 766
5526 9419
2278 5222
5160 6739
3256 6848
9573 2681
1111 6742
9847 1699
1275 2791
1886 5104
4453 2944
1915 1408
2507 6645
5118 2145
8215 3617
1265 6516
9316 7666
5894 2745
8352 303
7505 4185
9584 1800
1859 417
8357 5083
4032 6052
5494 7804
7712 9100
5187 5819
410 5518
5844 1715
5637 7218
8620 2747
9974 8870
9139 8009
5233 2826
1432 5871
8227 7598
6480 7424
3286 2525
3266 9385
75 2194
7397 6949
4593 4837
1138 6081
7390 2178
5752 4157
3466 1692
4890 5607
738 5976
7627 6690
252 8195
5900 6414
4487 7354
8329 5908
571 3880
323 5462
7802 4832
832 3629
6479 9439
3065 7093
645 2680
4387 5176
9233 6120
3765 1840
2621 9982
9021 9987
1114 9712
5739 5569
5270 1636
1301 2542
1690 6269
2499 8319
1444 6154
949 858
4952 2663
5741 3572
3977 5097
5895 2889
8968 319
4973 177
2511 7810
4523 467
5222 4979
3481 4952
8970 1769
9467 2100
4151 3089
9489 3197
5388 5950
7741 6671
8638 9225
3158 4636
1243 6014
4391 2797
8316 7814
9832 1866
607 2358
2550 7563
5609 1525
3072 2545
1926 2074
5762 2296
3346 3453
6536 3263
9170 6567
751 5724
9022 4883
3714 1707
3945 4057
5160 2528
5926 9941
882 2359
2264 5377
6567 6391
8491 6742
5339 3654
1568 956
3710 3188
5392 479
512 5719
1758 8138
8016 2297
8786 9117
3002 6787
8112 1739
9241 6499
6291 3809
7280 6345
6287 1556
8310 1699
3156 3061
6897 110
9838 819
5101 531
759 918
8322 7695
199 3991
6656 843
2424 7429
9677 8947
9919 9439
9856 1111
8791 7824
9913 779
1633 3805
8330 5507
7728 7390
6800 2094
4855 86
2994 541
5398 4980
685 3576
3548 5289
2402 1249
3575 5040
2047 7290
9434 7795
8198 585
3338 2055
5036 572
9156 9403
914 1774
6108 4178
6255 8316
875 6840
4634 6124
3635 5174
1428 4927
9149 3927
859 1526
7170 5582
3244 2458
9259 395
2350 5833
2470 3386
8817 878
8458 388
1060 3352
3117 1962
8524 9814
6355 7387
5454 6583
9082 4069
4469 676
6396 8126
2573 5320
7937 7149
8862 5435
8654 4880
6742 579
7966 7993
9339 6674
7759 8930
9567 1495
8971 1120
6573 8864
4092 7446
5128 5541
1271 8601
1684 9812
7724 5516
3166 8209
2043 4813
1419 3190
6756 1774
9775 4769
7700 7385
7788 5899
3088 5267
3319 7164
360 6949
4262 6041
6681 1001
525 13
4541 9006
2522 4504
5272 6974
8683 9099
8820 1544
4091 8092
3967 8916
3158 8727
4100 9488
3393 4629
7072 8138
7162 6824
362 2076
9536 4785
6801 5261
1740 5965
865 6420
9097 9633
7787 6368
2577 9132
7495 1313
30 4527
9302 3795
1479 8666
4618 8767
4852 2694
4855 3358
5650 3927
8386 8862
5423 7292
4554 7653
4502 1056
728 5062
6955 6108
1212 7310
3808 4966
2046 2225
7377 7286
8460 6889
3098 9385
6242 9526
1547 2992
8247 5952
3347 4825
1467 2538
5950 8494
435 486
1891 3328
7949 2219
9512 6433
3117 9609
8548 4145
2525 9782
4835 7909
8955 1592
4011 1371
1771 480
186 4566
1824 47
153 1460
8643 5292
8076 2341
7404 7967
7152 8870
4825 3476
3759 3539
2660 9110
1250 9159
7925 155
6686 3210
1730 9392
5240 9101
347 1650
2257 2303
3551 9841
5623 8163
2358 8426
2377 7632
5387 7495
1167 8667
8908 2007
525 4450
1451 2922
6084 7829
9664 850
1480 5218
8695 8603
6682 3709
801 5774
2457 7932
7541 7946
3327 6042
2804 7509
9420 9964
1268 9498
1358 8661
9031 1949
5418 9628
1080 9599
2153 107
648 6580
7639 431
7788 1677
7078 5519
1108 5805
4963 8654
5727 3615
9077 6546
9113 3809
1623 3312
1781 4771
3992 8213
1646 3195
8886 6027
3009 9822
2922 5330
9886 65
2789 2502
893 392
4336 5730
4039 897
2119 4365
367 8896
8612 1433
5705 9473
2662 2741
9468 6913
699 5742
1441 2607
8972 2453
3270 9873
5463 2218
2976 304
9996 2033
4392 9259
4985 6650
5578 5536
2060 5520
9342 1613
589 6588
1017 2881
8209 9447
2369 7518
8644 9753
4541 7549
5980 3266
2835 1718
3556 151
5021 5930
2053 5100
6147 2116
5415 3986
7681 9822
1079 2444
6206 4049
8559 2903
5962 2945
8394 4447
3870 1006
2720 5915
6596 6611
969 114
6901 1379
753 6143
8501 773
2931 1347
9234 6769
2423 1811
8624 8395
4889 3787
299 7413
6864 2301
8217 7456
3823 7363
3512 5827
8470 4380
5093 57
2401 6074
6341 7015
7150 7313
4445 4902
4372 1029
7627 1149
9523 9608
9122 1918
6981 7430
1037 2032
1906 2610
5537 2926
4796 953
3902 5569
7917 4227
8232 1242
8573 3838
5201 4696
9403 337
6267 5783
8432 7992
9965 6344
5789 4407
1947 2570
9652 6398
7842 2873
3636 3752
8684 5759
9201 8730
420 9752
5011 1070
6838 21
5356 6242
4244 9821
8930 7374
8159 9727
857 3427
8276 5627
325 7731
2554 1132
5236 7794
