1000 2
6897 110
3530 5984
1270 8644
8292 6680
3487 5387
1758 8138
8643 5292
9584 1800
1184 3912
8971 9262
5702 9381
9402 4396
2789 2502
8133 9170
5615 7422
3160 6254
1740 5965
4541 7549
9122 1918
607 2358
122 4910
1906 2610
2255 8657
6202 5981
5950 8494
9249 1709
3313 5056
3055 3936
8350 8233
2577 9132
4537 9483
2474 2882
2011 8040
832 3629
7753 5789
6156 8050
6563 5718
1140 5641
3724 8981
4618 8767
8908 2007
4979 8737
7404 4738
3180 1616
5036 572
5236 7794
4799 3777
4945 6479
7330 1775
2944 4587
6374 8886
410 5518
5240 9101
3156 3061
7030 8566
1091 7983
4982 1179
8357 5083
5168 3097
6403 2974
8730 4699
6560 1078
9434 7795
9097 9633
5463 2218
5160 6739
1419 3190
3692 6872
2994 541
6344 8166
6474 7338
1107 5016
1498 1668
8524 9814
2752 3227
4406 1460
682 5103
8017 1929
7489 5689
5901 7064
3072 2545
4866 7267
482 928
3663 2014
6516 936
3638 2202
9022 4883
7894 9503
8198 585
8927 3134
2066 8826
7741 6671
5481 55
7842 2873
5158 2201
8329 5908
6046 5564
1646 5606
3575 5040
4928 4469
3393 4629
5789 4407
7613 8072
759 918
4401 5467
6480 7424
5467 6912
4145 9746
540 1985
1210 3929
1859 417
7162 6824
2977 8244
6318 2237
4890 5607
5662 9180
2522 4504
6981 7430
1730 9392
4956 7783
8478 7752
2350 5833
1212 4604
5708 1079
122 659
1243 6014
2060 5520
7709 3265
1568 956
4634 6124
6479 9439
1547 2992
7995 885
3629 9258
7905 2717
9193 6478
3914 2044
6396 8126
7894 2906
2401 6074
6108 4178
4456 8165
1133 1184
5151 9227
6838 21
4244 9821
6744 8753
2936 4968
4392 9259
8549 6403
4855 3358
2046 2225
8711 6570
1633 3805
4144 9543
2662 2741
6043 2669
7279 3285
9082 4069
5082 3126
4775 3655
252 8195
7397 6949
9339 6674
3517 9637
8352 303
525 4450
5762 2296
5894 2745
5046 5200
325 7731
8795 9774
648 6580
4455 8559
7895 3029
3065 7093
1167 8667
8362 2189
6901 1379
7724 5516
3400 2499
3466 691
9856 1111
7509 5188
7427 4107
9006 3107
1401 166
2435 2785
4444 3436
7700 7385
9130 4569
9241 6499
4151 6763
4816 3610
2550 7563
4039 897
8631 2154
5633 4327
582 8056
6340 3528
3244 2458
6645 5150
8745 2735
9057 6349
1520 15
1325 7831
9940 2953
9866 6564
9001 7973
3546 2785
5272 6974
5815 4389
5623 8163
512 5719
5222 4979
5270 1636
6653 9835
7930 2765
8001 519
8756 5315
6370 1858
728 5062
8972 2453
8649 3969
3314 5343
8495 8445
2043 9673
8667 3220
1879 6344
5895 2889
8112 1739
9120 1111
40 7813
1079 2444
7958 3109
3556 151
3123 9539
9473 7739
3265 3982
8714 6752
5578 5536
284 3192
1351 7642
9438 5095
9827 8629
5460 7340
5858 8584
4852 2694
969 114
2338 4159
6715 1536
9523 9608
8822 2340
7802 4832
607 5687
5926 9941
5609 1525
4718 7161
645 2680
8608 9835
1555 5429
8876 9369
1519 4585
5494 7804
7525 9973
738 5976
7404 7967
8507 2647
5418 9628
8217 7456
4825 3476
6341 7015
6130 852
5650 3927
4324 9378
3636 3752
2331 6883
8048 3666
1631 1995
2713 2570
5537 2926
1446 8041
9677 8947
9259 395
4469 676
1141 3265
5889 675
1826 9614
5629 3648
6876 7535
1405 2058
8075 662
4656 6213
4237 1773
4850 7251
8301 7589
3551 9841
2511 7810
949 858
9557 8712
3117 9609
1910 6486
3967 8916
4461 5834
8559 2903
5883 9124
8612 1433
395 1312
7089 7479
8872 6150
7787 6368
2524 8732
5705 9473
4554 7653
5844 1715
9838 819
4792 693
2797 833
5980 3266
4742 9718
7078 5519
7406 7886
8204 7720
1479 8666
2573 472
2444 484
2660 9110
7444 7480
3870 1006
5900 6414
2337 8424
5021 5930
9738 5085
3657 8347
8848 2884
3009 9822
3512 5827
6932 8627
8671 9224
716 5809
8681 4161
8027 4538
3266 3885
1623 3312
8374 5386
6699 5824
3022 4619
6213 213
8573 3838
859 1526
6499 8174
9020 4158
8664 7495
5765 4800
6255 8316
2329 3007
1475 8443
5983 7246
9847 1699
8386 8862
4004 7074
4855 86
8839 7544
8491 6742
8548 4145
7744 3450
2058 3771
4445 4837
1781 4771
4468 3852
2507 6645
3098 9385
9664 850
342 8896
458 7428
9217 1590
9575 7772
6120 4096
5187 5904
4151 3089
1432 5871
7414 3535
4952 2663
6433 2790
5997 1113
3635 5174
6656 843
9750 6129
4698 878
199 3991
4254 271
3823 7363
8563 6819
1358 8661
327 187
3087 9497
6756 1774
6242 9526
30 4527
292 4947
8886 6027
2387 8503
6101 5833
5368 5437
8695 8603
6249 534
6684 3704
7193 2864
1190 5043
8554 9327
2699 1877
7925 155
9233 6120
2265 7145
4593 4837
3714 1707
4718 8515
9031 1949
4091 8092
9664 9367
9170 6567
9200 6971
4058 8677
690 5158
6177 1672
1846 1114
1428 4927
268 645
2620 1968
9322 7914
1652 4946
7460 259
7780 3149
1852 8416
7966 7993
9812 1855
3266 8408
2621 9982
37 8032
2629 5614
4387 5176
8026 1519
6522 4054
2745 7071
3002 6787
3466 1692
1108 5805
420 9752
7052 8030
7759 8930
1275 2791
145 3824
4796 953
4448 5895
9250 8278
6573 8864
2499 8319
2642 4862
3835 4169
6864 2301
2835 1718
5743 7563
406 6247
5657 8214
5637 7218
9139 8009
3041 6189
4606 4641
8409 4671
8930 7374
5101 531
3350 1632
8638 9225
8639 3676
2153 107
6301 9480
9335 2054
8628 8958
7785 1654
6022 7690
3338 2055
8747 1421
2836 3101
7390 2178
6251 7171
8232 1242
6800 2094
5169 5145
8791 7824
1301 2542
1271 8601
1438 4972
1636 512
6615 5146
2424 7429
8492 8876
8624 8395
5233 2826
2554 1132
6334 7377
8250 96
9192 2314
4262 6041
5778 3946
9124 6086
2446 6905
5387 7495
685 3576
6940 2998
5352 1661
5621 6119
2264 5377
1473 8907
9467 2100
4608 4375
1080 9599
6536 3263
4288 9678
6789 8132
4560 754
8247 5952
9913 779
5761 2829
3902 5569
6682 3709
7728 7390
7361 3164
3979 7656
665 977
8470 4380
2569 5729
7592 4173
360 6949
1573 9315
2795 621
1846 6343
8862 5435
9329 6790
2358 8426
2714 9512
4354 5014
8322 7695
2053 5100
9184 1525
8076 2341
4167 2859
6084 7829
8644 9753
1444 6154
873 6036
5526 9419
1037 2032
4549 735
1745 8699
8727 4351
299 7413
6539 9356
7712 9100
7394 1621
2308 61
5752 4157
9447 4040
5545 5615
2423 1811
882 2359
5739 5569
1771 480
323 5462
8786 9117
2655 8865
6291 3809
6130 8304
9342 1613
1886 5104
1276 9832
9113 3809
6757 2203
8857 5110
6344 4760
9974 8870
5415 3986
6345 103
5210 5552
727 9324
5128 5541
3515 2622
9512 6433
7949 2219
3258 4219
7681 9822
1250 9159
9420 9964
8458 388
2976 304
4100 9488
9335 490
4453 2944
8276 5627
7627 6690
9832 1866
8395 3909
2402 1249
1480 3079
6485 8123
8460 6889
6826 2644
670 2591
8786 7706
2369 7518
8000 5884
1944 4494
9022 5205
8366 2515
8016 2297
6686 3210
8683 9099
2852 1801
2278 5222
9625 4365
7150 7313
3676 3827
4092 7446
4761 578
5727 3615
8432 7992
8376 5394
1472 5494
2931 1347
9775 4769
8381 492
3346 3453
1451 2922
7048 2048
7466 2514
8934 510
8651 859
7627 1149
9052 4490
3481 4952
5325 2970
2678 3983
9573 2681
7169 3281
7465 9372
9903 157
8305 2563
4445 4902
7505 4185
6742 579
8209 9447
1784 6804
3697 9391
9996 2033
3166 8209
3233 7357
8394 4447
8942 4171
3319 7164
2881 4682
4400 4238
1017 2881
9519 1815
8817 878
4487 7354
3117 1962
3835 907
4571 3051
8348 1830
8588 4984
7917 4227
4725 1662
421 4581
2916 2107
751 9284
3347 4825
9345 8889
7152 8870
940 847
3638 4268
9234 6769
1710 254
6147 2116
5388 5950
3765 1840
5370 4383
5904 8282
5646 3737
4808 3402
3286 2525
9919 9439
1947 2570
6967 7221
2484 2474
4336 5730
5962 2945
3717 3632
8654 4880
75 2194
6922 4213
410 3222
7779 6409
3274 7534
199 3102
4389 5615
5254 6098
480 2979
4502 1056
2525 9782
590 6381
1467 2538
5188 7847
1684 9812
3586 2897
9050 9374
3808 4966
1272 3781
6955 6108
8620 2747
7981 9676
9021 9987
9516 1953
7280 6345
9695 6841
9076 9180
6924 3622
9077 6546
4905 8646
4523 467
2895 7531
4863 6015
866 2185
3266 9385
3695 7817
4372 1029
1942 6860
9949 9990
1646 3195
7639 431
1060 3352
2720 5915
4709 4604
2377 7632
6927 4408
4040 6560
52 9604
5932 4823
2116 1122
875 6840
4021 648
1926 2074
526 1323
525 13
753 6143
589 5107
1980 190
1493 4865
7072 8138
7619 2039
2257 2303
6086 7726
589 6588
4874 249
801 5774
6287 1556
5023 2165
7937 7149
8953 9934
3980 712
62 9506
7480 246
3548 5289
7295 3888
6280 3020
9843 8081
362 2076
4476 3873
8050 237
682 7030
1577 3541
8773 4109
3291 6500
9403 337
1480 5218
8148 1093
3178 1685
6769 4805
6771 7771
2447 7476
9659 4882
757 3992
3549 8002
347 1650
3361 3330
4963 8654
4090 2300
5683 6478
5454 6583
1268 9498
2119 4365
1044 4166
5073 6664
5240 9557
8501 773
7271 1853
9850 1609
7788 1677
406 3327
9886 65
1932 1057
7547 8938
1265 6516
7631 6935
4973 177
4209 236
1114 9712
5160 2528
6681 1001
3211 6482
1212 7310
4848 9462
8947 8865
893 392
5849 4489
8316 7814
4835 7909
186 4566
5368 9247
419 8167
7170 5582
8406 9555
5741 3572
9149 3927
9536 4785
5977 3110
6817 8959
8395 5499
8943 2010
2047 7290
2804 7509
9089 2293
2405 3418
5744 5366
5423 7292
5176 5233
626 603
1690 6269
5549 9667
5011 1070
8955 1592
4629 6895
865 6420
6671 4139
3400 1879
9468 6913
8159 9727
5163 8235
6904 8625
7732 6620
8970 1769
2304 8867
3945 4057
3098 4272
3546 2269
2853 9831
2866 8222
5787 5604
4369 9487
4381 4029
9093 2571
1891 3328
435 486
3010 1617
3068 7534
14 4904
3646 7636
7054 2985
8935 1033
153 1460
1915 1408
7788 5899
6267 5783
9567 1495
2181 2557
3088 5267
3326 2378
2573 5320
7711 9136
9965 6344
2773 7210
5187 5819
9302 3795
5118 2145
3270 9873
7578 9899
6978 2005
7377 7286
554 6706
1338 9231
5442 2661
5905 4864
3158 8727
4826 5991
8982 7783
6294 95
5093 57
5356 6242
7907 4034
7541 7946
9142 650
5215 1231
2457 7932
3764 2752
960 766
7495 1313
1111 6742
259 7934
3033 75
9201 8730
9316 7666
3818 2169
1138 6081
992 105
4889 3787
6206 4049
8361 9447
3992 8213
8465 1942
4541 9006
6355 7387
8303 1453
5398 4980
4699 7759
8684 5759
1626 3100
4391 2797
8310 1699
5893 3741
1697 4182
5392 479
571 3880
2043 4813
1441 2607
3710 3188
9700 2648
2300 9910
6738 5584
8820 1544
5281 7673
2470 3386
9490 6214
8330 5507
4560 4219
3327 6042
9489 3197
8014 7516
9156 9403
751 5724
8433 7215
7135 4519
7789 8382
5201 4696
6567 6391
2970 3091
9557 722
2922 5330
367 8896
3158 4636
7512 6460
5016 5048
3759 3539
3256 6848
6386 590
4985 6650
8215 3617
7726 5045
3977 5097
8680 25
8799 8859
1715 3828
9885 8223
5339 3654
699 5742
7707 4982
9781 9615
8227 7598
4032 6052
857 3427
6569 479
2514 5526
8971 1120
9652 6398
914 1774
6349 1039
6801 5261
1824 47
7767 1464
4011 1371
6596 6611
3416 6134
8968 319
