1000 2
8971 1120
4554 7653
347 1650
9156 9403
8886 6027
8608 9835
8348 1830
5463 2218
9832 1866
7495 1313
9249 1709
4571 3051
3022 4619
5093 57
7162 6824
1886 5104
3575 5040
6738 5584
9913 779
3517 9637
8631 2154
1568 956
3266 3885
9193 6478
6876 7535
4151 6763
9827 8629
8395 5499
5997 1113
3714 1707
37 8032
9345 8889
2457 7932
4985 6650
5578 5536
5128 5541
1472 5494
645 2680
8972 2453
9184 1525
5494 7804
7170 5582
3636 3752
4288 9678
3266 9385
8048 3666
4549 735
1325 7831
6560 1078
7788 1677
9467 2100
410 5518
9403 337
2181 2557
4905 8646
9322 7914
2569 5729
5739 5569
7631 6935
7930 2765
2278 5222
1690 6269
2629 5614
5236 7794
1268 9498
2377 7632
9781 9615
6101 5833
2401 6074
7712 9100
4618 8767
6671 4139
3416 6134
859 1526
1479 8666
1846 1114
2257 2303
3512 5827
3327 6042
6838 21
1480 5218
7150 7313
9420 9964
1060 3352
2524 8732
7707 4982
3072 2545
866 2185
3400 1879
2444 484
8329 5908
9124 6086
1480 3079
2405 3418
2922 5330
3808 4966
4835 7909
7460 259
8406 9555
801 5774
5046 5200
6287 1556
3717 3632
6567 6391
4369 9487
1573 9315
3319 7164
4461 5834
7787 6368
5151 9227
421 4581
8786 7706
4825 3476
6156 8050
2116 1122
6539 9356
8684 5759
9750 6129
2836 3101
3033 75
4952 2663
3347 4825
3870 1006
2662 2741
6499 8174
9512 6433
7505 4185
7169 3281
1520 15
9082 4069
1079 2444
6291 3809
3041 6189
3265 3982
2350 5833
5741 3572
8934 510
2308 61
751 9284
4855 3358
2507 6645
3697 9391
875 6840
1250 9159
5392 479
5623 8163
3515 2622
3692 6872
420 9752
259 7934
525 4450
2447 7476
2474 2882
52 9604
5272 6974
5849 4489
5708 1079
1942 6860
3657 8347
1037 2032
8470 4380
5815 4389
2011 8040
323 5462
8433 7215
7966 7993
9241 6499
8643 5292
2331 6883
9677 8947
4718 7161
4593 4837
3178 1685
3646 7636
9625 4365
5883 9124
2522 4504
3823 7363
6108 4178
2852 1801
3979 7656
2835 1718
5370 4383
8943 2010
6340 3528
8971 9262
9812 1855
292 4947
2053 5100
7767 1464
7925 155
5702 9381
5526 9419
4145 9746
2881 4682
3065 7093
8310 1699
8848 2884
5187 5904
6334 7377
7279 3285
7406 7886
1432 5871
4254 271
3160 6254
526 1323
3914 2044
6901 1379
9050 9374
3087 9497
8654 4880
6202 5981
4863 6015
1626 3100
9519 1815
759 918
9329 6790
9664 850
2752 3227
9903 157
30 4527
9097 9633
3002 6787
8322 7695
8747 1421
8624 8395
3635 5174
6789 8132
8671 9224
3765 1840
2119 4365
5168 3097
3556 151
3123 9539
7802 4832
6681 1001
268 645
9919 9439
5036 572
8711 6570
4354 5014
5761 2829
3338 2055
6043 2669
6757 2203
8817 878
4444 3436
458 7428
1111 6742
252 8195
8432 7992
9843 8081
4391 2797
1906 2610
3400 2499
1926 2074
7072 8138
9996 2033
5778 3946
3551 9841
5980 3266
7078 5519
8374 5386
9021 9987
2994 541
670 2591
8695 8603
682 5103
7759 8930
7700 7385
3980 712
6355 7387
7958 3109
1684 9812
1270 8644
5352 1661
7627 1149
4004 7074
1577 3541
4982 1179
2699 1877
8822 2340
4698 878
7842 2873
7135 4519
832 3629
9940 2953
9113 3809
6480 7424
419 8167
2773 7210
2264 5377
7744 3450
1623 3312
7753 5789
571 3880
2046 2225
8548 4145
1745 8699
5962 2945
6485 8123
7465 9372
9659 4882
5615 7422
4826 5991
6924 3622
7295 3888
2047 7290
1438 4972
7788 5899
1091 7983
685 3576
9567 1495
8727 4351
9233 6120
2369 7518
410 3222
4956 7783
4011 1371
6294 95
2043 4813
5633 4327
8970 1769
2337 8424
3158 8727
5423 7292
4852 2694
5254 6098
1555 5429
3088 5267
7547 8938
7052 8030
4541 7549
3676 3827
2970 3091
5011 1070
2358 8426
1338 9231
342 8896
5210 5552
4973 177
75 2194
9523 9608
7995 885
4244 9821
8876 9369
9856 1111
6922 4213
5901 7064
4560 4219
960 766
7427 4107
4448 5895
2058 3771
5789 4407
9139 8009
5727 3615
7054 2985
2300 9910
665 977
607 5687
4237 1773
8942 4171
40 7813
5368 5437
1133 1184
4401 5467
8027 4538
3009 9822
7785 1654
2789 2502
4775 3655
8862 5435
3313 5056
8465 1942
6046 5564
7280 6345
6682 3709
4890 5607
3638 2202
7905 2717
6563 5718
8276 5627
8366 2515
7981 9676
4709 4604
4608 4375
5233 2826
362 2076
9974 8870
8955 1592
8076 2341
8148 1093
1243 6014
9076 9180
5158 2201
145 3824
1646 3195
6927 4408
7741 6671
728 5062
2511 7810
5744 5366
2304 8867
9516 1953
5705 9473
8250 96
4032 6052
9557 8712
3530 5984
406 3327
9259 395
992 105
8935 1033
6569 479
554 6706
1697 4182
8357 5083
5545 5615
6981 7430
949 858
9847 1699
3346 3453
9192 2314
2525 9782
757 3992
8409 4671
8305 2563
4699 7759
6474 7338
5657 8214
3117 9609
1401 166
325 7731
3548 5289
8209 9447
8628 8958
3350 1632
6280 3020
4725 1662
9775 4769
6341 7015
3638 4268
9302 3795
1451 2922
9557 722
3055 3936
8680 25
2642 4862
1114 9712
3256 6848
6656 843
1444 6154
5650 3927
4850 7251
1475 8443
9695 6841
406 6247
8756 5315
6742 579
8559 2903
4874 249
6120 4096
9584 1800
1771 480
6242 9526
8376 5394
5021 5930
4816 3610
8394 4447
7937 7149
8639 3676
186 4566
1710 254
4469 676
7895 3029
1498 1668
7724 5516
360 6949
1210 3929
2550 7563
5950 8494
8492 8876
7709 3265
1017 2881
7030 8566
5683 6478
5176 5233
8588 4984
5387 7495
2936 4968
2853 9831
3291 6500
2866 8222
9573 2681
5629 3648
1275 2791
6396 8126
1467 2538
1859 417
4502 1056
5460 7340
8773 4109
6344 4760
5765 4800
4476 3873
3158 4636
4523 467
4144 9543
4058 8677
1358 8661
9022 4883
5977 3110
738 5976
7917 4227
2931 1347
2804 7509
8232 1242
1846 6343
3992 8213
7949 2219
1636 512
2713 2570
1852 8416
8017 1929
6978 2005
7780 3149
512 5719
1140 5641
2402 1249
4808 3402
1631 1995
3314 5343
6904 8625
5339 3654
5549 9667
9122 1918
4963 8654
5904 8282
1758 8138
7525 9973
3010 1617
7789 8382
8953 9934
8133 9170
3068 7534
6349 1039
8460 6889
4092 7446
9149 3927
9447 4040
3361 3330
9006 3107
3695 7817
122 4910
8549 6403
6801 5261
6318 2237
9434 7795
327 187
1190 5043
5481 55
582 8056
7466 2514
5201 4696
2484 2474
3286 2525
4487 7354
8316 7814
8651 859
3549 8002
8075 662
6769 4805
2153 107
5222 4979
8361 9447
7619 2039
7404 4738
8649 3969
6536 3263
5169 5145
2499 8319
753 6143
6433 2790
5905 4864
8664 7495
1826 9614
914 1774
7711 9136
7048 2048
6345 103
1910 6486
1138 6081
5388 5950
9057 6349
2620 1968
6800 2094
1519 4585
8638 9225
6817 8959
2916 2107
6967 7221
9316 7666
5016 5048
2066 8826
9489 3197
284 3192
395 1312
5356 6242
1351 7642
5187 5819
8501 773
3098 9385
4537 9483
4372 1029
5368 9247
1932 1057
8644 9753
8714 6752
3487 5387
7592 4173
4799 3777
199 3991
4336 5730
9020 4158
6267 5783
1441 2607
6516 936
2470 3386
6522 4054
6744 8753
2255 8657
5281 7673
3977 5097
7377 7286
2338 4159
8839 7544
3629 9258
1915 1408
7728 7390
14 4904
3764 2752
5895 2889
1419 3190
8014 7516
6684 3704
1272 3781
3759 3539
1879 6344
8458 388
6645 5150
9089 2293
9664 9367
7089 7479
3211 6482
690 5158
3710 3188
4560 754
4262 6041
8112 1739
940 847
4792 693
5609 1525
8292 6680
4761 578
3818 2169
4392 9259
6715 1536
4445 4837
540 1985
873 6036
3393 4629
3117 1962
1740 5965
9886 65
8303 1453
4151 3089
9468 6913
7627 6690
865 6420
6615 5146
8730 4699
6177 1672
1824 47
1080 9599
5270 1636
9838 819
4606 4641
2977 8244
3274 7534
8681 4161
8001 519
5926 9941
8026 1519
5752 4157
2797 833
1891 3328
3724 8981
6756 1774
1633 3805
2976 304
1108 5805
9250 8278
648 6580
2265 7145
3266 8408
1167 8667
9052 4490
4167 2859
4796 953
8159 9727
7271 1853
4400 4238
2573 5320
9201 8730
8554 9327
8745 2735
62 9506
9093 2571
4389 5615
4656 6213
7444 7480
6130 8304
3835 4169
7732 6620
5858 8584
5188 7847
751 5724
5073 6664
5325 2970
4468 3852
2621 9982
5240 9557
6479 9439
5894 2745
8968 319
5454 6583
8495 8445
3233 7357
6940 2998
9700 2648
8000 5884
857 3427
7613 8072
2329 3007
8683 9099
8381 492
9490 6214
8330 5507
3586 2897
2423 1811
8478 7752
9335 2054
5160 2528
5467 6912
8227 7598
3166 8209
5537 2926
9031 1949
2577 9132
8620 2747
9339 6674
4090 2300
3835 907
2745 7071
6301 9480
7541 7946
5900 6414
1446 8041
3945 4057
7390 2178
8820 1544
7907 4034
6213 213
3663 2014
1473 8907
153 1460
607 2358
5889 675
1276 9832
4040 6560
7578 9899
6573 8864
9022 5205
3098 4272
3270 9873
4634 6124
1107 5016
8982 7783
2660 9110
6249 534
9965 6344
9170 6567
590 6381
5621 6119
4629 6895
6255 8316
7414 3535
7152 8870
8573 3838
8857 5110
9402 4396
2554 1132
1044 4166
3466 691
727 9324
2720 5915
6344 8166
8947 8865
8301 7589
4453 2944
8395 3909
6130 852
435 486
367 8896
2795 621
969 114
1301 2542
5023 2165
6686 3210
4979 8737
8386 8862
8667 3220
9234 6769
1493 4865
1547 2992
6596 6611
6653 9835
3156 3061
4381 4029
7330 1775
882 2359
6826 2644
6897 110
4406 1460
5646 3737
8612 1433
3466 1692
1652 4946
299 7413
9335 490
1784 6804
9473 7739
589 5107
5101 531
4456 8165
9652 6398
4855 86
5082 3126
6086 7726
5637 7218
2387 8503
7480 246
1184 3912
3244 2458
8799 8859
9885 8223
1980 190
5762 2296
6206 4049
2895 7531
4209 236
2655 8865
7639 431
1947 2570
8050 237
4889 3787
3481 4952
199 3102
6374 8886
8507 2647
8352 303
9001 7973
9850 1609
3180 1616
1428 4927
8872 6150
8350 8233
2060 5520
9342 1613
525 13
2446 6905
4324 9378
8786 9117
1212 4604
2678 3983
716 5809
2573 472
2944 4587
6147 2116
6022 7690
9949 9990
7726 5045
7394 1621
4866 7267
8198 585
7397 6949
2514 5526
4455 8559
6932 8627
3258 4219
2043 9673
4541 9006
7512 6460
1271 8601
6771 7771
9536 4785
8491 6742
7489 5689
8204 7720
1141 3265
9120 1111
8791 7824
1944 4494
7894 9503
5415 3986
9142 650
7681 9822
4039 897
7779 6409
9200 6971
5215 1231
5932 4823
9866 6564
5844 1715
4718 8515
1265 6516
4945 6479
8563 6819
9438 5095
682 7030
4387 5176
2424 7429
8247 5952
5743 7563
699 5742
8362 2189
5418 9628
9077 6546
8524 9814
589 6588
8217 7456
482 928
480 2979
6699 5824
9738 5085
1405 2058
7509 5188
8215 3617
1781 4771
3902 5569
5163 8235
7894 2906
6403 2974
1730 9392
3326 2378
5893 3741
893 392
4091 8092
8908 2007
5160 6739
7361 3164
4928 4469
5398 4980
4021 648
2714 9512
4848 9462
3967 8916
7193 2864
122 659
5983 7246
4100 9488
5442 2661
5240 9101
8930 7374
5787 5604
1212 7310
9575 7772
4445 4902
9130 4569
3546 2269
3546 2785
5118 2145
7404 7967
8016 2297
1646 5606
1715 3828
6370 1858
6955 6108
8795 9774
6251 7171
9217 1590
626 603
6084 7829
4742 9718
8927 3134
5662 9180
2435 2785
6864 2301
6386 590
