1000 2
6086 7726
8872 6150
690 5158
9940 2953
8507 2647
3556 151
3319 7164
2046 2225
406 6247
7394 1621
5683 6478
9097 9633
3117 1962
682 5103
8014 7516
6043 2669
6251 7171
8000 5884
8316 7814
875 6840
5962 2945
3717 3632
1633 3805
3400 2499
6267 5783
6396 8126
1138 6081
5789 4407
367 8896
9322 7914
2554 1132
5187 5904
5621 6119
342 8896
4698 878
252 8195
284 3192
607 5687
8330 5507
4400 4238
7707 4982
6108 4178
6596 6611
4011 1371
8406 9555
3551 9841
3326 2378
3266 9385
8310 1699
4848 9462
5388 5950
3361 3330
589 5107
5176 5233
5646 3737
6539 9356
9557 722
9512 6433
4945 6479
6345 103
5325 2970
3980 712
2752 3227
6206 4049
5368 5437
1980 190
5387 7495
7465 9372
6341 7015
8608 9835
2853 9831
1475 8443
3710 3188
8862 5435
9434 7795
3256 6848
4244 9821
3902 5569
4354 5014
6800 2094
699 5742
7905 2717
1826 9614
1493 4865
1438 4972
8048 3666
8250 96
7780 3149
6715 1536
3258 4219
9557 8712
4391 2797
1108 5805
7995 885
4799 3777
3393 4629
6817 8959
6904 8625
5158 2201
40 7813
9468 6913
2304 8867
4455 8559
3266 8408
4928 4469
4537 9483
8305 2563
7930 2765
8982 7783
1325 7831
7779 6409
2358 8426
6876 7535
3517 9637
7466 2514
8644 9753
6480 7424
5494 7804
5708 1079
7135 4519
4541 9006
5046 5200
9567 1495
8322 7695
8204 7720
3466 1692
395 1312
9076 9180
4523 467
6046 5564
9120 1111
8366 2515
6682 3709
1444 6154
4656 6213
6474 7338
5752 4157
1879 6344
3265 3982
2944 4587
5901 7064
5281 7673
362 2076
7767 1464
6684 3704
2066 8826
9677 8947
9886 65
9050 9374
1852 8416
6567 6391
5997 1113
5201 4696
4618 8767
458 7428
1947 2570
5233 2826
1846 6343
3530 5984
3636 3752
525 4450
4761 578
5900 6414
832 3629
2895 7531
8942 4171
4469 676
3033 75
940 847
8524 9814
8050 237
8232 1242
5778 3946
8930 7374
5423 7292
6202 5981
1784 6804
7842 2873
3835 4169
7054 2985
4634 6124
1626 3100
7397 6949
865 6420
571 3880
4808 3402
8680 25
4406 1460
2976 304
2678 3983
327 187
6955 6108
9302 3795
2255 8657
1212 7310
3759 3539
3548 5289
8654 4880
6699 5824
5398 4980
2047 7290
5370 4383
8643 5292
7894 9503
7271 1853
5629 3648
9342 1613
4699 7759
4502 1056
1568 956
8027 4538
9996 2033
7894 2906
9021 9987
9250 8278
4889 3787
3010 1617
4718 8515
3291 6500
9652 6398
2257 2303
2621 9982
9575 7772
1114 9712
7404 7967
7712 9100
4032 6052
8624 8395
9031 1949
4956 7783
2308 61
9738 5085
2522 4504
1758 8138
5160 2528
801 5774
2264 5377
857 3427
7753 5789
8786 9117
1730 9392
3244 2458
6757 2203
8756 5315
8433 7215
1212 4604
5895 2889
1243 6014
582 8056
4554 7653
3629 9258
3808 4966
2931 1347
2499 8319
6433 2790
8714 6752
9329 6790
4796 953
759 918
3041 6189
6686 3210
4387 5176
1451 2922
3945 4057
1268 9498
3714 1707
9812 1855
7627 1149
3286 2525
3211 6482
8649 3969
2116 1122
5254 6098
589 6588
1740 5965
1710 254
1044 4166
3123 9539
1419 3190
8955 1592
2660 9110
5187 5819
8357 5083
6771 7771
5637 7218
2401 6074
8395 5499
859 1526
6213 213
7170 5582
4487 7354
8376 5394
2424 7429
2804 7509
9664 850
419 8167
5615 7422
7925 155
5368 9247
8465 1942
5463 2218
3022 4619
1573 9315
2423 1811
4453 2944
1781 4771
3466 691
9241 6499
9750 6129
3657 8347
1401 166
1646 5606
2011 8040
2662 2741
9142 650
9193 6478
2058 3771
5021 5930
6084 7829
6294 95
9006 3107
9659 4882
3002 6787
5705 9473
5743 7563
4090 2300
5765 4800
738 5976
5118 2145
7330 1775
6744 8753
4973 177
7711 9136
6801 5261
8971 1120
5163 8235
8362 2189
2573 5320
5352 1661
1498 1668
2797 833
6255 8316
4448 5895
5392 479
5904 8282
9113 3809
5101 531
526 1323
1079 2444
8848 2884
2835 1718
9438 5095
5633 4327
7726 5045
7958 3109
992 105
52 9604
62 9506
37 8032
1017 2881
6756 1774
8573 3838
1636 512
4372 1029
5609 1525
7700 7385
2181 2557
2511 7810
3697 9391
5093 57
1184 3912
8935 1033
682 7030
4952 2663
757 3992
7495 1313
3663 2014
9903 157
9949 9990
5623 8163
9536 4785
9866 6564
3818 2169
3180 1616
1141 3265
6130 8304
5980 3266
9775 4769
2916 2107
7789 8382
3481 4952
122 4910
199 3991
7089 7479
9192 2314
8588 4984
3266 3885
2405 3418
3233 7357
8159 9727
3638 2202
2053 5100
1080 9599
8970 1769
6318 2237
2936 4968
7414 3535
6344 4760
4985 6650
2789 2502
590 6381
7578 9899
5905 4864
4742 9718
4608 4375
7377 7286
6022 7690
480 2979
4863 6015
4890 5607
3160 6254
8432 7992
5215 1231
7279 3285
6120 4096
2550 7563
2329 3007
3646 7636
8394 4447
7078 5519
1358 8661
1480 3079
9093 2571
2402 1249
3158 4636
5983 7246
5270 1636
9082 4069
3695 7817
7741 6671
6130 852
1715 3828
4850 7251
4825 3476
5889 675
9234 6769
3586 2897
7169 3281
4816 3610
4145 9746
6789 8132
9057 6349
3635 5174
645 2680
8292 6680
5339 3654
6940 2998
8495 8445
5210 5552
8559 2903
4336 5730
6403 2974
5442 2661
7966 7993
4852 2694
6742 579
4167 2859
6536 3263
5526 9419
3087 9497
268 645
2377 7632
1467 2538
3314 5343
3692 6872
8563 6819
9170 6567
14 4904
7631 6935
7541 7946
8683 9099
4629 6895
969 114
4826 5991
8458 388
2795 621
8876 9369
3270 9873
5128 5541
728 5062
8247 5952
9523 9608
3914 2044
9473 7739
299 7413
9233 6120
6897 110
5739 5569
1472 5494
5977 3110
893 392
4982 1179
5761 2829
3967 8916
4151 6763
3835 907
5727 3615
7709 3265
7512 6460
5454 6583
6738 5584
5815 4389
8348 1830
9345 8889
6291 3809
8409 4671
7788 1677
1906 2610
8017 1929
8374 5386
3823 7363
186 4566
2444 484
8773 4109
5926 9941
8215 3617
1944 4494
5657 8214
8075 662
1824 47
2337 8424
6334 7377
4874 249
4151 3089
2369 7518
3515 2622
3072 2545
4905 8646
949 858
9625 4365
5549 9667
2881 4682
7072 8138
8329 5908
1037 2032
9259 395
3055 3936
4549 735
3156 3061
9335 2054
7505 4185
2569 5729
6645 5150
9885 8223
665 977
4058 8677
5036 572
1167 8667
6301 9480
2060 5520
1107 5016
6978 2005
9827 8629
3765 1840
554 6706
8681 4161
1910 6486
6563 5718
8639 3676
8638 9225
9519 1815
5893 3741
882 2359
873 6036
1272 3781
3158 8727
1690 6269
648 6580
5787 5604
9467 2100
2350 5833
6249 534
4571 3051
6826 2644
7744 3450
4209 236
2470 3386
9700 2648
4040 6560
1631 1995
1190 5043
1846 1114
4593 4837
2446 6905
8276 5627
8470 4380
525 13
8971 9262
9339 6674
1859 417
7444 7480
2278 5222
8934 510
6386 590
5222 4979
9052 4490
6864 2301
9516 1953
626 603
8301 7589
9316 7666
8730 4699
7592 4173
8786 7706
3068 7534
7759 8930
8501 773
9847 1699
6147 2116
1577 3541
6370 1858
8217 7456
1684 9812
2977 8244
5741 3572
6981 7430
7681 9822
4560 4219
5932 4823
122 659
5481 55
4855 3358
8651 859
8628 8958
8227 7598
6349 1039
4979 8737
2745 7071
8361 9447
406 3327
9020 4158
7732 6620
4560 754
5762 2296
6499 8174
8016 2297
4389 5615
4401 5467
2043 9673
5702 9381
5460 7340
3313 5056
8209 9447
420 9752
6516 936
9695 6841
8799 8859
3638 4268
6280 3020
8198 585
3098 4272
866 2185
2524 8732
5151 9227
5744 5366
6924 3622
6374 8886
3870 1006
3274 7534
5467 6912
9664 9367
9447 4040
1405 2058
8795 9774
2153 107
6653 9835
2387 8503
3117 9609
9856 1111
9122 1918
8076 2341
9402 4396
7627 6690
8491 6742
6967 7221
1891 3328
4369 9487
6287 1556
2655 8865
9832 1866
7427 4107
3166 8209
1915 1408
2514 5526
5894 2745
9124 6086
8492 8876
1745 8699
2994 541
7949 2219
9249 1709
5169 5145
6681 1001
410 5518
8791 7824
8460 6889
914 1774
5844 1715
8303 1453
1547 2992
5883 9124
1265 6516
4963 8654
5650 3927
1479 8666
4444 3436
7981 9676
2265 7145
5023 2165
6769 4805
8554 9327
1338 9231
6479 9439
4468 3852
6485 8123
7639 431
4866 7267
9335 490
2836 3101
6656 843
8395 3909
4381 4029
4725 1662
8133 9170
1270 8644
8820 1544
4237 1773
4262 6041
4288 9678
4792 693
8684 5759
1942 6860
7728 7390
8727 4351
4021 648
670 2591
8822 2340
5578 5536
4456 8165
5236 7794
2620 1968
2119 4365
9490 6214
2507 6645
7295 3888
751 5724
8478 7752
9184 1525
2447 7476
1932 1057
4476 3873
540 1985
9974 8870
1520 15
9022 4883
7547 8938
4324 9378
4835 7909
1133 1184
145 3824
9201 8730
5168 3097
9217 1590
8667 3220
7162 6824
9077 6546
8001 519
1276 9832
2714 9512
6355 7387
6573 8864
360 6949
2457 7932
1697 4182
685 3576
512 5719
7917 4227
3512 5827
1111 6742
3546 2269
9022 5205
2577 9132
6671 4139
4445 4837
9089 2293
4100 9488
2642 4862
5418 9628
9149 3927
9965 6344
7785 1654
3327 6042
6615 5146
3575 5040
1091 7983
2713 2570
6560 1078
8350 8233
1271 8601
5537 2926
8352 303
2922 5330
5073 6664
6242 9526
153 1460
8671 9224
5858 8584
6927 4408
2338 4159
6177 1672
2720 5915
2484 2474
2852 1801
3400 1879
9130 4569
199 3102
3009 9822
7150 7313
4004 7074
1623 3312
6344 8166
8968 319
1771 480
4039 897
8549 6403
8953 9934
7460 259
4718 7161
9919 9439
2699 1877
6901 1379
7509 5188
8386 8862
7788 5899
1926 2074
8664 7495
3098 9385
7907 4034
8972 2453
1351 7642
6522 4054
7724 5516
4461 5834
5662 9180
4709 4604
4254 271
7613 8072
7525 9973
6101 5833
8857 5110
3347 4825
7030 8566
5849 4489
8631 2154
7048 2048
1519 4585
3979 7656
8112 1739
5011 1070
1428 4927
3549 8002
2866 8222
4606 4641
5950 8494
8026 1519
3065 7093
292 4947
1140 5641
8381 492
716 5809
8947 8865
8620 2747
6340 3528
1275 2791
7361 3164
8695 8603
6838 21
4541 7549
8711 6570
7152 8870
753 6143
2043 4813
7619 2039
5415 3986
8817 878
5356 6242
9001 7973
4445 4902
4392 9259
8548 4145
3992 8213
2474 2882
8943 2010
4775 3655
6569 479
607 2358
9403 337
7937 7149
4144 9543
325 7731
9850 1609
2629 5614
5082 3126
9584 1800
4855 86
5160 6739
8612 1433
7480 246
435 486
7787 6368
7406 7886
1441 2607
9489 3197
8927 3134
7404 4738
9573 2681
5240 9557
6922 4213
751 9284
960 766
7489 5689
1646 3195
2970 3091
347 1650
3416 6134
727 9324
421 4581
1446 8041
5545 5615
3487 5387
2773 7210
6932 8627
7193 2864
1480 5218
323 5462
9420 9964
5272 6974
1250 9159
8148 1093
30 4527
3350 1632
4092 7446
7802 4832
8747 1421
2331 6883
1060 3352
9156 9403
3676 3827
3977 5097
1555 5429
9200 6971
3764 2752
3338 2055
5016 5048
3088 5267
2573 472
9838 819
1432 5871
7052 8030
1652 4946
2525 9782
3346 3453
1210 3929
75 2194
6156 8050
4091 8092
5188 7847
3546 2785
482 928
1473 8907
3178 1685
8745 2735
9843 8081
9781 9615
2435 2785
8886 6027
8908 2007
2300 9910
1301 2542
7390 2178
259 7934
5240 9101
7280 6345
3724 8981
8839 7544
9913 779
7895 3029
9139 8009
410 3222
1886 5104
