1000 2
7509 5188
859 1526
3313 5056
1652 4946
9139 8009
2620 1968
1623 3312
6386 590
8942 4171
1475 8443
9113 3809
4796 953
6130 8304
4058 8677
62 9506
8507 2647
1493 4865
8680 25
7894 9503
9345 8889
2424 7429
5046 5200
8872 6150
6355 7387
3914 2044
8822 2340
2621 9982
4855 3358
2046 2225
3319 7164
7162 6824
1519 4585
7732 6620
9974 8870
9342 1613
4863 6015
5926 9941
8927 3134
2255 8657
8075 662
1626 3100
7631 6935
4354 5014
5160 6739
5849 4489
8643 5292
2507 6645
6645 5150
5163 8235
6340 3528
8303 1453
5176 5233
7788 5899
7925 155
2387 8503
992 105
4718 7161
8695 8603
1351 7642
5233 2826
8362 2189
362 2076
323 5462
5708 1079
3764 2752
9965 6344
4523 467
5537 2926
4982 1179
3697 9391
5494 7804
2265 7145
5151 9227
8559 2903
1980 190
6978 2005
292 4947
2795 621
590 6381
875 6840
5128 5541
8322 7695
9122 1918
252 8195
5815 4389
3765 1840
5761 2829
8857 5110
7787 6368
2662 2741
7547 8938
3211 6482
3068 7534
8050 237
6479 9439
751 5724
4541 7549
5356 6242
4237 1773
2278 5222
1270 8644
4468 3852
4855 86
2011 8040
2629 5614
5187 5819
1555 5429
6022 7690
9077 6546
1633 3805
6101 5833
8654 4880
7895 3029
8460 6889
3657 8347
2797 833
4698 878
2264 5377
1243 6014
395 1312
7785 1654
9781 9615
3258 4219
1272 3781
1520 15
3314 5343
1111 6742
5858 8584
5895 2889
8786 7706
5662 9180
6539 9356
9050 9374
1212 4604
3692 6872
7414 3535
4928 4469
832 3629
8639 3676
4011 1371
2043 4813
3823 7363
1446 8041
6334 7377
2573 5320
1325 7831
9885 8223
690 5158
40 7813
9447 4040
1405 2058
8934 510
7489 5689
9519 1815
145 3824
7619 2039
3635 5174
6744 8753
3180 1616
5997 1113
1932 1057
14 4904
2550 7563
2836 3101
9022 4883
9156 9403
2304 8867
3487 5387
2970 3091
4709 4604
9827 8629
2308 61
4448 5895
1730 9392
8491 6742
8276 5627
8112 1739
3416 6134
9516 1953
8935 1033
2377 7632
6801 5261
914 1774
284 3192
2499 8319
3166 8209
4453 2944
866 2185
9402 4396
7578 9899
1301 2542
4401 5467
9001 7973
753 6143
7779 6409
8227 7598
716 5809
9097 9633
6904 8625
5423 7292
5463 2218
30 4527
8458 388
3979 7656
2329 3007
6287 1556
8310 1699
9467 2100
3481 4952
8492 8876
3350 1632
1044 4166
607 2358
7711 9136
2577 9132
4254 271
1441 2607
589 6588
5705 9473
5545 5615
6147 2116
4742 9718
3551 9841
6291 3809
6108 4178
4381 4029
9847 1699
7480 246
1824 47
4389 5615
4040 6560
268 645
7330 1775
5893 3741
4608 4375
699 5742
7361 3164
2852 1801
8684 5759
645 2680
5011 1070
2043 9673
5549 9667
9006 3107
6242 9526
1108 5805
9217 1590
5962 2945
52 9604
4537 9483
1210 3929
7759 8930
4455 8559
259 7934
37 8032
8470 4380
3270 9873
2655 8865
4391 2797
6251 7171
3695 7817
1577 3541
2944 4587
9170 6567
7842 2873
8886 6027
7397 6949
2116 1122
8386 8862
2524 8732
9856 1111
9940 2953
3072 2545
727 9324
4850 7251
8795 9774
5743 7563
6864 2301
4560 754
4808 3402
7150 7313
4890 5607
2931 1347
9241 6499
3818 2169
949 858
589 5107
8301 7589
8495 8445
1886 5104
6349 1039
1846 1114
8947 8865
3117 1962
5158 2201
751 9284
3123 9539
1473 8907
7406 7886
607 5687
4593 4837
3400 2499
525 4450
8357 5083
7802 4832
8330 5507
4151 6763
5752 4157
3977 5097
1141 3265
1091 7983
2922 5330
6084 7829
5240 9101
367 8896
6653 9835
3945 4057
3346 3453
9838 819
8204 7720
4445 4837
7780 3149
8406 9555
8432 7992
1419 3190
3980 712
9557 722
8548 4145
8076 2341
3156 3061
4092 7446
5883 9124
4816 3610
9302 3795
2331 6883
6756 1774
435 486
9201 8730
1684 9812
2358 8426
6656 843
7054 2985
9490 6214
1781 4771
2745 7071
4369 9487
9677 8947
4167 2859
4699 7759
9866 6564
4606 4641
8159 9727
4502 1056
3902 5569
360 6949
3286 2525
4090 2300
2895 7531
6817 8959
5983 7246
4973 177
8232 1242
6043 2669
8664 7495
6046 5564
5467 6912
7512 6460
9750 6129
2916 2107
8786 9117
571 3880
9468 6913
9700 2648
2066 8826
5702 9381
5236 7794
3646 7636
5762 2296
5210 5552
199 3102
75 2194
8971 9262
3010 1617
2660 9110
3638 2202
4571 3051
7078 5519
9812 1855
6615 5146
1498 1668
7788 1677
9886 65
9438 5095
9022 5205
6396 8126
7753 5789
9738 5085
9316 7666
9903 157
4461 5834
2119 4365
5281 7673
2866 8222
3098 4272
4952 2663
8247 5952
3033 75
4144 9543
5240 9557
2350 5833
2337 8424
8649 3969
153 1460
5036 572
7949 2219
7030 8566
1915 1408
8563 6819
4761 578
2804 7509
5188 7847
7709 3265
8198 585
4288 9678
8848 2884
4549 735
3158 4636
6294 95
5633 4327
2853 9831
1432 5871
5270 1636
6249 534
3266 8408
2153 107
7726 5045
5739 5569
5398 4980
2053 5100
7907 4034
6499 8174
7193 2864
7466 2514
6318 2237
8799 8859
2435 2785
4554 7653
6955 6108
1846 6343
8711 6570
6522 4054
7930 2765
1138 6081
9335 490
8433 7215
4629 6895
9575 7772
7279 3285
9652 6398
8631 2154
5481 55
8620 2747
626 603
3870 1006
4392 9259
1852 8416
7707 4982
6699 5824
3717 3632
6433 2790
4905 8646
5016 5048
5894 2745
4718 8515
6560 1078
8395 5499
759 918
8048 3666
7460 259
4799 3777
5609 1525
3546 2269
6120 4096
3575 5040
1472 5494
7905 2717
1636 512
8773 4109
406 6247
525 13
2977 8244
6922 4213
6757 2203
3663 2014
2881 4682
8133 9170
8667 3220
8305 2563
6924 3622
7613 8072
5169 5145
5889 675
5765 4800
4244 9821
7390 2178
199 3991
5778 3946
8971 1120
3338 2055
5392 479
6130 852
5168 3097
8329 5908
8671 9224
5646 3737
419 8167
9082 4069
7427 4107
4021 648
685 3576
1758 8138
9339 6674
8588 4984
9625 4365
4792 693
1879 6344
2423 1811
5657 8214
1910 6486
7271 1853
6267 5783
3087 9497
6738 5584
9057 6349
458 7428
5904 8282
2474 2882
8215 3617
757 3992
3274 7534
8714 6752
6681 1001
8348 1830
421 4581
6086 7726
7404 4738
6686 3210
7744 3450
4387 5176
7917 4227
5844 1715
8376 5394
2699 1877
2720 5915
8209 9447
1947 2570
6485 8123
8148 1093
2405 3418
665 977
4866 7267
2257 2303
9335 2054
8747 1421
5578 5536
7966 7993
6344 4760
9949 9990
2525 9782
3676 3827
4825 3476
8217 7456
6789 8132
1740 5965
4444 3436
9233 6120
8730 4699
1568 956
4209 236
6345 103
1906 2610
8573 3838
728 5062
2369 7518
2936 4968
8465 1942
1184 3912
7495 1313
3710 3188
6156 8050
4835 7909
7525 9973
4775 3655
5388 5950
7995 885
8955 1592
9664 9367
3256 6848
5187 5904
5093 57
5442 2661
5415 3986
8839 7544
1190 5043
8352 303
2300 9910
526 1323
3714 1707
682 5103
2976 304
2047 7290
3117 9609
1697 4182
4336 5730
8862 5435
9512 6433
1715 3828
6573 8864
4963 8654
1784 6804
3724 8981
8953 9934
4634 6124
9149 3927
1114 9712
1480 5218
1358 8661
8026 1519
9489 3197
1646 3195
4400 4238
2058 3771
4091 8092
6671 4139
6826 2644
7170 5582
1212 7310
1480 3079
9120 1111
2060 5520
9130 4569
3530 5984
7592 4173
1060 3352
7072 8138
9322 7914
6897 110
1646 5606
1631 1995
2569 5729
3055 3936
8930 7374
6682 3709
1438 4972
9775 4769
9557 8712
1167 8667
1573 9315
3098 9385
4032 6052
9473 7739
3546 2785
6206 4049
5325 2970
1079 2444
8817 878
5160 2528
9193 6478
1428 4927
7700 7385
5977 3110
9403 337
7937 7149
3022 4619
940 847
9434 7795
3291 6500
8366 2515
670 2591
682 7030
410 5518
1710 254
4476 3873
5454 6583
6742 579
5254 6098
3586 2897
1771 480
9573 2681
9249 1709
420 9752
7152 8870
4725 1662
3759 3539
6403 2974
5526 9419
3065 7093
7981 9676
7089 7479
2773 7210
4151 3089
4541 9006
6474 7338
5201 4696
4985 6650
857 3427
8982 7783
7789 8382
7295 3888
8612 1433
6563 5718
3266 9385
8409 4671
893 392
5650 3927
9021 9987
960 766
7728 7390
4456 8165
9664 850
9536 4785
1479 8666
9850 1609
6202 5981
8756 5315
6901 1379
5901 7064
5272 6974
9093 2571
3088 5267
5744 5366
8791 7824
7404 7967
186 4566
7958 3109
7444 7480
325 7731
9584 1800
122 4910
8745 2735
5222 4979
1107 5016
8681 4161
5368 5437
2642 4862
6927 4408
3400 1879
8014 7516
2714 9512
7169 3281
9052 4490
6684 3704
8350 8233
3265 3982
6374 8886
7280 6345
2457 7932
1268 9498
8316 7814
5101 531
1080 9599
7052 8030
3466 1692
8554 9327
9124 6086
3548 5289
6370 1858
7712 9100
9919 9439
5787 5604
5950 8494
8876 9369
1250 9159
8683 9099
5370 4383
554 6706
3967 8916
7724 5516
8549 6403
3361 3330
6341 7015
9192 2314
6715 1536
5623 8163
1133 1184
6771 7771
2446 6905
5387 7495
1467 2538
4100 9488
9142 650
5900 6414
6596 6611
5368 9247
3347 4825
8608 9835
6838 21
9996 2033
8908 2007
9523 9608
2835 1718
2447 7476
1745 8699
8638 9225
7048 2048
3636 3752
8374 5386
9200 6971
6932 8627
8001 519
3992 8213
8970 1769
5418 9628
1942 6860
7894 2906
3393 4629
6536 3263
4979 8737
9250 8278
9420 9964
3808 4966
5932 4823
6569 479
4406 1460
3629 9258
8727 4351
5629 3648
969 114
9234 6769
6280 3020
6567 6391
3835 907
6177 1672
4889 3787
1401 166
4956 7783
9259 395
8292 6680
9832 1866
7394 1621
482 928
648 6580
4848 9462
1926 2074
2470 3386
7465 9372
3327 6042
1265 6516
5215 1231
9567 1495
4487 7354
4618 8767
8395 3909
9843 8081
8027 4538
4039 897
122 659
1017 2881
3549 8002
2522 4504
7639 431
410 3222
8016 2297
8968 319
4004 7074
2752 3227
4262 6041
865 6420
2444 484
873 6036
7767 1464
6255 8316
5637 7218
9659 4882
3466 691
8644 9753
8394 4447
738 5976
1444 6154
9089 2293
4874 249
5339 3654
3326 2378
8651 859
5023 2165
6516 936
5118 2145
3041 6189
4560 4219
1276 9832
8361 9447
8628 8958
3158 8727
1690 6269
6876 7535
6344 8166
1547 2992
1826 9614
5905 4864
8943 2010
8524 9814
5460 7340
5615 7422
2789 2502
4852 2694
1859 417
9184 1525
3515 2622
3512 5827
5082 3126
4945 6479
8000 5884
2402 1249
8501 773
7135 4519
5789 4407
5352 1661
2678 3983
582 8056
2573 472
342 8896
4324 9378
1037 2032
6480 7424
8381 492
7505 4185
3233 7357
1944 4494
8624 8395
540 1985
4469 676
327 187
5683 6478
3178 1685
4826 5991
7541 7946
3266 3885
8017 1929
5980 3266
7377 7286
3517 9637
1451 2922
2514 5526
2401 6074
8972 2453
5021 5930
9329 6790
9913 779
4445 4902
3638 4268
2554 1132
8478 7752
1275 2791
3556 151
5621 6119
6967 7221
347 1650
480 2979
6940 2998
1338 9231
7741 6671
8820 1544
7627 1149
512 5719
6301 9480
3009 9822
3160 6254
2484 2474
2181 2557
801 5774
5073 6664
7627 6690
882 2359
9031 1949
6981 7430
6769 4805
4372 1029
3002 6787
9020 4158
1271 8601
406 3327
3835 4169
9076 9180
1891 3328
4145 9746
4656 6213
2338 4159
7681 9822
9695 6841
2713 2570
6213 213
6800 2094
8250 96
1140 5641
5727 3615
5741 3572
2994 541
3244 2458
299 7413
2511 7810
