1000 2
7541 7946
3548 5289
8747 1421
8730 4699
3361 3330
3087 9497
2350 5833
2853 9831
6043 2669
3156 3061
8639 3676
5883 9124
1451 2922
2424 7429
9677 8947
9843 8081
8322 7695
3764 2752
4718 7161
9322 7914
153 1460
7406 7886
7681 9822
3158 4636
3346 3453
6715 1536
4629 6895
4979 8737
482 928
1947 2570
40 7813
5215 1231
2994 541
5388 5950
4742 9718
5900 6414
7949 2219
9113 3809
5932 4823
3327 6042
4852 2694
3265 3982
4608 4375
9827 8629
8366 2515
8330 5507
9965 6344
9192 2314
8872 6150
5036 572
8507 2647
3041 6189
9850 1609
7135 4519
2522 4504
9567 1495
2387 8503
2745 7071
8982 7783
1626 3100
2470 3386
5188 7847
7930 2765
6536 3263
2153 107
5023 2165
3274 7534
9050 9374
8654 4880
4288 9678
9575 7772
1906 2610
1080 9599
3180 1616
5761 2829
3575 5040
5637 7218
540 1985
2511 7810
6789 8132
1926 2074
7052 8030
2713 2570
759 918
4209 236
2569 5729
2043 4813
6560 1078
6757 2203
7361 3164
8361 9447
6177 1672
5980 3266
2629 5614
2881 4682
1276 9832
2720 5915
2662 2741
360 6949
4032 6052
2255 8657
9659 4882
52 9604
1824 47
1852 8416
2329 3007
9139 8009
4549 735
30 4527
4445 4837
685 3576
8524 9814
8971 1120
7995 885
3710 3188
3098 9385
3765 1840
7390 2178
7444 7480
6573 8864
5082 3126
5392 479
5662 9180
9335 2054
7788 1677
8491 6742
5398 4980
5368 9247
6267 5783
6101 5833
6596 6611
7627 6690
6301 9480
3286 2525
4100 9488
3009 9822
1519 4585
8215 3617
7779 6409
2554 1132
9781 9615
7489 5689
327 187
5615 7422
1428 4927
5460 7340
9149 3927
6156 8050
284 3192
4468 3852
8791 7824
2507 6645
6130 8304
9695 6841
9903 157
5950 8494
554 6706
8628 8958
1944 4494
4145 9746
7152 8870
5093 57
9403 337
3992 8213
8649 3969
8644 9753
5849 4489
2936 4968
9974 8870
7030 8566
6213 213
5423 7292
7905 2717
4709 4604
5442 2661
6653 9835
3808 4966
7732 6620
9832 1866
2119 4365
8612 1433
9130 4569
9082 4069
5016 5048
5705 9473
342 8896
14 4904
1547 2992
7707 4982
4796 953
3117 1962
6480 7424
8786 7706
4928 4469
2916 2107
8756 5315
2446 6905
9519 1815
8310 1699
1915 1408
7907 4034
6251 7171
2053 5100
8458 388
4945 6479
2369 7518
6681 1001
6699 5824
512 5719
9020 4158
9234 6769
7767 1464
2977 8244
1942 6860
4502 1056
5387 7495
2278 5222
5526 9419
8862 5435
8935 1033
9124 6086
4039 897
9302 3795
3117 9609
5762 2296
6864 2301
1210 3929
5201 4696
3270 9873
4863 6015
8817 878
9420 9964
3068 7534
6130 852
421 4581
9919 9439
7802 4832
2931 1347
5904 8282
2047 7290
3466 1692
5741 3572
4656 6213
9812 1855
2265 7145
8786 9117
4835 7909
7169 3281
8820 1544
5621 6119
7547 8938
268 645
4254 271
4541 7549
1826 9614
2474 2882
4952 2663
665 977
7578 9899
5187 5904
1771 480
589 6588
3663 2014
6826 2644
8376 5394
4021 648
4825 3476
5463 2218
8075 662
5339 3654
716 5809
6924 3622
6120 4096
4091 8092
5983 7246
3350 1632
6897 110
2338 4159
8927 3134
1212 4604
873 6036
8433 7215
6684 3704
3178 1685
2895 7531
8664 7495
1017 2881
626 603
4392 9259
8955 1592
1091 7983
8329 5908
2377 7632
3530 5984
3759 3539
9700 2648
6294 95
4973 177
9838 819
2058 3771
6569 479
8016 2297
2264 5377
6539 9356
2499 8319
9057 6349
8048 3666
1444 6154
8711 6570
4850 7251
4855 86
6344 8166
7404 4738
1107 5016
7788 5899
5765 4800
1270 8644
4469 676
2358 8426
3022 4619
4387 5176
1573 9315
5537 2926
1886 5104
3033 75
1037 2032
7427 4107
7295 3888
2573 472
5415 3986
7787 6368
4718 8515
3724 8981
9335 490
1351 7642
4855 3358
682 7030
8381 492
8017 1929
8076 2341
4461 5834
9664 850
6206 4049
7728 7390
5787 5604
757 3992
6242 9526
8651 859
5160 6739
8250 96
2660 9110
1140 5641
325 7731
6817 8959
6927 4408
590 6381
8943 2010
1568 956
882 2359
8352 303
1745 8699
5895 2889
525 4450
8886 6027
5650 3927
8460 6889
9885 8223
3400 1879
7958 3109
4571 3051
7917 4227
3313 5056
8198 585
5844 1715
6738 5584
5997 1113
9316 7666
6280 3020
4381 4029
3347 4825
2116 1122
3823 7363
1980 190
3055 3936
7842 2873
7466 2514
1338 9231
7753 5789
1636 512
3646 7636
3098 4272
3546 2785
9489 3197
7724 5516
4792 693
8908 2007
5494 7804
4406 1460
8773 4109
1275 2791
2405 3418
5168 3097
1358 8661
9940 2953
9949 9990
5454 6583
8348 1830
3977 5097
3914 2044
2773 7210
3697 9391
9523 9608
7505 4185
7613 8072
8217 7456
323 5462
7937 7149
9573 2681
9625 4365
2304 8867
1520 15
5481 55
8292 6680
5021 5930
5254 6098
9847 1699
8968 319
2797 833
8470 4380
4985 6650
5905 4864
5325 2970
4890 5607
589 5107
2457 7932
259 7934
8822 2340
2060 5520
1859 417
8395 3909
5977 3110
5169 5145
1652 4946
1301 2542
5356 6242
8608 9835
8942 4171
4523 467
8394 4447
8305 2563
8362 2189
5744 5366
7627 1149
5702 9381
9866 6564
5578 5536
3695 7817
5657 8214
8374 5386
3902 5569
367 8896
7726 5045
5240 9557
727 9324
9031 1949
5889 675
7639 431
8683 9099
2524 8732
4593 4837
5073 6664
5646 3737
8395 5499
8727 4351
2525 9782
8276 5627
8350 8233
8001 519
4324 9378
8930 7374
3517 9637
5101 531
1167 8667
4167 2859
1690 6269
3870 1006
4634 6124
2922 5330
753 6143
8714 6752
7072 8138
7397 6949
6374 8886
6344 4760
9022 4883
1108 5805
5011 1070
8554 9327
1111 6742
3818 2169
7394 1621
5128 5541
2804 7509
9473 7739
9342 1613
3010 1617
8695 8603
458 7428
6479 9439
1419 3190
4144 9543
9886 65
9512 6433
6022 7690
6499 8174
582 8056
9329 6790
7460 259
4444 3436
5163 8235
6108 4178
1472 5494
2699 1877
8631 2154
5368 5437
5118 2145
9006 3107
3314 5343
9750 6129
9184 1525
8971 9262
2257 2303
3338 2055
4372 1029
525 13
4905 8646
1138 6081
4554 7653
7631 6935
1475 8443
5151 9227
2046 2225
607 5687
9664 9367
3638 2202
252 8195
4401 5467
2423 1811
9249 1709
8548 4145
3980 712
1730 9392
2308 61
1646 5606
7789 8382
1623 3312
6656 843
362 2076
406 3327
4618 8767
7711 9136
3326 2378
6756 1774
6967 7221
8857 5110
1184 3912
3549 8002
9652 6398
122 659
8495 8445
857 3427
4456 8165
5046 5200
8357 5083
4775 3655
1684 9812
7495 1313
1846 6343
7894 9503
7465 9372
2678 3983
6349 1039
3072 2545
5727 3615
801 5774
8638 9225
3546 2269
7480 246
7744 3450
4151 6763
5962 2945
682 5103
8588 4984
4040 6560
7414 3535
199 3991
5240 9101
9467 2100
1212 7310
875 6840
9076 9180
7759 8930
2331 6883
1646 3195
6345 103
1697 4182
8316 7814
3586 2897
5752 4157
8159 9727
6147 2116
9001 7973
3487 5387
3291 6500
8027 4538
7895 3029
5629 3648
3123 9539
2484 2474
8406 9555
2970 3091
2866 8222
6046 5564
9217 1590
3319 7164
6370 1858
8934 510
435 486
8839 7544
1758 8138
6838 21
9089 2293
3945 4057
1740 5965
738 5976
1710 254
9122 1918
6249 534
4092 7446
4537 9483
9093 2571
1405 2058
914 1774
8303 1453
9339 6674
751 9284
7619 2039
4560 754
3515 2622
8681 4161
5858 8584
8953 9934
4453 2944
9856 1111
9536 4785
186 4566
1441 2607
8204 7720
670 2591
1784 6804
3967 8916
1268 9498
6522 4054
6084 7829
3416 6134
410 5518
3717 3632
8026 1519
6955 6108
3258 4219
832 3629
1633 3805
9738 5085
1846 1114
2011 8040
8671 9224
3158 8727
2401 6074
1325 7831
3088 5267
5708 1079
5176 5233
3065 7093
2714 9512
6474 7338
9241 6499
5187 5819
1141 3265
9120 1111
5236 7794
7078 5519
1781 4771
9156 9403
8227 7598
8624 8395
9345 8889
2447 7476
5352 1661
949 858
4476 3873
2043 9673
9201 8730
1715 3828
4448 5895
3002 6787
3629 9258
4004 7074
7512 6460
8501 773
2181 2557
1480 5218
1265 6516
690 5158
3835 4169
2300 9910
4606 4641
8876 9369
3166 8209
9077 6546
5778 3946
7780 3149
4400 4238
8050 237
9250 8278
9490 6214
6922 4213
5623 8163
9996 2033
8799 8859
6341 7015
8247 5952
5683 6478
5926 9941
6932 8627
4982 1179
859 1526
5743 7563
9584 1800
4336 5730
5160 2528
3211 6482
2620 1968
4956 7783
1467 2538
3512 5827
122 4910
8148 1093
6563 5718
4389 5615
526 1323
9468 6913
9200 6971
6981 7430
2852 1801
1577 3541
8745 2735
1271 8601
6744 8753
9097 9633
3233 7357
2944 4587
8972 2453
8014 7516
6686 3210
5633 4327
645 2680
6901 1379
419 8167
1401 166
7741 6671
199 3102
6202 5981
6403 2974
4445 4902
7712 9100
5545 5615
6291 3809
2621 9982
4369 9487
8667 3220
4699 7759
4698 878
299 7413
6615 5146
5901 7064
8112 1739
893 392
5270 1636
7509 5188
2577 9132
8492 8876
3266 9385
5158 2201
2435 2785
6771 7771
2514 5526
5789 4407
1932 1057
2655 8865
6340 3528
7048 2048
9557 8712
4826 5991
571 3880
6355 7387
6769 4805
4725 1662
4848 9462
2836 3101
75 2194
6800 2094
347 1650
7279 3285
7592 4173
6567 6391
3244 2458
7330 1775
4058 8677
5281 7673
9021 9987
1446 8041
1079 2444
9516 1953
4889 3787
7785 1654
1438 4972
5272 6974
7271 1853
4816 3610
8795 9774
395 1312
7150 7313
992 105
6318 2237
2444 484
7404 7967
3676 3827
7054 2985
7089 7479
4262 6041
4874 249
5233 2826
9022 5205
8573 3838
410 3222
6334 7377
4455 8559
2835 1718
2752 3227
3979 7656
699 5742
3393 4629
940 847
960 766
4761 578
2066 8826
1631 1995
3266 8408
1190 5043
3556 151
6682 3709
4560 4219
7162 6824
5222 4979
8301 7589
9259 395
3256 6848
4237 1773
3466 691
8432 7992
1555 5429
1910 6486
1243 6014
1133 1184
6255 8316
8478 7752
7170 5582
4354 5014
9402 4396
8559 2903
9142 650
1891 3328
7525 9973
7981 9676
6742 579
5467 6912
9775 4769
5815 4389
5894 2745
3692 6872
6386 590
5739 5569
9170 6567
8680 25
2976 304
6904 8625
8848 2884
4090 2300
1473 8907
3636 3752
969 114
6876 7535
1879 6344
3635 5174
607 2358
4963 8654
3266 3885
5210 5552
6433 2790
8684 5759
145 3824
420 9752
8970 1769
6516 936
6978 2005
8232 1242
5370 4383
480 2979
1432 5871
8620 2747
9438 5095
7894 2906
648 6580
4151 3089
1250 9159
2642 4862
2795 621
5549 9667
4011 1371
8409 4671
9052 4490
9447 4040
1493 4865
2789 2502
62 9506
4541 9006
2402 1249
7700 7385
751 5724
1044 4166
7193 2864
9434 7795
406 6247
2550 7563
4487 7354
8209 9447
6086 7726
1480 3079
3638 4268
3160 6254
7925 155
6485 8123
6940 2998
6645 5150
3714 1707
4799 3777
8643 5292
7377 7286
866 2185
3835 907
7709 3265
1479 8666
1272 3781
9557 722
8549 6403
292 4947
8386 8862
7966 7993
728 5062
4808 3402
9913 779
4866 7267
5893 3741
3481 4952
6671 4139
1060 3352
865 6420
5609 1525
3400 2499
3657 8347
1114 9712
8133 9170
2337 8424
6396 8126
37 8032
2573 5320
9193 6478
6287 1556
1498 1668
7280 6345
3551 9841
4244 9821
6801 5261
8947 8865
8000 5884
8465 1942
8563 6819
5418 9628
9233 6120
4391 2797
