1000 2
1852 8416
8395 5499
6715 1536
9557 722
3326 2378
685 3576
4401 5467
2745 7071
6318 2237
9339 6674
9302 3795
8953 9934
7052 8030
6924 3622
7767 1464
3098 4272
9434 7795
8350 8233
3556 151
7842 2873
4792 693
3041 6189
4855 3358
3002 6787
2053 5100
7753 5789
6699 5824
9467 2100
52 9604
2484 2474
5215 1231
9856 1111
2405 3418
7639 431
859 1526
1633 3805
6386 590
1771 480
2444 484
9093 2571
2713 2570
2976 304
6341 7015
4606 4641
4039 897
4144 9543
6403 2974
1947 2570
8027 4538
5356 6242
6344 8166
6213 213
1846 1114
8322 7695
1623 3312
3117 1962
8292 6680
4456 8165
3065 7093
4537 9483
3575 5040
4979 8737
5744 5366
4848 9462
1358 8661
1652 4946
40 7813
153 1460
5894 2745
2255 8657
1475 8443
5901 7064
8112 1739
6046 5564
5339 3654
969 114
395 1312
8458 388
5761 2829
1740 5965
9490 6214
8524 9814
292 4947
8014 7516
4725 1662
8209 9447
6156 8050
1498 1668
4004 7074
419 8167
5637 7218
6480 7424
2916 2107
1473 8907
4040 6560
9031 1949
5662 9180
8026 1519
6101 5833
2507 6645
6897 110
1265 6516
6349 1039
3233 7357
8329 5908
1108 5805
9557 8712
727 9324
2773 7210
5176 5233
9965 6344
1568 956
6596 6611
6022 7690
1444 6154
9142 650
5046 5200
6653 9835
2300 9910
2278 5222
1636 512
1547 2992
5240 9557
9919 9439
1080 9599
9573 2681
9217 1590
7404 4738
4808 3402
3657 8347
8495 8445
7619 2039
8822 2340
8982 7783
7627 1149
8848 2884
5387 7495
914 1774
9322 7914
5128 5541
3466 1692
3158 8727
4549 735
6769 4805
1690 6269
2043 4813
8215 3617
8791 7824
9664 9367
8934 510
8795 9774
4835 7909
5368 5437
7193 2864
8711 6570
7732 6620
1212 7310
5082 3126
4816 3610
7150 7313
8016 2297
1631 1995
1275 2791
3274 7534
3400 1879
4387 5176
2620 1968
1190 5043
4618 8767
1824 47
670 2591
5467 6912
1944 4494
1184 3912
4982 1179
1715 3828
5904 8282
2447 7476
9812 1855
2011 8040
3211 6482
4381 4029
8972 2453
757 3992
9076 9180
8695 8603
2944 4587
8680 25
7779 6409
4825 3476
9567 1495
6084 7829
648 6580
8362 2189
342 8896
1730 9392
3765 1840
8573 3838
4090 2300
8217 7456
8491 6742
960 766
323 5462
9536 4785
7465 9372
3979 7656
7489 5689
1684 9812
3466 691
554 6706
6108 4178
2835 1718
2577 9132
9843 8081
9652 6398
4391 2797
2499 8319
4866 7267
37 8032
8406 9555
4541 9006
7930 2765
6801 5261
5950 8494
8773 4109
5169 5145
7681 9822
3160 6254
4742 9718
9001 7973
7406 7886
6522 4054
3636 3752
6251 7171
6294 95
3361 3330
8247 5952
3022 4619
9241 6499
7785 1654
2265 7145
2977 8244
5036 572
1493 4865
8671 9224
5895 2889
5093 57
8470 4380
3088 5267
8198 585
5615 7422
186 4566
1480 5218
4021 648
589 6588
9120 1111
8651 859
458 7428
5765 4800
8501 773
801 5774
7480 246
2350 5833
5352 1661
9130 4569
5222 4979
1846 6343
4952 2663
8563 6819
4468 3852
7894 2906
6756 1774
8862 5435
2804 7509
1926 2074
9329 6790
5023 2165
3098 9385
4718 7161
9122 1918
6817 8959
882 2359
6800 2094
6744 8753
1891 3328
5683 6478
2699 1877
3717 3632
4945 6479
3635 5174
1276 9832
8305 2563
1646 5606
1271 8601
9584 1800
6645 5150
7780 3149
6569 479
7966 7993
5762 2296
3548 5289
8250 96
5629 3648
3393 4629
7280 6345
512 5719
2789 2502
6433 2790
5187 5904
5980 3266
1697 4182
2435 2785
284 3192
8432 7992
893 392
4237 1773
5983 7246
5752 4157
6573 8864
5463 2218
8947 8865
6396 8126
5858 8584
607 2358
5743 7563
751 5724
8643 5292
2994 541
4392 9259
571 3880
7631 6935
3764 2752
6615 5146
5657 8214
7072 8138
753 6143
8386 8862
857 3427
6374 8886
7726 5045
1573 9315
2550 7563
3992 8213
3347 4825
4151 3089
9345 8889
5787 5604
7741 6671
5621 6119
8374 5386
1942 6860
738 5976
4487 7354
2304 8867
8159 9727
7495 1313
4718 8515
6560 1078
8316 7814
9022 4883
5609 1525
2043 9673
8478 7752
3258 4219
2655 8865
3327 6042
9913 779
1879 6344
1140 5641
7917 4227
5240 9101
3055 3936
367 8896
9149 3927
435 486
1044 4166
2514 5526
873 6036
410 5518
8970 1769
2153 107
5545 5615
9885 8223
8955 1592
8714 6752
8639 3676
3286 2525
7981 9676
5388 5950
2423 1811
1250 9159
1758 8138
4850 7251
8943 2010
4890 5607
199 3102
347 1650
8942 4171
9866 6564
9403 337
2678 3983
2337 8424
6927 4408
8747 1421
5646 3737
6563 5718
7907 4034
8638 9225
525 13
6536 3263
4389 5615
4032 6052
8727 4351
1167 8667
1519 4585
268 645
9438 5095
9903 157
5815 4389
9233 6120
5187 5819
1980 190
9700 2648
6656 843
9523 9608
6771 7771
9738 5085
2338 4159
4209 236
7089 7479
8927 3134
2573 472
3087 9497
2257 2303
2522 4504
5188 7847
5011 1070
1710 254
4796 953
9468 6913
8559 2903
9473 7739
582 8056
526 1323
5705 9473
7759 8930
7030 8566
6742 579
2621 9982
682 5103
9006 3107
5118 2145
3549 8002
3487 5387
1111 6742
2795 621
3546 2785
75 2194
3416 6134
3266 9385
3270 9873
5889 675
1441 2607
4444 3436
3178 1685
9519 1815
6206 4049
6301 9480
2836 3101
6242 9526
5962 2945
9193 6478
2752 3227
1626 3100
1338 9231
6043 2669
5151 9227
1268 9498
3692 6872
5021 5930
8330 5507
4799 3777
3068 7534
9077 6546
9335 2054
6130 8304
9850 1609
9750 6129
4324 9378
3724 8981
9447 4040
6826 2644
2060 5520
5633 4327
6922 4213
7279 3285
1910 6486
8276 5627
716 5809
9089 2293
1325 7831
2524 8732
5168 3097
2569 5729
6255 8316
6177 1672
8549 6403
8612 1433
9124 6086
6370 1858
1745 8699
406 3327
6474 7338
4476 3873
7135 4519
5460 7340
6516 936
2066 8826
6686 3210
6567 6391
8050 237
7377 7286
406 6247
690 5158
3338 2055
6280 3020
3663 2014
5526 9419
8971 1120
7404 7967
751 9284
5454 6583
4928 4469
5158 2201
421 4581
5883 9124
3638 2202
8968 319
9192 2314
5844 1715
7330 1775
6485 8123
6682 3709
2970 3091
2331 6883
8232 1242
3158 4636
3010 1617
7295 3888
699 5742
4634 6124
259 7934
2058 3771
7525 9973
199 3991
9996 2033
875 6840
3291 6500
1060 3352
9082 4069
3980 712
6738 5584
4826 5991
7724 5516
5578 5536
8667 3220
1351 7642
8000 5884
8644 9753
5368 9247
665 977
5549 9667
7787 6368
832 3629
2329 3007
4593 4837
2931 1347
3697 9391
14 4904
7152 8870
8745 2735
8361 9447
360 6949
4874 249
4262 6041
2642 4862
2308 61
5160 2528
5997 1113
8554 9327
3072 2545
1079 2444
9775 4769
9022 5205
590 6381
8352 303
6120 4096
8649 3969
252 8195
949 858
2922 5330
2369 7518
8465 1942
3123 9539
682 7030
8681 4161
8820 1544
8433 7215
5650 3927
3400 2499
2525 9782
3586 2897
9402 4396
6838 21
6344 4760
2446 6905
6340 3528
5370 4383
1467 2538
1446 8041
940 847
8048 3666
4855 86
4852 2694
9781 9615
7711 9136
3244 2458
8730 4699
7505 4185
8001 519
7592 4173
6940 2998
1428 4927
4336 5730
8133 9170
1210 3929
4092 7446
8017 1929
589 5107
6681 1001
7162 6824
1301 2542
3266 8408
8799 8859
6345 103
3714 1707
4254 271
1212 4604
9940 2953
2720 5915
4656 6213
8839 7544
9050 9374
2573 5320
2511 7810
5623 8163
3515 2622
4369 9487
8786 7706
1906 2610
1472 5494
4761 578
9832 1866
8148 1093
4956 7783
8588 4984
7054 2985
9664 850
9516 1953
5281 7673
9020 4158
4554 7653
1781 4771
3914 2044
7397 6949
1826 9614
6955 6108
9201 8730
5073 6664
4461 5834
1272 3781
5900 6414
145 3824
9420 9964
3256 6848
3551 9841
3517 9637
2714 9512
5926 9941
9827 8629
9057 6349
4167 2859
4058 8677
2852 1801
3695 7817
5494 7804
2358 8426
8460 6889
7466 2514
3629 9258
7394 1621
8409 4671
9695 6841
5789 4407
62 9506
6978 2005
9250 8278
8303 1453
4406 1460
122 4910
6147 2116
8075 662
1784 6804
5741 3572
4445 4837
5398 4980
7048 2048
1133 1184
5739 5569
2387 8503
5016 5048
1577 3541
7460 259
7578 9899
5210 5552
6876 7535
4288 9678
7707 4982
6499 8174
3902 5569
3967 8916
8310 1699
4145 9746
4400 4238
1037 2032
5254 6098
8366 2515
3313 5056
9659 4882
9316 7666
5537 2926
9139 8009
3346 3453
4699 7759
1646 3195
2401 6074
2662 2741
8684 5759
122 659
5932 4823
3945 4057
1451 2922
1932 1057
5977 3110
1555 5429
4453 2944
1017 2881
9259 395
9575 7772
7788 5899
5708 1079
2797 833
7361 3164
9677 8947
4863 6015
6684 3704
3481 4952
9886 65
482 928
5160 6739
8857 5110
4709 4604
9974 8870
7712 9100
4445 4902
6901 1379
1107 5016
9249 1709
1886 5104
7995 885
8654 4880
5893 3741
4608 4375
1138 6081
9170 6567
6789 8132
8204 7720
645 2680
8492 8876
9625 4365
2424 7429
3530 5984
7958 3109
2181 2557
3033 75
3818 2169
6355 7387
9335 490
4560 4219
6249 534
3314 5343
8394 4447
7895 3029
865 6420
3009 9822
8872 6150
7078 5519
4889 3787
8756 5315
6904 8625
6267 5783
4963 8654
4698 878
7613 8072
9184 1525
6932 8627
7788 1677
6981 7430
4985 6650
9156 9403
3180 1616
4541 7549
3759 3539
2853 9831
8817 878
3710 3188
6864 2301
8395 3909
3823 7363
7789 8382
5101 531
4523 467
2046 2225
5481 55
4244 9821
1401 166
1480 3079
299 7413
1405 2058
9512 6433
7541 7946
5849 4489
2264 5377
4973 177
8548 4145
5778 3946
1479 8666
3319 7164
4775 3655
3646 7636
1859 417
7271 1853
1915 1408
5418 9628
5270 1636
4372 1029
1243 6014
1270 8644
9113 3809
9200 6971
7390 2178
5325 2970
7512 6460
8908 2007
4560 754
5727 3615
9052 4490
1091 7983
8631 2154
6287 1556
8628 8958
1438 4972
8507 2647
2119 4365
7905 2717
5233 2826
9097 9633
6086 7726
6757 2203
8381 492
540 1985
8301 7589
6671 4139
9234 6769
8624 8395
7627 6690
2402 1249
2866 8222
4100 9488
866 2185
3870 1006
2881 4682
3156 3061
4502 1056
525 4450
30 4527
7744 3450
2936 4968
7802 4832
7509 5188
8935 1033
8971 9262
5442 2661
3808 4966
325 7731
9021 9987
759 918
8620 2747
480 2979
1432 5871
2377 7632
2895 7531
9847 1699
3835 907
3676 3827
3977 5097
2047 7290
7925 155
7937 7149
2554 1132
7414 3535
2660 9110
4571 3051
3835 4169
5423 7292
3546 2269
4455 8559
4448 5895
8227 7598
7547 8938
8664 7495
6967 7221
992 105
1114 9712
7169 3281
728 5062
3117 9609
8348 1830
3166 8209
5392 479
2470 3386
3350 1632
5905 4864
6334 7377
4091 8092
4905 8646
9949 9990
3265 3982
362 2076
6539 9356
8076 2341
5272 6974
7728 7390
3512 5827
5415 3986
2629 5614
5702 9381
8376 5394
7427 4107
8930 7374
6130 852
4011 1371
4629 6895
1141 3265
9838 819
1520 15
8608 9835
626 603
5201 4696
2474 2882
7949 2219
4151 6763
607 5687
7444 7480
7709 3265
7894 9503
2116 1122
8357 5083
8876 9369
6291 3809
7700 7385
3638 4268
7170 5582
8886 6027
4354 5014
6202 5981
8683 9099
9342 1613
3266 3885
6479 9439
410 3222
420 9752
1419 3190
9489 3197
2457 7932
327 187
5163 8235
8786 9117
4469 676
5236 7794
