1000 2
590 6381
6671 4139
5815 4389
2745 7071
122 4910
7613 8072
5160 6739
6940 2998
1017 2881
3338 2055
3764 2752
1480 3079
7981 9676
1944 4494
670 2591
5036 572
40 7813
2514 5526
4445 4902
5702 9381
5392 479
2720 5915
5997 1113
8366 2515
4855 86
8329 5908
1852 8416
9316 7666
7295 3888
7541 7946
3835 907
9093 2571
2895 7531
6901 1379
3695 7817
3902 5569
8310 1699
5270 1636
6927 4408
2447 7476
8148 1093
4151 3089
8027 4538
4945 6479
6301 9480
199 3991
9965 6344
5739 5569
1498 1668
3724 8981
8968 319
9940 2953
5904 8282
7724 5516
8563 6819
6653 9835
753 6143
5926 9941
1271 8601
7460 259
2789 2502
7427 4107
9659 4882
3400 1879
8695 8603
5789 4407
7726 5045
759 918
7744 3450
4541 9006
4324 9378
2852 1801
7404 4738
2387 8503
4445 4837
512 5719
2522 4504
1910 6486
2405 3418
7150 7313
6838 21
2550 7563
9322 7914
2977 8244
5844 1715
8649 3969
1710 254
7619 2039
3326 2378
3256 6848
6573 8864
5743 7563
9184 1525
9082 4069
7788 5899
2116 1122
6681 1001
589 6588
3870 1006
682 5103
9843 8081
2835 1718
4032 6052
3481 4952
1276 9832
3346 3453
8374 5386
6355 7387
3010 1617
1891 3328
1915 1408
9996 2033
4406 1460
3676 3827
8876 9369
8524 9814
3636 3752
421 4581
8357 5083
395 1312
8301 7589
865 6420
6291 3809
1275 2791
9170 6567
607 2358
7895 3029
8330 5507
1493 4865
9438 5095
8549 6403
1210 3929
7505 4185
1652 4946
1942 6860
1167 8667
4209 236
4952 2663
2470 3386
757 3992
7905 2717
8001 519
751 5724
1451 2922
9124 6086
2554 1132
4863 6015
1555 5429
7711 9136
3717 3632
1932 1057
6147 2116
4461 5834
6684 3704
3663 2014
6294 95
8507 2647
6386 590
9652 6398
9516 1953
5545 5615
801 5774
268 645
8548 4145
1631 1995
3629 9258
4973 177
5233 2826
7712 9100
6108 4178
8386 8862
6522 4054
7162 6824
5368 9247
893 392
4144 9543
1475 8443
2853 9831
5168 3097
347 1650
7966 7993
4618 8767
8730 4699
2119 4365
4237 1773
8406 9555
6101 5833
6699 5824
4593 4837
3466 1692
8292 6680
5352 1661
2881 4682
4796 953
4381 4029
8352 303
3393 4629
9677 8947
8786 9117
5236 7794
2836 3101
3692 6872
8971 1120
1740 5965
3759 3539
2043 9673
2866 8222
4040 6560
7700 7385
6922 4213
7842 2873
3512 5827
7361 3164
5016 5048
9402 4396
8250 96
327 187
8756 5315
525 13
6904 8625
2655 8865
1947 2570
526 1323
5187 5819
4167 2859
6789 8132
8644 9753
7741 6671
1826 9614
2474 2882
5646 3737
4850 7251
8684 5759
410 3222
9345 8889
5762 2296
2446 6905
8000 5884
4004 7074
4288 9678
2621 9982
1250 9159
7466 2514
3546 2785
3515 2622
9838 819
3123 9539
4549 735
866 2185
3556 151
3548 5289
4905 8646
6645 5150
7078 5519
5637 7218
2304 8867
6202 5981
5454 6583
6156 8050
4742 9718
8935 1033
1080 9599
3818 2169
2153 107
7728 7390
9664 850
8075 662
7377 7286
4456 8165
9490 6214
5187 5904
7802 4832
8857 5110
5387 7495
4808 3402
2714 9512
2931 1347
30 4527
3009 9822
8305 2563
5240 9557
1846 6343
960 766
4058 8677
7930 2765
1111 6742
8671 9224
1473 8907
9052 4490
9573 2681
7404 7967
8559 2903
5151 9227
6596 6611
3258 4219
9022 4883
875 6840
8395 5499
3117 9609
3945 4057
4487 7354
2797 833
5201 4696
2181 2557
1758 8138
37 8032
2994 541
1108 5805
5215 1231
1980 190
2511 7810
259 7934
3646 7636
6715 1536
9919 9439
6084 7829
914 1774
9122 1918
7048 2048
6318 2237
4560 4219
6981 7430
7779 6409
4699 7759
6255 8316
1044 4166
1265 6516
7279 3285
682 7030
8711 6570
4963 8654
2699 1877
8491 6742
9949 9990
4835 7909
5082 3126
4985 6650
8076 2341
9120 1111
8470 4380
4874 249
4448 5895
6536 3263
5281 7673
6344 4760
9089 2293
2629 5614
2369 7518
5101 531
8215 3617
7578 9899
3657 8347
4400 4238
4761 578
6280 3020
3350 1632
6242 9526
6864 2301
1467 2538
2944 4587
626 603
6967 7221
4469 676
4698 878
4718 7161
5442 2661
292 4947
7271 1853
6213 213
8970 1769
4554 7653
6516 936
8433 7215
7753 5789
4799 3777
832 3629
1272 3781
4021 648
2970 3091
9335 490
6349 1039
5460 7340
1140 5641
7152 8870
7917 4227
7406 7886
7949 2219
3638 2202
8872 6150
8628 8958
5889 675
6480 7424
4825 3476
5463 2218
9076 9180
6130 852
6738 5584
1184 3912
3979 7656
7509 5188
419 8167
8409 4671
406 3327
3233 7357
5895 2889
4244 9821
2402 1249
6560 1078
3551 9841
8822 2340
4401 5467
7525 9973
5423 7292
4852 2694
859 1526
3823 7363
2660 9110
4091 8092
360 6949
2577 9132
8322 7695
5188 7847
9420 9964
4848 9462
540 1985
4453 2944
1438 4972
7767 1464
4444 3436
8276 5627
5778 3946
9536 4785
6341 7015
284 3192
4354 5014
9781 9615
1358 8661
5657 8214
9139 8009
1577 3541
5977 3110
8714 6752
1107 5016
3361 3330
8972 2453
5629 3648
7072 8138
5272 6974
9339 6674
2257 2303
153 1460
6897 110
7052 8030
3313 5056
5325 2970
7054 2985
5254 6098
9241 6499
8955 1592
1444 6154
4389 5615
5210 5552
2484 2474
6563 5718
75 2194
1428 4927
9812 1855
940 847
8982 7783
9142 650
8848 2884
7397 6949
8112 1739
6932 8627
5537 2926
9567 1495
3087 9497
9200 6971
145 3824
5849 4489
9750 6129
4656 6213
1472 5494
8460 6889
9342 1613
4571 3051
7135 4519
5093 57
8501 773
1441 2607
7489 5689
7394 1621
6340 3528
5240 9101
5900 6414
8795 9774
589 5107
6206 4049
4541 7549
4523 467
6334 7377
3710 3188
8133 9170
4634 6124
186 4566
2047 7290
5623 8163
7330 1775
1626 3100
2976 304
6924 3622
5621 6119
1091 7983
5650 3927
9738 5085
9856 1111
2329 3007
6499 8174
1212 4604
4092 7446
1325 7831
406 6247
8350 8233
6686 3210
9695 6841
6656 843
4982 1179
1730 9392
6396 8126
3156 3061
3286 2525
8227 7598
435 486
8362 2189
7707 4982
2795 621
9001 7973
5398 4980
8745 2735
9302 3795
8495 8445
5683 6478
8638 9225
8608 9835
8639 3676
3088 5267
8839 7544
6826 2644
6046 5564
4145 9746
8773 4109
6267 5783
7907 4034
9664 9367
199 3102
252 8195
5950 8494
3714 1707
8361 9447
3068 7534
4855 3358
8942 4171
3530 5984
8159 9727
9913 779
6800 2094
8747 1421
7631 6935
8303 1453
6479 9439
122 659
7709 3265
4262 6041
6569 479
3980 712
2713 2570
2350 5833
9156 9403
8232 1242
3160 6254
8050 237
9827 8629
2773 7210
7894 9503
1480 5218
3117 1962
3914 2044
1646 5606
5158 2201
5415 3986
6130 8304
4816 3610
6086 7726
3977 5097
4709 4604
8631 2154
2043 4813
8554 9327
1784 6804
2922 5330
6403 2974
5932 4823
362 2076
2620 1968
4889 3787
6742 579
5160 2528
5494 7804
9077 6546
1886 5104
5021 5930
1771 480
3327 6042
8016 2297
2524 8732
3158 4636
6682 3709
1684 9812
3002 6787
9886 65
7280 6345
5761 2829
5962 2945
4890 5607
1520 15
14 4904
8927 3134
5467 6912
525 4450
3400 2499
7787 6368
9850 1609
8026 1519
458 7428
7547 8938
751 9284
7444 7480
2916 2107
5578 5536
8198 585
7465 9372
1060 3352
949 858
8465 1942
6744 8753
7512 6460
7995 885
8934 510
7480 246
1401 166
4606 4641
6978 2005
8680 25
1190 5043
1623 3312
8654 4880
9575 7772
2507 6645
8727 4351
2331 6883
9434 7795
1270 8644
9335 2054
645 2680
410 5518
2066 8826
1268 9498
5118 2145
1351 7642
5176 5233
7170 5582
5765 4800
2046 2225
4956 7783
6757 2203
6615 5146
7627 1149
8943 2010
1432 5871
8217 7456
8209 9447
9217 1590
9193 6478
4979 8737
7785 1654
3041 6189
52 9604
8588 4984
5752 4157
4826 5991
2444 484
685 3576
4369 9487
4792 693
3586 2897
8573 3838
6022 7690
3266 8408
3546 2269
6817 8959
1301 2542
5011 1070
9006 3107
4608 4375
8432 7992
857 3427
2255 8657
6287 1556
9700 2648
482 928
8624 8395
4502 1056
2338 4159
969 114
1715 3828
5046 5200
8908 2007
7390 2178
9832 1866
8492 8876
3266 3885
3319 7164
2678 3983
5388 5950
9775 4769
3697 9391
7958 3109
7495 1313
5073 6664
6756 1774
3575 5040
4039 897
6567 6391
3055 3936
3022 4619
9097 9633
4254 271
5128 5541
4090 2300
1212 7310
9233 6120
2278 5222
7789 8382
3178 1685
1906 2610
1141 3265
3166 8209
5615 7422
5727 3615
8620 2747
6771 7771
5905 4864
2457 7932
9259 395
5549 9667
3274 7534
3265 3982
699 5742
8930 7374
873 6036
1079 2444
2377 7632
7592 4173
8953 9934
7030 8566
9192 2314
1926 2074
8817 878
7639 431
1859 417
9866 6564
9557 8712
7925 155
8947 8865
3835 4169
6474 7338
3765 1840
1690 6269
2053 5100
2308 61
2569 5729
738 5976
4476 3873
3158 8727
9201 8730
4775 3655
5356 6242
9050 9374
7414 3535
6120 4096
7732 6620
5705 9473
607 5687
6539 9356
6801 5261
648 6580
1879 6344
3347 4825
5980 3266
4725 1662
3180 1616
2011 8040
3266 9385
3638 4268
62 9506
7681 9822
2424 7429
323 5462
5741 3572
5609 1525
1037 2032
5633 4327
3992 8213
9249 1709
1646 3195
420 9752
8612 1433
8667 3220
9489 3197
3635 5174
5222 4979
8478 7752
1243 6014
8381 492
6433 2790
7169 3281
2264 5377
4866 7267
6177 1672
6876 7535
2525 9782
9584 1800
571 3880
4928 4469
9625 4365
4151 6763
7193 2864
8799 8859
5983 7246
342 8896
6344 8166
4011 1371
8643 5292
9557 722
8394 4447
8204 7720
4537 9483
1133 1184
6485 8123
9149 3927
2662 2741
9130 4569
5481 55
2573 472
367 8896
4468 3852
2265 7145
4560 754
3033 75
1405 2058
2936 4968
690 5158
5744 5366
480 2979
5526 9419
4336 5730
5163 8235
9250 8278
582 8056
8664 7495
3314 5343
3487 5387
2804 7509
2642 4862
1697 4182
9057 6349
8683 9099
1419 3190
8348 1830
6370 1858
6043 2669
5787 5604
3416 6134
9847 1699
882 2359
2060 5520
5883 9124
6374 8886
5901 7064
8971 9262
5708 1079
5662 9180
8791 7824
9468 6913
4629 6895
9113 3809
2435 2785
4455 8559
1636 512
7627 6690
2499 8319
9473 7739
727 9324
9447 4040
9512 6433
5894 2745
2401 6074
8017 1929
8376 5394
665 977
5893 3741
3549 8002
1114 9712
3291 6500
8395 3909
6955 6108
2337 8424
3211 6482
7089 7479
8786 7706
554 6706
9031 1949
9021 9987
9974 8870
3466 691
8886 6027
728 5062
8014 7516
8862 5435
9022 5205
5368 5437
8247 5952
9903 157
5339 3654
2300 9910
716 5809
3244 2458
5858 8584
2752 3227
992 105
8316 7814
8681 4161
2423 1811
3098 4272
8458 388
7937 7149
4100 9488
3808 4966
5169 5145
1573 9315
1781 4771
6251 7171
1547 2992
8651 859
2358 8426
299 7413
1479 8666
3967 8916
5023 2165
8048 3666
1519 4585
7780 3149
3270 9873
7788 1677
3517 9637
325 7731
4372 1029
4392 9259
5418 9628
6769 4805
7894 2906
7759 8930
9523 9608
4387 5176
1138 6081
1446 8041
1745 8699
1568 956
2573 5320
1846 1114
4391 2797
5370 4383
3098 9385
6345 103
9885 8223
9467 2100
9020 4158
1338 9231
1633 3805
3072 2545
2058 3771
9329 6790
8820 1544
9403 337
1824 47
6249 534
3065 7093
9519 1815
9234 6769
4718 8515
