1000 2
648 6580
8953 9934
8839 7544
2444 484
716 5809
4392 9259
2047 7290
1480 5218
9516 1953
6340 3528
4391 2797
8316 7814
1432 5871
4560 4219
5454 6583
1480 3079
2720 5915
9113 3809
4039 897
4889 3787
1684 9812
682 7030
7072 8138
4963 8654
7995 885
8559 2903
7779 6409
1947 2570
1730 9392
2457 7932
6084 7829
3087 9497
5621 6119
9523 9608
7054 2985
4808 3402
6686 3210
3638 4268
9695 6841
2474 2882
8491 6742
8276 5627
2525 9782
8711 6570
8322 7695
3313 5056
9940 2953
8638 9225
8026 1519
5926 9941
3759 3539
4761 578
3123 9539
8680 25
7732 6620
1479 8666
5983 7246
4554 7653
2936 4968
8554 9327
7728 7390
6374 8886
6800 2094
753 6143
7152 8870
9885 8223
3549 8002
3636 3752
2119 4365
2577 9132
3361 3330
4982 1179
5815 4389
3350 1632
6932 8627
7958 3109
7169 3281
7709 3265
2621 9982
4090 2300
1745 8699
8027 4538
3818 2169
6291 3809
8651 859
3338 2055
4855 86
3265 3982
3244 2458
1846 6343
1498 1668
8330 5507
5187 5904
6681 1001
5752 4157
9903 157
145 3824
9149 3927
9122 1918
8209 9447
5254 6098
1740 5965
6480 7424
7048 2048
1852 8416
8683 9099
4537 9483
9259 395
8305 2563
420 9752
8492 8876
2300 9910
7627 1149
8620 2747
8786 7706
3548 5289
6267 5783
421 4581
482 928
7700 7385
9241 6499
5215 1231
199 3991
3724 8981
5176 5233
7789 8382
5210 5552
4288 9678
9781 9615
1636 512
1926 2074
5761 2829
4502 1056
6981 7430
4560 754
5281 7673
5904 8282
2424 7429
52 9604
3517 9637
3530 5984
8374 5386
8548 4145
3274 7534
9489 3197
2655 8865
6043 2669
5787 5604
186 4566
6046 5564
3160 6254
7078 5519
6901 1379
5423 7292
5526 9419
9120 1111
5101 531
7397 6949
1758 8138
727 9324
2922 5330
9124 6086
9512 6433
2866 8222
4444 3436
327 187
6206 4049
6251 7171
8695 8603
8773 4109
5392 479
2522 4504
865 6420
5442 2661
1140 5641
554 6706
3646 7636
4792 693
5662 9180
5702 9381
6967 7221
9335 2054
9965 6344
9438 5095
3258 4219
5236 7794
8470 4380
8970 1769
5977 3110
9170 6567
6249 534
645 2680
9664 9367
2797 833
6213 213
9575 7772
9473 7739
1265 6516
6255 8316
5537 2926
3512 5827
9050 9374
9536 4785
9339 6674
3586 2897
2976 304
7509 5188
3326 2378
4523 467
8643 5292
4799 3777
2970 3091
3575 5040
9974 8870
7905 2717
6699 5824
8927 3134
4324 9378
2499 8319
2447 7476
1568 956
3393 4629
347 1650
4369 9487
2435 2785
7578 9899
3481 4952
6817 8959
8934 510
5160 2528
8930 7374
9949 9990
1446 8041
7460 259
6474 7338
2916 2107
8872 6150
7135 4519
9139 8009
2181 2557
4593 4837
5201 4696
6656 843
9738 5085
4151 3089
1212 7310
3065 7093
7759 8930
7981 9676
3663 2014
5657 8214
2629 5614
4979 8737
2642 4862
1886 5104
1275 2791
3400 2499
8955 1592
4011 1371
7052 8030
9652 6398
7741 6671
4863 6015
5270 1636
122 4910
9775 4769
3692 6872
7427 4107
6897 110
512 5719
7512 6460
2484 2474
1781 4771
9250 8278
2569 5729
759 918
4445 4837
2331 6883
8215 3617
1405 2058
2511 7810
7639 431
4400 4238
3629 9258
9093 2571
2358 8426
362 2076
4866 7267
5160 6739
8639 3676
5352 1661
37 8032
5633 4327
7170 5582
1141 3265
4698 878
9335 490
751 9284
4816 3610
7150 7313
3466 691
9022 4883
8348 1830
4928 4469
7404 4738
3717 3632
3902 5569
7788 1677
2066 8826
8292 6680
2852 1801
9022 5205
5901 7064
4244 9821
866 2185
8001 519
1467 2538
3180 1616
5339 3654
5093 57
2423 1811
7406 7886
9913 779
6715 1536
7377 7286
6563 5718
8714 6752
5962 2945
8478 7752
8432 7992
5272 6974
5858 8584
3098 9385
8465 1942
8857 5110
8198 585
4354 5014
9557 8712
9843 8081
7681 9822
6242 9526
5623 8163
9519 1815
3291 6500
1626 3100
8791 7824
3416 6134
3914 2044
1212 4604
6940 2998
7592 4173
4091 8092
2329 3007
2660 9110
8667 3220
4144 9543
2060 5520
801 5774
8644 9753
3319 7164
7547 8938
2405 3418
4725 1662
5629 3648
5741 3572
2573 472
6130 852
8786 9117
435 486
3967 8916
1243 6014
626 603
1715 3828
292 4947
4571 3051
6318 2237
7089 7479
7925 155
6301 9480
4549 735
3314 5343
665 977
1079 2444
3266 8408
1623 3312
8409 4671
8756 5315
3327 6042
4541 7549
8942 4171
2369 7518
2255 8657
6022 7690
1824 47
893 392
7937 7149
4852 2694
1270 8644
6742 579
5460 7340
8876 9369
757 3992
8048 3666
1419 3190
1272 3781
1276 9832
5368 9247
5398 4980
4455 8559
8433 7215
8822 2340
4461 5834
3233 7357
1859 417
8649 3969
6596 6611
7949 2219
8247 5952
1184 3912
2895 7531
8395 5499
5705 9473
8684 5759
1250 9159
5609 1525
728 5062
1520 15
4151 6763
4237 1773
8608 9835
1017 2881
969 114
8406 9555
6334 7377
4487 7354
6569 479
6287 1556
5895 2889
9021 9987
9089 2293
4956 7783
6485 8123
4468 3852
3835 4169
8747 1421
8458 388
5370 4383
62 9506
4387 5176
1573 9315
9302 3795
5997 1113
4874 249
406 3327
8232 1242
9447 4040
4453 2944
5889 675
2678 3983
8495 8445
7525 9973
9057 6349
6522 4054
2337 8424
540 1985
1493 4865
9677 8947
5549 9667
342 8896
4835 7909
3072 2545
5463 2218
5481 55
8947 8865
7193 2864
2053 5100
6086 7726
2264 5377
2745 7071
3166 8209
6864 2301
299 7413
323 5462
1358 8661
525 4450
4262 6041
5082 3126
7361 3164
8357 5083
8631 2154
1108 5805
3211 6482
526 1323
9847 1699
9201 8730
6147 2116
1652 4946
670 2591
5011 1070
5789 4407
7466 2514
30 4527
4634 6124
6120 4096
4209 236
8310 1699
9097 9633
7390 2178
7726 5045
4629 6895
8000 5884
607 2358
6156 8050
2265 7145
3178 1685
9468 6913
7444 7480
4032 6052
4004 7074
259 7934
1080 9599
1555 5429
3638 2202
325 7731
2881 4682
7744 3450
8014 7516
4826 5991
4985 6650
9886 65
1107 5016
2257 2303
5646 3737
949 858
607 5687
9659 4882
9832 1866
4541 9006
4973 177
2304 8867
367 8896
458 7428
5187 5819
8588 4984
6789 8132
8133 9170
3835 907
9625 4365
9142 650
9856 1111
6744 8753
5023 2165
4606 4641
5467 6912
6560 1078
8671 9224
8204 7720
4796 953
7631 6935
9812 1855
3033 75
7505 4185
8301 7589
9020 4158
3765 1840
9996 2033
4850 7251
8076 2341
525 13
4254 271
3710 3188
6386 590
8329 5908
360 6949
5188 7847
9076 9180
3009 9822
6978 2005
3347 4825
4825 3476
7753 5789
410 5518
5650 3927
6345 103
1401 166
4406 1460
9316 7666
480 2979
5021 5930
4890 5607
5683 6478
9700 2648
8303 1453
4905 8646
8394 4447
1114 9712
5240 9557
2046 2225
2931 1347
5151 9227
6536 3263
2714 9512
3515 2622
6769 4805
8982 7783
1577 3541
1631 1995
6130 8304
1325 7831
4775 3655
6927 4408
9200 6971
4476 3873
1268 9498
419 8167
3466 1692
6479 9439
9001 7973
8727 4351
2620 1968
5849 4489
5743 7563
8935 1033
1111 6742
4389 5615
7788 5899
9402 4396
8112 1739
2835 1718
5893 3741
199 3102
5163 8235
5765 4800
5046 5200
5356 6242
857 3427
8820 1544
6653 9835
9490 6214
3697 9391
6280 3020
9233 6120
6567 6391
4656 6213
5233 2826
3400 1879
1271 8601
589 6588
6355 7387
1044 4166
4372 1029
9827 8629
9052 4490
4401 5467
2043 4813
1942 6860
3270 9873
8848 2884
7894 9503
9217 1590
7780 3149
2278 5222
6177 1672
5169 5145
1473 8907
3980 712
7280 6345
6671 4139
6924 3622
14 4904
4618 8767
6826 2644
3068 7534
6682 3709
5158 2201
859 1526
940 847
685 3576
8250 96
3945 4057
2058 3771
9919 9439
8549 6403
9077 6546
8862 5435
992 105
3556 151
9031 1949
3551 9841
7895 3029
2387 8503
8886 6027
1633 3805
3346 3453
7712 9100
8361 9447
2713 2570
2043 9673
8075 662
2554 1132
5368 5437
4718 7161
4040 6560
5932 4823
5980 3266
1879 6344
3635 5174
6771 7771
8573 3838
7613 8072
7465 9372
8943 2010
7414 3535
7627 6690
9006 3107
7917 4227
8017 1929
3992 8213
6801 5261
7162 6824
5900 6414
2308 61
406 6247
9557 722
7707 4982
1438 4972
9193 6478
882 2359
75 2194
3764 2752
8507 2647
9573 2681
1710 254
5240 9101
6341 7015
40 7813
268 645
5325 2970
3088 5267
5128 5541
1519 4585
5388 5950
7404 7967
4145 9746
6876 7535
3487 5387
8654 4880
2752 3227
738 5976
8730 4699
5415 3986
3266 9385
1906 2610
5615 7422
5708 1079
3695 7817
5418 9628
1891 3328
3714 1707
1771 480
6738 5584
6344 4760
5073 6664
8227 7598
9664 850
2507 6645
153 1460
122 659
1980 190
960 766
3823 7363
1444 6154
1091 7983
2573 5320
7894 2906
3098 4272
3676 3827
6955 6108
2789 2502
2550 7563
3657 8347
3266 3885
4100 9488
3256 6848
4709 4604
5727 3615
8524 9814
7030 8566
4608 4375
2514 5526
7295 3888
5844 1715
9342 1613
1932 1057
4952 2663
6684 3704
1547 2992
3117 1962
5578 5536
9866 6564
8612 1433
5778 3946
6757 2203
5637 7218
7330 1775
1846 1114
8352 303
1646 5606
1915 1408
7930 2765
1690 6269
8362 2189
3055 3936
4848 9462
8395 3909
8799 8859
7480 246
8908 2007
4699 7759
2401 6074
1697 4182
2377 7632
6756 1774
8795 9774
1944 4494
5905 4864
395 1312
8971 1120
5739 5569
682 5103
5545 5615
1301 2542
3117 9609
8817 878
3870 1006
914 1774
284 3192
9584 1800
1167 8667
3041 6189
1351 7642
6108 4178
6294 95
7541 7946
2470 3386
7489 5689
2994 541
9467 2100
8563 6819
1646 3195
5894 2745
7785 1654
875 6840
2446 6905
582 8056
6370 1858
3286 2525
873 6036
6202 5981
8366 2515
9850 1609
9184 1525
3977 5097
5883 9124
3156 3061
7767 1464
1784 6804
4742 9718
9403 337
410 3222
6539 9356
3158 8727
690 5158
2977 8244
1060 3352
8350 8233
2804 7509
571 3880
8681 4161
1441 2607
9082 4069
8016 2297
3022 4619
4448 5895
6101 5833
4336 5730
1210 3929
2153 107
3546 2785
3808 4966
8624 8395
7802 4832
3010 1617
2524 8732
6403 2974
3002 6787
589 5107
7842 2873
2836 3101
4092 7446
4945 6479
7966 7993
9434 7795
8376 5394
9750 6129
1451 2922
6922 4213
9567 1495
8501 773
2350 5833
6838 21
5744 5366
5118 2145
6904 8625
1428 4927
1826 9614
1133 1184
2662 2741
8745 2735
8664 7495
4456 8165
2944 4587
4058 8677
7711 9136
9156 9403
9345 8889
3546 2269
7279 3285
8968 319
5494 7804
590 6381
1475 8443
1190 5043
2853 9831
832 3629
6516 936
2011 8040
1910 6486
6499 8174
2795 621
5762 2296
9329 6790
9192 2314
8386 8862
2338 4159
5036 572
8971 9262
7907 4034
2699 1877
6645 5150
3979 7656
5950 8494
3158 4636
4167 2859
8972 2453
6349 1039
4855 3358
699 5742
8381 492
9130 4569
6433 2790
7495 1313
5168 3097
6396 8126
2402 1249
6615 5146
4718 8515
9420 9964
252 8195
7619 2039
5387 7495
8460 6889
7394 1621
7271 1853
1138 6081
8628 8958
6573 8864
1338 9231
6344 8166
4021 648
8148 1093
5222 4979
9838 819
7787 6368
2116 1122
4469 676
751 5724
8050 237
9322 7914
4381 4029
8217 7456
1472 5494
5016 5048
4445 4902
8159 9727
9249 1709
7724 5516
2773 7210
1037 2032
9234 6769
