1000 2
406 6247
9467 2100
5387 7495
8664 7495
9573 2681
2662 2741
865 6420
6757 2203
751 5724
4487 7354
4634 6124
1428 4927
9345 8889
9489 3197
9827 8629
1697 4182
8886 6027
7707 4982
2011 8040
6318 2237
6682 3709
9402 4396
7578 9899
3400 2499
8822 2340
607 2358
2447 7476
728 5062
9866 6564
9490 6214
6897 110
4444 3436
7592 4173
3416 6134
7162 6824
5481 55
7709 3265
2621 9982
2377 7632
6202 5981
6267 5783
5744 5366
2936 4968
7509 5188
4262 6041
4381 4029
482 928
362 2076
3466 1692
6681 1001
7995 885
8027 4538
8305 2563
9249 1709
1276 9832
4523 467
5901 7064
8563 6819
4011 1371
5950 8494
6120 4096
8667 3220
9122 1918
9738 5085
8376 5394
153 1460
8548 4145
8386 8862
1824 47
590 6381
2060 5520
3160 6254
1906 2610
4979 8737
347 1650
37 8032
1467 2538
6213 213
3870 1006
1826 9614
875 6840
9339 6674
645 2680
5023 2165
8050 237
8820 1544
4560 754
2714 9512
3945 4057
7406 7886
9775 4769
3313 5056
2916 2107
9113 3809
8458 388
8927 3134
5463 2218
9139 8009
8198 585
4058 8677
5415 3986
7895 3029
3068 7534
1846 6343
5388 5950
2895 7531
6130 8304
8934 510
5272 6974
7394 1621
751 9284
8559 2903
5615 7422
832 3629
2797 833
5926 9941
8654 4880
2773 7210
4796 953
4709 4604
2153 107
145 3824
3087 9497
6086 7726
5210 5552
7072 8138
6345 103
7894 2906
3487 5387
5460 7340
1405 2058
9322 7914
4387 5176
3346 3453
3319 7164
9519 1815
8076 2341
3546 2269
1141 3265
5021 5930
6386 590
9557 8712
6344 8166
5787 5604
3914 2044
9020 4158
6294 95
323 5462
6922 4213
2405 3418
8588 4984
7741 6671
8554 9327
7712 9100
5537 2926
2835 1718
7619 2039
8292 6680
40 7813
9856 1111
9403 337
6370 1858
3835 4169
5743 7563
410 5518
7427 4107
4100 9488
5046 5200
4448 5895
8857 5110
8631 2154
8432 7992
5240 9557
8217 7456
1758 8138
2264 5377
410 3222
7541 7946
8643 5292
252 8195
3714 1707
4593 4837
7937 7149
7279 3285
259 7934
8366 2515
6771 7771
1633 3805
5082 3126
8250 96
1184 3912
1138 6081
5160 6739
2970 3091
5442 2661
9234 6769
7744 3450
8791 7824
2047 7290
5894 2745
5325 2970
8209 9447
801 5774
6156 8050
5761 2829
6715 1536
6177 1672
1446 8041
727 9324
2836 3101
8014 7516
3635 5174
571 3880
8971 9262
3361 3330
4541 9006
4699 7759
7905 2717
589 6588
6924 3622
2569 5729
5844 1715
7460 259
626 603
2043 4813
7724 5516
8971 1120
6978 2005
6242 9526
4560 4219
4761 578
8492 8876
6480 7424
4391 2797
7377 7286
8638 9225
5646 3737
1243 6014
7785 1654
8773 4109
1859 417
5215 1231
7271 1853
7981 9676
5895 2889
325 7731
2866 8222
8970 1769
5997 1113
9200 6971
5073 6664
421 4581
1060 3352
284 3192
6287 1556
3646 7636
1441 2607
6516 936
7842 2873
9812 1855
4389 5615
9082 4069
5187 5904
3992 8213
3902 5569
7525 9973
4445 4902
3123 9539
3072 2545
6301 9480
2655 8865
3180 1616
8799 8859
6433 2790
4889 3787
5356 6242
1275 2791
5650 3927
1358 8661
8908 2007
5169 5145
2752 3227
554 6706
6864 2301
8433 7215
1133 1184
7925 155
4718 8515
6596 6611
6653 9835
1108 5805
1351 7642
299 7413
5657 8214
5765 4800
8862 5435
3338 2055
4541 7549
7414 3535
3393 4629
859 1526
5352 1661
8316 7814
9050 9374
9089 2293
3347 4825
582 8056
8409 4671
5281 7673
7639 431
8276 5627
3636 3752
1623 3312
5741 3572
5160 2528
4372 1029
5011 1070
8817 878
360 6949
8684 5759
589 5107
4237 1773
8048 3666
2255 8657
7330 1775
7780 3149
2046 2225
6801 5261
1730 9392
2457 7932
2474 2882
1932 1057
5370 4383
9006 3107
4606 4641
3158 8727
7631 6935
4032 6052
6560 1078
3233 7357
6738 5584
5815 4389
2300 9910
5683 6478
7193 2864
1114 9712
2720 5915
1140 5641
1401 166
6904 8625
9076 9180
4476 3873
8680 25
8232 1242
5983 7246
7726 5045
1091 7983
8930 7374
7052 8030
4852 2694
9695 6841
607 5687
1771 480
9843 8081
5883 9124
9434 7795
4144 9543
6817 8959
8644 9753
7135 4519
5168 3097
2804 7509
4792 693
3211 6482
1268 9498
2852 1801
8612 1433
4850 7251
3481 4952
3088 5267
2402 1249
1926 2074
3266 8408
7949 2219
5467 6912
7681 9822
4151 6763
8017 1929
3676 3827
6927 4408
7152 8870
665 977
9996 2033
8406 9555
3166 8209
8075 662
7512 6460
8747 1421
7150 7313
1626 3100
1438 4972
7753 5789
6043 2669
940 847
648 6580
4982 1179
6046 5564
3697 9391
1212 4604
3010 1617
6101 5833
4151 3089
8943 2010
6255 8316
7054 2985
5893 3741
8624 8395
3808 4966
3314 5343
9130 4569
8872 6150
2329 3007
8786 9117
857 3427
6940 2998
4461 5834
8935 1033
3551 9841
6981 7430
9193 6478
9664 9367
8795 9774
5545 5615
5932 4823
7390 2178
5900 6414
5233 2826
420 9752
1212 7310
7789 8382
4629 6895
9832 1866
5254 6098
9077 6546
2043 9673
1480 3079
3022 4619
5368 9247
8501 773
9438 5095
6485 8123
8362 2189
5633 4327
6901 1379
738 5976
9031 1949
4145 9746
4254 271
949 858
9750 6129
3710 3188
8352 303
3549 8002
5270 1636
5849 4489
2446 6905
4698 878
8507 2647
1910 6486
8394 4447
8395 3909
7465 9372
540 1985
2338 4159
5637 7218
8478 7752
8374 5386
8329 5908
8695 8603
3759 3539
3266 9385
5187 5819
759 918
327 187
7907 4034
5905 4864
1044 4166
1652 4946
2573 472
9885 8223
5188 7847
1555 5429
8361 9447
7958 3109
2522 4504
1573 9315
6280 3020
2470 3386
6251 7171
8148 1093
8848 2884
9170 6567
8671 9224
2423 1811
2642 4862
9557 722
4808 3402
1493 4865
2387 8503
6349 1039
8381 492
3586 2897
6374 8886
7767 1464
2278 5222
9022 5205
716 5809
9584 1800
3546 2785
9974 8870
4401 5467
7489 5689
8639 3676
3575 5040
3556 151
9536 4785
4453 2944
893 392
1472 5494
1111 6742
2976 304
3979 7656
8953 9934
4554 7653
5494 7804
5222 4979
3286 2525
960 766
4392 9259
6108 4178
2119 4365
4039 897
9625 4365
3818 2169
4244 9821
2507 6645
2795 621
2922 5330
4354 5014
4718 7161
2554 1132
8465 1942
3663 2014
1037 2032
3117 1962
6742 579
8727 4351
8786 7706
9420 9964
3033 75
6291 3809
3274 7534
5904 8282
1631 1995
690 5158
2977 8244
2944 4587
7788 1677
1265 6516
6789 8132
9847 1699
9342 1613
7444 7480
4874 249
4456 8165
6645 5150
4209 236
6334 7377
2424 7429
3098 9385
4963 8654
5962 2945
8310 1699
3156 3061
7613 8072
3517 9637
4725 1662
122 659
1444 6154
9201 8730
2435 2785
7280 6345
5398 4980
6084 7829
6249 534
3055 3936
2994 541
3977 5097
2678 3983
5762 2296
6569 479
4973 177
4537 9483
7404 4738
2308 61
1715 3828
5549 9667
2265 7145
2257 2303
3657 8347
2444 484
1568 956
5578 5536
1577 3541
9149 3927
6355 7387
525 4450
5236 7794
6403 2974
1944 4494
3256 6848
9329 6790
75 2194
5702 9381
1473 8907
7078 5519
5609 1525
9142 650
8330 5507
5036 572
1879 6344
395 1312
7917 4227
7030 8566
9700 2648
6615 5146
8026 1519
5623 8163
6536 3263
699 5742
5392 479
8711 6570
6656 843
6341 7015
5778 3946
4656 6213
3258 4219
9217 1590
4866 7267
7788 5899
9567 1495
2331 6883
3266 3885
2304 8867
3980 712
2181 2557
2853 9831
1475 8443
9259 395
9156 9403
7711 9136
5621 6119
5418 9628
3009 9822
199 3991
3117 9609
3530 5984
8683 9099
4167 2859
1852 8416
8247 5952
757 3992
4799 3777
9192 2314
4890 5607
7700 7385
4468 3852
8348 1830
6699 5824
6022 7690
2525 9782
8608 9835
8942 4171
5752 4157
5739 5569
2484 2474
7295 3888
9124 6086
4855 86
5163 8235
4826 5991
3265 3982
1325 7831
3466 691
8972 2453
3065 7093
6206 4049
6932 8627
9940 2953
4945 6479
3291 6500
4004 7074
9001 7973
1886 5104
4855 3358
1480 5218
8651 859
7397 6949
2620 1968
9316 7666
4502 1056
3098 4272
3002 6787
8524 9814
8714 6752
4445 4837
14 4904
3629 9258
4985 6650
6769 4805
1636 512
2713 2570
8947 8865
186 4566
525 13
1270 8644
753 6143
1190 5043
2499 8319
9652 6398
9473 7739
5977 3110
1432 5871
6967 7221
122 4910
480 2979
1079 2444
4092 7446
8649 3969
1210 3929
8745 2735
9913 779
7505 4185
4618 8767
670 2591
9120 1111
5201 4696
3158 4636
8620 2747
9677 8947
5705 9473
3764 2752
6826 2644
2053 5100
7802 4832
5629 3648
6876 7535
2629 5614
52 9604
1980 190
9052 4490
8470 4380
4571 3051
2789 2502
2660 9110
512 5719
9659 4882
2745 7071
3244 2458
9093 2571
3548 5289
1710 254
5454 6583
458 7428
8839 7544
9903 157
9447 4040
526 1323
9575 7772
6474 7338
8204 7720
8395 5499
685 3576
8495 8445
1419 3190
5980 3266
4091 8092
6522 4054
2511 7810
9302 3795
4469 676
5727 3615
6130 852
6539 9356
2573 5320
8322 7695
7728 7390
8681 4161
9838 819
1520 15
866 2185
4775 3655
7089 7479
1646 3195
7759 8930
1167 8667
5368 5437
1272 3781
2350 5833
4956 7783
4400 4238
8001 519
9184 1525
5708 1079
9097 9633
3327 6042
8227 7598
4021 648
342 8896
4406 1460
1784 6804
8303 1453
6955 6108
1250 9159
3350 1632
7627 1149
2116 1122
419 8167
3695 7817
2699 1877
3512 5827
5176 5233
9949 9990
1915 1408
2066 8826
3270 9873
4324 9378
268 645
9919 9439
6686 3210
8549 6403
8112 1739
2931 1347
6499 8174
2337 8424
8955 1592
7779 6409
4549 735
1942 6860
406 3327
4928 4469
4288 9678
292 4947
8133 9170
2524 8732
435 486
3724 8981
1547 2992
9335 490
6756 1774
682 5103
5093 57
9233 6120
1017 2881
4742 9718
9250 8278
5423 7292
3638 4268
8730 4699
1338 9231
5789 4407
7169 3281
7170 5582
1271 8601
8756 5315
7048 2048
2550 7563
199 3102
7627 6690
8215 3617
7787 6368
4848 9462
3692 6872
8968 319
1301 2542
5240 9101
7466 2514
3326 2378
6671 4139
8016 2297
6567 6391
7547 8938
7361 3164
9335 2054
5128 5541
2577 9132
8982 7783
3765 1840
6744 8753
5151 9227
3823 7363
7404 7967
7930 2765
5889 675
4040 6560
8357 5083
9057 6349
5858 8584
9516 1953
6800 2094
2881 4682
873 6036
1745 8699
5101 531
9468 6913
8000 5884
1498 1668
4825 3476
992 105
1451 2922
1519 4585
7966 7993
1107 5016
9022 4883
4369 9487
5339 3654
3638 2202
8159 9727
4952 2663
9850 1609
1080 9599
8350 8233
5526 9419
882 2359
5016 5048
1690 6269
1781 4771
4863 6015
367 8896
3178 1685
5158 2201
4090 2300
1846 1114
8573 3838
6563 5718
8491 6742
9523 9608
5662 9180
30 4527
4455 8559
682 7030
1646 5606
1947 2570
6340 3528
8460 6889
9241 6499
6573 8864
6838 21
6684 3704
4905 8646
3400 1879
2358 8426
9781 9615
6479 9439
7894 9503
8876 9369
969 114
3967 8916
9664 850
9965 6344
4816 3610
1684 9812
2514 5526
3041 6189
4336 5730
9512 6433
6344 4760
3835 907
2401 6074
5118 2145
4835 7909
2369 7518
1891 3328
9021 9987
6147 2116
1479 8666
3515 2622
2058 3771
4608 4375
62 9506
8628 8958
8301 7589
7732 6620
1740 5965
914 1774
7495 1313
6396 8126
7480 246
3717 3632
9886 65
