1000 2
360 6949
865 6420
4979 8737
5215 1231
9468 6913
2629 5614
8953 9934
5657 8214
1451 2922
3265 3982
3346 3453
4523 467
7613 8072
525 4450
5023 2165
2369 7518
4167 2859
8799 8859
8050 237
5926 9941
5272 6974
3546 2269
882 2359
1419 3190
866 2185
4541 9006
7937 7149
3629 9258
2329 3007
6645 5150
1846 1114
8361 9447
6301 9480
9512 6433
5761 2829
753 6143
1846 6343
1631 1995
9057 6349
9156 9403
8394 4447
327 187
7271 1853
9122 1918
525 13
5650 3927
5187 5819
3338 2055
5082 3126
8247 5952
4100 9488
2720 5915
9885 8223
482 928
4985 6650
5163 8235
1745 8699
2660 9110
5932 4823
9234 6769
873 6036
5662 9180
4468 3852
8076 2341
4606 4641
4963 8654
5741 3572
5977 3110
8406 9555
6403 2974
1915 1408
3055 3936
8817 878
6344 4760
6744 8753
8362 2189
728 5062
1212 7310
2257 2303
4928 4469
2181 2557
7404 7967
6596 6611
3088 5267
8232 1242
1467 2538
7619 2039
5537 2926
7732 6620
3530 5984
7578 9899
1690 6269
757 3992
7489 5689
1646 3195
6485 8123
2976 304
7709 3265
5240 9101
5609 1525
2524 8732
122 4910
3979 7656
9750 6129
4855 86
859 1526
5621 6119
4792 693
8857 5110
4593 4837
9700 2648
9575 7772
7627 1149
6474 7338
8930 7374
3697 9391
9856 1111
2484 2474
9489 3197
6801 5261
3233 7357
8872 6150
5036 572
1623 3312
3010 1617
2699 1877
2678 3983
252 8195
9827 8629
7465 9372
2308 61
5169 5145
3156 3061
8730 4699
7631 6935
122 659
7169 3281
4718 7161
3022 4619
8839 7544
1114 9712
1325 7831
4725 1662
6341 7015
7170 5582
9329 6790
1520 15
9557 8712
589 6588
40 7813
6516 936
7700 7385
8745 2735
7361 3164
8301 7589
6922 4213
8795 9774
5844 1715
7802 4832
8822 2340
4835 7909
571 3880
9241 6499
6756 1774
3646 7636
9093 2571
458 7428
8971 1120
7592 4173
5368 5437
6374 8886
9438 5095
199 3991
8612 1433
8680 25
5188 7847
419 8167
2047 7290
1824 47
751 9284
1479 8666
6789 8132
801 5774
7048 2048
4021 648
5016 5048
4816 3610
6817 8959
759 918
1107 5016
2642 4862
7052 8030
1826 9614
3992 8213
5158 2201
145 3824
7525 9973
9974 8870
6838 21
3266 8408
8862 5435
8026 1519
3393 4629
1141 3265
1079 2444
5339 3654
3466 1692
5980 3266
6213 213
7135 4519
9677 8947
1275 2791
323 5462
9052 4490
7788 5899
259 7934
1932 1057
5356 6242
5481 55
9664 9367
6156 8050
9076 9180
6940 2998
7767 1464
3902 5569
3350 1632
7995 885
7780 3149
2300 9910
6769 4805
6043 2669
8330 5507
6924 3622
4445 4837
5011 1070
8970 1769
5752 4157
5883 9124
969 114
3575 5040
8549 6403
3274 7534
9149 3927
2043 4813
4698 878
4709 4604
2745 7071
7280 6345
8756 5315
6251 7171
3068 7534
3481 4952
2620 1968
8357 5083
875 6840
1633 3805
8386 8862
8624 8395
8943 2010
5151 9227
2424 7429
1555 5429
6715 1536
2836 3101
1652 4946
7072 8138
9567 1495
1758 8138
3764 2752
2304 8867
4209 236
7193 2864
6978 2005
5467 6912
3710 3188
8654 4880
9006 3107
7152 8870
3657 8347
8465 1942
8310 1699
5683 6478
2916 2107
1547 2992
7711 9136
1771 480
6615 5146
2804 7509
4699 7759
1942 6860
5398 4980
4092 7446
1351 7642
2358 8426
2977 8244
7787 6368
1568 956
5549 9667
5727 3615
1212 4604
3717 3632
5637 7218
8395 3909
8492 8876
9473 7739
3400 1879
582 8056
7480 246
7712 9100
3466 691
5387 7495
8908 2007
554 6706
7505 4185
7466 2514
5454 6583
5787 5604
5101 531
2852 1801
8198 585
9832 1866
6101 5833
4656 6213
4890 5607
3258 4219
4456 8165
3244 2458
7541 7946
1646 5606
2573 5320
1480 3079
4091 8092
9940 2953
8968 319
8507 2647
3695 7817
9302 3795
5743 7563
9233 6120
5187 5904
2795 621
1138 6081
5983 7246
4461 5834
9342 1613
3087 9497
5889 675
4392 9259
9557 722
5236 7794
1167 8667
2264 5377
3065 7093
4852 2694
3256 6848
9021 9987
590 6381
1108 5805
5744 5366
5633 4327
8554 9327
9850 1609
2577 9132
5705 9473
4469 676
284 3192
186 4566
3835 4169
7907 4034
4004 7074
5646 3737
6826 2644
9022 5205
1879 6344
5962 2945
6742 579
5201 4696
3033 75
3548 5289
8638 9225
3823 7363
9420 9964
1715 3828
914 1774
5900 6414
5739 5569
8848 2884
9536 4785
9082 4069
1358 8661
540 1985
6287 1556
3638 2202
949 858
1684 9812
716 5809
5254 6098
9516 1953
5093 57
7460 259
5415 3986
1271 8601
4826 5991
8683 9099
3818 2169
5281 7673
6291 3809
8631 2154
6901 1379
5368 9247
3361 3330
8000 5884
8773 4109
6573 8864
1111 6742
8491 6742
4874 249
1428 4927
2331 6883
2474 2882
9847 1699
153 1460
3714 1707
8470 4380
1276 9832
3765 1840
9097 9633
893 392
3586 2897
3945 4057
7509 5188
3870 1006
75 2194
2713 2570
5270 1636
1432 5871
2550 7563
1947 2570
5950 8494
2060 5520
1190 5043
7078 5519
421 4581
1906 2610
8227 7598
5893 3741
2922 5330
6897 110
6536 3263
8639 3676
4324 9378
3291 6500
4090 2300
9781 9615
9965 6344
9089 2293
1250 9159
2507 6645
6522 4054
3158 8727
1080 9599
8628 8958
9200 6971
6267 5783
7894 2906
6539 9356
2444 484
9519 1815
4850 7251
4889 3787
6569 479
4855 3358
7547 8938
1944 4494
2655 8865
9573 2681
1037 2032
395 1312
5418 9628
1852 8416
8432 7992
7404 4738
5352 1661
1859 417
3041 6189
8559 2903
8667 3220
8588 4984
9996 2033
8786 9117
690 5158
8644 9753
4455 8559
1697 4182
9812 1855
9695 6841
8820 1544
6255 8316
2621 9982
4372 1029
3977 5097
1405 2058
4448 5895
6022 7690
648 6580
8352 303
8982 7783
2350 5833
7894 9503
3400 2499
7030 8566
8927 3134
9523 9608
7958 3109
2446 6905
9192 2314
6671 4139
5858 8584
2714 9512
7925 155
3160 6254
9001 7973
2994 541
4237 1773
325 7731
3123 9539
2511 7810
6334 7377
4952 2663
5765 4800
5578 5536
4040 6560
4381 4029
2053 5100
992 105
9201 8730
9217 1590
6120 4096
9775 4769
480 2979
4011 1371
9659 4882
3512 5827
8714 6752
5708 1079
2931 1347
3759 3539
1781 4771
8350 8233
2058 3771
4799 3777
9322 7914
1730 9392
9250 8278
4039 897
5901 7064
9838 819
2752 3227
3098 4272
2377 7632
3166 8209
6757 2203
6349 1039
5762 2296
5168 3097
5128 5541
6904 8625
4244 9821
6771 7771
5494 7804
4476 3873
670 2591
410 3222
5789 4407
1210 3929
6800 2094
6560 1078
9467 2100
5240 9557
1444 6154
1401 166
5046 5200
6177 1672
4808 3402
7390 2178
751 5724
9139 8009
1472 5494
342 8896
2401 6074
1577 3541
4560 754
940 847
8649 3969
6699 5824
3487 5387
406 3327
1473 8907
5210 5552
3835 907
3327 6042
4254 271
4541 7549
2499 8319
1133 1184
9130 4569
4406 1460
9316 7666
6046 5564
3009 9822
3724 8981
832 3629
6563 5718
1710 254
8524 9814
4336 5730
2569 5729
8886 6027
5623 8163
6738 5584
6433 2790
4863 6015
6386 590
3546 2785
8563 6819
3551 9841
4145 9746
410 5518
8209 9447
4151 3089
1438 4972
2970 3091
5815 4389
7495 1313
8395 5499
8478 7752
6086 7726
3808 4966
8460 6889
2337 8424
14 4904
3266 3885
4369 9487
512 5719
589 5107
3326 2378
8322 7695
4391 2797
7744 3450
1740 5965
6499 8174
3676 3827
9652 6398
5778 3946
8955 1592
2265 7145
1184 3912
2853 9831
6084 7829
1910 6486
9022 4883
7394 1621
6202 5981
4629 6895
4537 9483
8681 4161
7681 9822
1441 2607
3117 1962
7981 9676
406 6247
1060 3352
4718 8515
8947 8865
5233 2826
2116 1122
3663 2014
8217 7456
8316 7814
3549 8002
3980 712
2011 8040
7406 7886
9050 9374
9120 1111
7741 6671
3266 9385
7150 7313
4262 6041
5176 5233
626 603
4144 9543
9584 1800
8971 9262
7707 4982
6480 7424
7949 2219
2457 7932
5629 3648
5423 7292
2043 9673
1044 4166
2773 7210
2255 8657
2525 9782
5118 2145
9949 9990
30 4527
2895 7531
8017 1929
4554 7653
4032 6052
8409 4671
8014 7516
6479 9439
6656 843
9738 5085
6147 2116
4825 3476
6318 2237
7905 2717
727 9324
526 1323
2797 833
607 5687
1338 9231
1493 4865
4761 578
6932 8627
3313 5056
1475 8443
7162 6824
7397 6949
7089 7479
1626 3100
4982 1179
3180 1616
1498 1668
3002 6787
9113 3809
52 9604
3517 9637
8374 5386
1272 3781
2573 472
1480 5218
1446 8041
3158 4636
3967 8916
3098 9385
8016 2297
7377 7286
8495 8445
3286 2525
7842 2873
8786 7706
8366 2515
3638 4268
3072 2545
5849 4489
6876 7535
5370 4383
1636 512
5392 479
4796 953
3314 5343
4618 8767
9020 4158
2936 4968
2522 4504
1886 5104
2338 4159
4973 177
9031 1949
7785 1654
9335 490
3635 5174
2387 8503
6130 852
8250 96
9903 157
4848 9462
4453 2944
6130 8304
4571 3051
6684 3704
1891 3328
685 3576
1980 190
6249 534
1573 9315
7054 2985
2554 1132
8458 388
2405 3418
4389 5615
62 9506
8204 7720
9259 395
4444 3436
8643 5292
8972 2453
3416 6134
9913 779
8573 3838
5463 2218
8608 9835
8027 4538
5325 2970
3914 2044
6340 3528
5895 2889
8791 7824
7414 3535
2278 5222
37 8032
5615 7422
292 4947
8501 773
3692 6872
5545 5615
2944 4587
5021 5930
9249 1709
2881 4682
6280 3020
7895 3029
6682 3709
2423 1811
9184 1525
7726 5045
4775 3655
6981 7430
8548 4145
1140 5641
7427 4107
3211 6482
9919 9439
4502 1056
5222 4979
8747 1421
6955 6108
8112 1739
682 7030
8651 859
9664 850
960 766
9402 4396
2514 5526
4905 8646
4742 9718
1784 6804
9339 6674
8942 4171
1265 6516
7728 7390
9142 650
2447 7476
1926 2074
3556 151
2835 1718
3178 1685
5460 7340
2066 8826
8433 7215
7444 7480
6108 4178
4487 7354
3117 9609
3636 3752
6686 3210
8133 9170
5073 6664
199 3102
2866 8222
1017 2881
7627 6690
8305 2563
9335 2054
7966 7993
2119 4365
6927 4408
9124 6086
8695 8603
7930 2765
8276 5627
9345 8889
3515 2622
7753 5789
9170 6567
665 977
8001 519
3270 9873
6864 2301
9077 6546
7330 1775
8671 9224
5160 6739
607 2358
367 8896
8075 662
645 2680
738 5976
5442 2661
4401 5467
4151 6763
7789 8382
6355 7387
9490 6214
3347 4825
7512 6460
4288 9678
9625 4365
7917 4227
9434 7795
4400 4238
9886 65
7724 5516
268 645
8292 6680
1243 6014
7295 3888
5894 2745
4634 6124
9843 8081
5997 1113
4354 5014
8381 492
6396 8126
8727 4351
8935 1033
8215 3617
435 486
7759 8930
362 2076
1091 7983
6344 8166
1268 9498
6206 4049
4866 7267
4058 8677
9403 337
1301 2542
1519 4585
8684 5759
6294 95
347 1650
4560 4219
8620 2747
6653 9835
6967 7221
8376 5394
2153 107
4549 735
4945 6479
7639 431
2046 2225
6242 9526
4445 4902
6345 103
4608 4375
5905 4864
8303 1453
3319 7164
5526 9419
5904 8282
2662 2741
299 7413
4387 5176
8664 7495
5160 2528
5388 5950
8711 6570
6567 6391
4956 7783
2470 3386
699 5742
8329 5908
2789 2502
7779 6409
8048 3666
8934 510
8876 9369
8159 9727
5702 9381
857 3427
8348 1830
420 9752
9193 6478
2435 2785
682 5103
9866 6564
9447 4040
7788 1677
1270 8644
6370 1858
7279 3285
2402 1249
6681 1001
8148 1093
