1000 2
9149 3927
1358 8661
9022 4883
4656 6213
6280 3020
1577 3541
9519 1815
8651 859
5023 2165
3274 7534
458 7428
7724 5516
4855 86
7842 2873
8930 7374
7592 4173
1910 6486
3319 7164
4167 2859
6516 936
9217 1590
4985 6650
1017 2881
4262 6041
6567 6391
7170 5582
2329 3007
685 3576
992 105
6817 8959
5895 2889
7894 9503
7711 9136
3346 3453
8406 9555
5629 3648
525 4450
6901 1379
2387 8503
9536 4785
7895 3029
5021 5930
9523 9608
1044 4166
8711 6570
8971 1120
5609 1525
8348 1830
3530 5984
3517 9637
4863 6015
6344 4760
3759 3539
3009 9822
4855 3358
1265 6516
7547 8938
6932 8627
3835 4169
4461 5834
8112 1739
4476 3873
2444 484
4554 7653
8886 6027
5339 3654
6897 110
8209 9447
8857 5110
2773 7210
5762 2296
8362 2189
186 4566
6560 1078
3266 3885
3765 1840
4725 1662
6681 1001
5392 479
512 5719
8935 1033
6715 1536
4151 6763
9342 1613
5646 3737
8730 4699
299 7413
4775 3655
6927 4408
7709 3265
7930 2765
8376 5394
9130 4569
5368 5437
3033 75
914 1774
5787 5604
4826 5991
3586 2897
1272 3781
1859 417
5657 8214
3724 8981
3265 3982
3022 4619
8016 2297
9903 157
940 847
7700 7385
682 5103
362 2076
582 8056
9001 7973
3695 7817
2011 8040
5926 9941
9567 1495
480 2979
1784 6804
6084 7829
2660 9110
9812 1855
2550 7563
7753 5789
8612 1433
8027 4538
421 4581
6386 590
3291 6500
2629 5614
2797 833
1133 1184
8001 519
1915 1408
8756 5315
1184 3912
9322 7914
5844 1715
9234 6769
3233 7357
969 114
7280 6345
6479 9439
2446 6905
1758 8138
7759 8930
1441 2607
3967 8916
4825 3476
3068 7534
5201 4696
8667 3220
8458 388
6485 8123
482 928
4792 693
682 7030
5281 7673
8747 1421
9259 395
9402 4396
7627 6690
8799 8859
4032 6052
5977 3110
8495 8445
5980 3266
5169 5145
9652 6398
435 486
8386 8862
7427 4107
8292 6680
4145 9746
1555 5429
5621 6119
2424 7429
3717 3632
9193 6478
8217 7456
9122 1918
4487 7354
5163 8235
5356 6242
6130 8304
1212 7310
3546 2785
3512 5827
6433 2790
6291 3809
6653 9835
5889 675
1190 5043
7495 1313
7966 7993
3156 3061
8215 3617
3515 2622
5761 2829
7894 2906
9097 9633
3945 4057
5849 4489
8409 4671
2043 9673
3466 691
2835 1718
1846 1114
9339 6674
9695 6841
1547 2992
7193 2864
7361 3164
5623 8163
1636 512
1771 480
8968 319
419 8167
4945 6479
9335 490
2573 5320
9557 8712
8695 8603
5901 7064
4560 754
8971 9262
2524 8732
8554 9327
5789 4407
2514 5526
3692 6872
5210 5552
9082 4069
7394 1621
145 3824
4209 236
2795 621
4816 3610
3549 8002
645 2680
7917 4227
2338 4159
540 1985
8478 7752
4011 1371
5702 9381
6536 3263
4324 9378
1826 9614
2255 8657
8908 2007
5615 7422
1167 8667
5270 1636
9847 1699
7169 3281
3636 3752
2976 304
9050 9374
8014 7516
4718 7161
4850 7251
3400 2499
4455 8559
7681 9822
8322 7695
5325 2970
5128 5541
8953 9934
2804 7509
6682 3709
5494 7804
8822 2340
4448 5895
9345 8889
8638 9225
7279 3285
1472 5494
5016 5048
2752 3227
8301 7589
8329 5908
4606 4641
5151 9227
4848 9462
5158 2201
3638 2202
2265 7145
4593 4837
7907 4034
5222 4979
7030 8566
5442 2661
3548 5289
9468 6913
857 3427
4392 9259
3123 9539
1210 3929
670 2591
5578 5536
1646 3195
1626 3100
2358 8426
8492 8876
2554 1132
5423 7292
2745 7071
1451 2922
8247 5952
8620 2747
1111 6742
5650 3927
1212 4604
7390 2178
3178 1685
2046 2225
9949 9990
9866 6564
4698 878
699 5742
52 9604
8947 8865
4541 9006
3327 6042
7788 1677
2350 5833
875 6840
7726 5045
6301 9480
1351 7642
5460 7340
4336 5730
2447 7476
8133 9170
3487 5387
2720 5915
7460 259
4956 7783
4549 735
4387 5176
8366 2515
9573 2681
3266 9385
9077 6546
3010 1617
9490 6214
4963 8654
2331 6883
3657 8347
2852 1801
5778 3946
1419 3190
5633 4327
8727 4351
9093 2571
6370 1858
1942 6860
7054 2985
6403 2974
949 858
8639 3676
8872 6150
3481 4952
4835 7909
589 5107
3977 5097
6924 3622
2944 4587
1275 2791
4100 9488
7072 8138
1886 5104
292 4947
6756 1774
7732 6620
7741 6671
8470 4380
9832 1866
1037 2032
4369 9487
8943 2010
9420 9964
3002 6787
9241 6499
323 5462
2714 9512
4406 1460
8934 510
4058 8677
2522 4504
4254 271
6671 4139
1493 4865
8465 1942
9843 8081
3466 1692
8350 8233
5082 3126
873 6036
8250 96
9856 1111
2511 7810
1467 2538
4979 8737
2278 5222
259 7934
8745 2735
4092 7446
6156 8050
9142 650
5415 3986
5904 8282
8050 237
6043 2669
4905 8646
9659 4882
9250 8278
4742 9718
8683 9099
6341 7015
9120 1111
3556 151
1846 6343
2423 1811
7981 9676
1697 4182
3714 1707
5526 9419
4523 467
3347 4825
1715 3828
8276 5627
8316 7814
3635 5174
2257 2303
8848 2884
9233 6120
6955 6108
7937 7149
8955 1592
7152 8870
9996 2033
7509 5188
5101 531
1498 1668
1432 5871
4502 1056
325 7731
1473 8907
3400 1879
6771 7771
1906 2610
8820 1544
5387 7495
2474 2882
2053 5100
5637 7218
4004 7074
5983 7246
8460 6889
6474 7338
1891 3328
6046 5564
3992 8213
2401 6074
2153 107
1060 3352
716 5809
1633 3805
1623 3312
3338 2055
2507 6645
2435 2785
2620 1968
5883 9124
6769 4805
1250 9159
8198 585
9886 65
4400 4238
4808 3402
865 6420
7707 4982
2116 1122
626 603
8817 878
3393 4629
7078 5519
6294 95
4445 4837
1980 190
7406 7886
5705 9473
2060 5520
8876 9369
7958 3109
406 6247
5368 9247
3258 4219
6267 5783
4244 9821
1740 5965
8714 6752
9335 2054
2699 1877
6340 3528
9664 850
2470 3386
7788 5899
3764 2752
4890 5607
7089 7479
7995 885
2789 2502
4144 9543
6757 2203
6318 2237
8982 7783
9156 9403
1730 9392
3098 9385
7744 3450
5549 9667
3117 9609
5272 6974
9076 9180
268 645
6120 4096
3041 6189
7631 6935
6206 4049
2853 9831
7541 7946
7789 8382
2058 3771
4381 4029
9139 8009
7767 1464
6615 5146
3676 3827
4389 5615
406 3327
8942 4171
6522 4054
8786 7706
9113 3809
8795 9774
9516 1953
3980 712
5743 7563
3416 6134
753 6143
4537 9483
1114 9712
4091 8092
7330 1775
7779 6409
4453 2944
1519 4585
8076 2341
2836 3101
2662 2741
3546 2269
1079 2444
9022 5205
5765 4800
6345 103
759 918
3065 7093
5160 2528
1684 9812
5388 5950
2931 1347
5481 55
3710 3188
8862 5435
6573 8864
4718 8515
3350 1632
3166 8209
5370 4383
6826 2644
4709 4604
5046 5200
4618 8767
8361 9447
9584 1800
410 3222
6684 3704
7466 2514
8643 5292
4391 2797
199 3102
5233 2826
8649 3969
1944 4494
1138 6081
2047 7290
30 4527
1338 9231
3117 1962
6374 8886
5997 1113
2577 9132
1852 8416
1428 4927
5950 8494
1480 5218
3266 8408
8608 9835
9940 2953
8330 5507
8681 4161
1401 166
1270 8644
4571 3051
7444 7480
4634 6124
960 766
7613 8072
342 8896
7377 7286
728 5062
1080 9599
2655 8865
9184 1525
6287 1556
9965 6344
6978 2005
3870 1006
757 3992
5454 6583
5683 6478
8394 4447
6864 2301
8305 2563
14 4904
9201 8730
4560 4219
1879 6344
4090 2300
5188 7847
1141 3265
153 1460
5815 4389
9700 2648
1926 2074
1710 254
5011 1070
284 3192
6396 8126
8631 2154
5240 9557
9124 6086
4354 5014
6349 1039
6344 8166
5093 57
3158 8727
6876 7535
727 9324
5962 2945
8507 2647
6213 213
6801 5261
8204 7720
9489 3197
395 1312
122 4910
122 659
9913 779
882 2359
9974 8870
9850 1609
9557 722
2304 8867
2043 4813
6800 2094
832 3629
5398 4980
7512 6460
8148 1093
866 2185
6904 8625
9170 6567
4456 8165
3835 907
5187 5819
4445 4902
9885 8223
6355 7387
5932 4823
8549 6403
7525 9973
2457 7932
6742 579
751 9284
4468 3852
8654 4880
5752 4157
859 1526
3160 6254
8927 3134
2621 9982
8786 9117
1475 8443
6539 9356
2484 2474
8227 7598
8310 1699
5352 1661
554 6706
9403 337
7271 1853
8588 4984
1932 1057
8573 3838
589 6588
6967 7221
7397 6949
1568 956
2405 3418
3551 9841
3313 5056
5467 6912
6838 21
2119 4365
8664 7495
8970 1769
2713 2570
1631 1995
6480 7424
5662 9180
9438 5095
2895 7531
5893 3741
6130 852
7052 8030
7578 9899
6940 2998
2936 4968
665 977
801 5774
1480 3079
4952 2663
6086 7726
2866 8222
8395 3909
5900 6414
2525 9782
7639 431
6251 7171
2881 4682
4469 676
2369 7518
7802 4832
6563 5718
1444 6154
4699 7759
7619 2039
5739 5569
347 1650
607 2358
4973 177
1140 5641
5418 9628
9664 9367
5215 1231
9052 4490
9575 7772
1824 47
6699 5824
9473 7739
8624 8395
3098 4272
607 5687
9006 3107
9302 3795
1690 6269
8432 7992
1301 2542
3211 6482
8374 5386
9200 6971
4852 2694
410 5518
367 8896
2678 3983
9329 6790
9316 7666
751 5724
3663 2014
5187 5904
2994 541
1745 8699
4928 4469
7505 4185
4039 897
7162 6824
8684 5759
4799 3777
6744 8753
6789 8132
8680 25
8524 9814
4237 1773
5176 5233
40 7813
199 3991
3087 9497
3256 6848
7949 2219
3158 4636
690 5158
5073 6664
7489 5689
648 6580
9781 9615
4151 3089
8352 303
2066 8826
1271 8601
9020 4158
8000 5884
4021 648
5905 4864
8839 7544
8548 4145
9919 9439
5240 9101
7295 3888
525 13
5858 8584
1479 8666
3055 3936
6981 7430
1107 5016
420 9752
4761 578
327 187
8357 5083
2970 3091
3646 7636
8972 2453
2264 5377
5160 6739
8159 9727
590 6381
2569 5729
893 392
3808 4966
5168 3097
6645 5150
1652 4946
3088 5267
6656 843
9447 4040
2642 4862
7465 9372
37 8032
2300 9910
3697 9391
1243 6014
9677 8947
7925 155
1573 9315
4401 5467
4874 249
571 3880
8017 1929
3638 4268
7728 7390
6569 479
526 1323
4982 1179
2499 8319
8773 4109
7787 6368
5727 3615
2573 472
3314 5343
8563 6819
5744 5366
6499 8174
6596 6611
2916 2107
3823 7363
6147 2116
6255 8316
5036 572
6177 1672
3979 7656
7480 246
2377 7632
3326 2378
1405 2058
1325 7831
5118 2145
9031 1949
3072 2545
2308 61
7905 2717
4629 6895
4288 9678
8501 773
8644 9753
2337 8424
5894 2745
3361 3330
9089 2293
1108 5805
8671 9224
5463 2218
1091 7983
8433 7215
4866 7267
5537 2926
9192 2314
252 8195
4796 953
9021 9987
8381 492
9838 819
9738 5085
3244 2458
1781 4771
1446 8041
1268 9498
6249 534
4372 1029
9750 6129
6202 5981
6108 4178
2922 5330
9434 7795
5545 5615
3180 1616
6022 7690
5236 7794
6334 7377
3286 2525
4889 3787
7712 9100
7404 4738
7135 4519
7414 3535
2181 2557
8395 5499
8791 7824
8628 8958
1646 5606
4608 4375
7048 2048
7785 1654
4444 3436
5741 3572
3270 9873
9827 8629
2977 8244
7404 7967
2402 1249
7150 7313
1438 4972
360 6949
6922 4213
1520 15
6738 5584
3629 9258
6242 9526
3575 5040
9467 2100
5254 6098
3818 2169
8491 6742
8559 2903
9775 4769
8026 1519
62 9506
9249 1709
5708 1079
738 5976
8303 1453
4541 7549
7627 1149
9512 6433
8048 3666
1276 9832
6101 5833
9057 6349
7780 3149
6686 3210
3914 2044
8232 1242
75 2194
4040 6560
9625 4365
1947 2570
8075 662
3902 5569
