1000 2
6757 2203
4718 8515
2255 8657
9006 3107
3270 9873
4144 9543
7460 259
347 1650
8862 5435
8016 2297
751 5724
2043 9673
8872 6150
395 1312
8217 7456
1498 1668
5702 9381
4021 648
8159 9727
5932 4823
3009 9822
7728 7390
3117 1962
7377 7286
9965 6344
6615 5146
1944 4494
682 7030
759 918
5895 2889
421 4581
751 9284
4796 953
8628 8958
8947 8865
2047 7290
3256 6848
3178 1685
4090 2300
8548 4145
6924 3622
7578 9899
9089 2293
2944 4587
9536 4785
2387 8503
1141 3265
5222 4979
7895 3029
6940 2998
1684 9812
866 2185
9233 6120
5980 3266
8563 6819
9249 1709
6864 2301
5662 9180
7785 1654
3487 5387
9838 819
8470 4380
7631 6935
2405 3418
3233 7357
2304 8867
1184 3912
3291 6500
1710 254
2470 3386
1886 5104
2066 8826
1826 9614
6563 5718
9652 6398
5657 8214
9403 337
7949 2219
4381 4029
6771 7771
1451 2922
6922 4213
3835 907
2511 7810
7541 7946
8227 7598
6817 8959
2484 2474
2525 9782
4100 9488
512 5719
1351 7642
3517 9637
8942 4171
728 5062
2745 7071
2977 8244
8848 2884
9120 1111
607 2358
645 2680
571 3880
5370 4383
435 486
1133 1184
6291 3809
5463 2218
4400 4238
3033 75
8955 1592
9557 8712
9193 6478
2265 7145
665 977
9468 6913
7427 4107
186 4566
2852 1801
6345 103
8953 9934
9335 490
8667 3220
7726 5045
8491 6742
6826 2644
2060 5520
670 2591
2300 9910
284 3192
3759 3539
1626 3100
5889 675
7627 1149
6294 95
1846 1114
4982 1179
4476 3873
3638 2202
3992 8213
2058 3771
1771 480
5215 1231
4244 9821
2011 8040
2522 4504
8671 9224
5778 3946
5705 9473
5368 9247
8786 7706
4058 8677
6744 8753
2153 107
9077 6546
9974 8870
3692 6872
3211 6482
8465 1942
2836 3101
2795 621
9913 779
8350 8233
8386 8862
2970 3091
7958 3109
7619 2039
7741 6671
8654 4880
5623 8163
589 5107
5073 6664
4835 7909
9020 4158
2881 4682
5168 3097
4825 3476
4963 8654
6769 4805
360 6949
3286 2525
5633 4327
9516 1953
5727 3615
3551 9841
9996 2033
4004 7074
992 105
3657 8347
6479 9439
5160 6739
7444 7480
5158 2201
4775 3655
2401 6074
3914 2044
9335 2054
8943 2010
6349 1039
7072 8138
3695 7817
3326 2378
14 4904
4448 5895
8638 9225
8381 492
8409 4671
1111 6742
3530 5984
9434 7795
7052 8030
6251 7171
4973 177
3546 2269
2922 5330
4444 3436
4761 578
8972 2453
7361 3164
9302 3795
7707 4982
1167 8667
3697 9391
1646 5606
7732 6620
2866 8222
7162 6824
5789 4407
1358 8661
3274 7534
5093 57
7724 5516
1573 9315
1108 5805
6480 7424
2797 833
4799 3777
8745 2735
1932 1057
3160 6254
3361 3330
419 8167
8276 5627
7404 7967
7712 9100
6645 5150
8001 519
3714 1707
4905 8646
8524 9814
1325 7831
8316 7814
8643 5292
3158 8727
4468 3852
5545 5615
8799 8859
3977 5097
6249 534
2620 1968
5151 9227
8934 510
5325 2970
8982 7783
6396 8126
5609 1525
8357 5083
5849 4489
6838 21
7078 5519
6738 5584
1577 3541
9031 1949
4866 7267
406 3327
9052 4490
8076 2341
9775 4769
4445 4837
145 3824
9843 8081
6686 3210
2043 4813
1715 3828
9827 8629
1212 4604
1555 5429
9192 2314
3400 2499
3823 7363
8292 6680
3072 2545
893 392
9329 6790
458 7428
4541 7549
6927 4408
1824 47
8927 3134
626 603
7779 6409
6130 8304
7547 8938
8620 2747
367 8896
7780 3149
8310 1699
1980 190
5526 9419
914 1774
1758 8138
3416 6134
5233 2826
8756 5315
9130 4569
323 5462
7930 2765
9093 2571
5339 3654
3393 4629
8232 1242
3512 5827
9438 5095
6341 7015
8711 6570
1114 9712
4952 2663
9700 2648
6671 4139
3636 3752
8330 5507
8651 859
1623 3312
8970 1769
9940 2953
1107 5016
7152 8870
3347 4825
9184 1525
1268 9498
4629 6895
5962 2945
5904 8282
325 7731
5762 2296
8820 1544
6101 5833
2264 5377
6474 7338
2369 7518
6876 7535
8968 319
8348 1830
5016 5048
4324 9378
8644 9753
690 5158
3258 4219
5368 5437
6355 7387
4288 9678
9584 1800
4387 5176
1444 6154
3945 4057
873 6036
753 6143
3068 7534
4011 1371
1475 8443
8683 9099
8817 878
3002 6787
6334 7377
7089 7479
2402 1249
2720 5915
8000 5884
801 5774
2423 1811
9490 6214
6206 4049
3065 7093
682 5103
9113 3809
7917 4227
2662 2741
7390 2178
969 114
4401 5467
582 8056
3515 2622
3098 4272
8935 1033
5240 9101
2554 1132
2994 541
8394 4447
2435 2785
6147 2116
7030 8566
6801 5261
2507 6645
2308 61
1493 4865
1520 15
7279 3285
8209 9447
6715 1536
6280 3020
9402 4396
940 847
738 5976
4979 8737
8148 1093
7711 9136
5210 5552
4699 7759
7193 2864
7894 9503
2116 1122
865 6420
526 1323
949 858
2713 2570
6043 2669
1190 5043
4502 1056
5392 479
4209 236
40 7813
2853 9831
3327 6042
8432 7992
2699 1877
5160 2528
5765 4800
1784 6804
554 6706
4718 7161
6046 5564
8588 4984
5454 6583
8374 5386
6539 9356
1652 4946
3764 2752
6742 579
5950 8494
3629 9258
1270 8644
9781 9615
1210 3929
4808 3402
6086 7726
9139 8009
4040 6560
8017 1929
7709 3265
1405 2058
1212 7310
8305 2563
7295 3888
7280 6345
4634 6124
2446 6905
4826 5991
2573 472
3638 4268
7842 2873
8362 2189
5997 1113
5615 7422
1091 7983
3319 7164
4336 5730
482 928
2895 7531
4455 8559
2621 9982
3180 1616
6967 7221
4262 6041
5240 9557
362 2076
5128 5541
1438 4972
5236 7794
4537 9483
268 645
2936 4968
9001 7973
9241 6499
9949 9990
8773 4109
9050 9374
1446 8041
3663 2014
8971 9262
1338 9231
6177 1672
7480 246
3350 1632
8460 6889
1428 4927
3338 2055
1467 2538
7048 2048
5977 3110
6108 4178
1631 1995
6213 213
4549 735
5894 2745
2577 9132
3400 1879
153 1460
9339 6674
75 2194
5815 4389
8322 7695
2569 5729
6267 5783
9200 6971
8639 3676
1697 4182
4863 6015
4725 1662
2835 1718
7907 4034
7525 9973
5905 4864
8395 5499
8458 388
5036 572
8624 8395
7414 3535
2278 5222
1547 2992
5418 9628
342 8896
7700 7385
6499 8174
6340 3528
327 187
5739 5569
3265 3982
8791 7824
8395 3909
716 5809
6022 7690
2181 2557
9519 1815
5844 1715
6202 5981
1915 1408
7759 8930
9575 7772
4855 86
8786 9117
4890 5607
5761 2829
9573 2681
7495 1313
3548 5289
525 4450
9738 5085
259 7934
6800 2094
8204 7720
5046 5200
5460 7340
6682 3709
5423 7292
1879 6344
1441 2607
4852 2694
3870 1006
4523 467
7489 5689
8507 2647
9664 850
1891 3328
9345 8889
1646 3195
3346 3453
5926 9941
406 6247
6901 1379
4445 4902
3765 1840
52 9604
1037 2032
648 6580
9250 8278
5481 55
5272 6974
3980 712
8795 9774
4855 3358
3010 1617
6485 8123
199 3102
5387 7495
9234 6769
9473 7739
3313 5056
7981 9676
1276 9832
1852 8416
4092 7446
5023 2165
3098 9385
7406 7886
6516 936
1859 417
4453 2944
4391 2797
9156 9403
7170 5582
5787 5604
2444 484
1079 2444
7505 4185
2350 5833
8559 2903
299 7413
9567 1495
3546 2785
7330 1775
6789 8132
9919 9439
8695 8603
6699 5824
3266 9385
4151 3089
6897 110
727 9324
5254 6098
3979 7656
1432 5871
1138 6081
8133 9170
9512 6433
4354 5014
3088 5267
5082 3126
2119 4365
6156 8050
8631 2154
3575 5040
6130 852
960 766
9170 6567
292 4947
8680 25
3646 7636
8857 5110
4985 6650
5650 3927
3087 9497
6932 8627
4469 676
757 3992
2524 8732
8664 7495
6656 843
2573 5320
859 1526
8573 3838
6242 9526
4571 3051
9847 1699
9201 8730
7613 8072
2773 7210
5352 1661
9076 9180
3808 4966
8075 662
525 13
2789 2502
5011 1070
4237 1773
9342 1613
4606 4641
4874 249
9142 650
9866 6564
6756 1774
9082 4069
5883 9124
2358 8426
4956 7783
7627 6690
8876 9369
5900 6414
9122 1918
8747 1421
5270 1636
5187 5819
5163 8235
7135 4519
122 4910
9124 6086
7937 7149
8406 9555
8649 3969
5281 7673
1740 5965
9420 9964
410 3222
6684 3704
6433 2790
8714 6752
2377 7632
9903 157
4167 2859
4369 9487
6370 1858
9097 9633
8730 4699
9149 3927
3266 3885
685 3576
5621 6119
4372 1029
3717 3632
9664 9367
5893 3741
420 9752
7512 6460
6904 8625
5188 7847
2550 7563
5549 9667
2337 8424
6522 4054
6301 9480
8198 585
6573 8864
6681 1001
1060 3352
8549 6403
8376 5394
7894 2906
4792 693
1272 3781
3967 8916
6344 4760
2931 1347
8478 7752
9886 65
8554 9327
7925 155
3123 9539
1636 512
9750 6129
8501 773
7397 6949
2424 7429
1479 8666
8886 6027
7271 1853
7788 5899
1275 2791
8930 7374
3481 4952
7681 9822
5494 7804
4091 8092
8050 237
4406 1460
540 1985
2046 2225
3635 5174
6955 6108
3556 151
4560 4219
7753 5789
9057 6349
5983 7246
8908 2007
6978 2005
1265 6516
9489 3197
3724 8981
5442 2661
5021 5930
6596 6611
3041 6189
8026 1519
3466 691
1301 2542
1472 5494
6536 3263
6120 4096
4560 754
9677 8947
9625 4365
4889 3787
3117 9609
5708 1079
30 4527
4392 9259
2804 7509
9659 4882
7995 885
6560 1078
9322 7914
3466 1692
5169 5145
9467 2100
4254 271
8027 4538
1519 4585
3244 2458
2678 3983
7788 1677
5187 5904
3266 8408
4389 5615
3156 3061
410 5518
1745 8699
6403 2974
4039 897
8839 7544
5646 3737
8361 9447
4461 5834
4618 8767
8112 1739
8352 303
1781 4771
2457 7932
6318 2237
3166 8209
5683 6478
6344 8166
2916 2107
9022 5205
875 6840
8303 1453
6084 7829
3022 4619
1690 6269
5176 5233
882 2359
37 8032
4945 6479
6567 6391
8971 1120
8612 1433
8250 96
1942 6860
5201 4696
9447 4040
3835 4169
7465 9372
857 3427
5101 531
7744 3450
5537 2926
699 5742
7466 2514
3818 2169
4608 4375
7592 4173
1926 2074
2329 3007
1044 4166
3549 8002
2629 5614
4742 9718
5578 5536
590 6381
5467 6912
8366 2515
9217 1590
7394 1621
1080 9599
480 2979
4698 878
4456 8165
832 3629
8329 5908
5118 2145
5743 7563
7169 3281
4541 9006
9021 9987
1401 166
9812 1855
3710 3188
62 9506
4816 3610
2514 5526
5901 7064
1906 2610
1473 8907
8215 3617
2655 8865
5398 4980
4032 6052
2257 2303
2331 6883
2752 3227
199 3991
3314 5343
5752 4157
9885 8223
8301 7589
4848 9462
9832 1866
1140 5641
5637 7218
2447 7476
8433 7215
1243 6014
8684 5759
4151 6763
4928 4469
1250 9159
1419 3190
122 659
8727 4351
2660 9110
8495 8445
6653 9835
6287 1556
6569 479
7789 8382
3055 3936
6374 8886
1846 6343
4709 4604
5741 3572
2642 4862
3158 4636
8014 7516
5858 8584
9850 1609
2714 9512
6255 8316
1480 5218
7905 2717
5415 3986
7802 4832
3902 5569
2474 2882
7150 7313
7639 431
7404 4738
6386 590
4656 6213
5744 5366
1947 2570
1480 3079
9022 4883
5388 5950
4487 7354
9557 722
4554 7653
9523 9608
3676 3827
9316 7666
589 6588
8247 5952
2976 304
1910 6486
607 5687
2053 5100
1271 8601
4850 7251
252 8195
4145 9746
1017 2881
8048 3666
3586 2897
4593 4837
7509 5188
2338 4159
6981 7430
8608 9835
8492 8876
5629 3648
2499 8319
1568 956
1730 9392
8681 4161
9695 6841
9259 395
5356 6242
7767 1464
7054 2985
1633 3805
7787 6368
7966 7993
9856 1111
8822 2340
