1000 2
2308 61
1212 7310
8620 2747
6242 9526
8773 4109
8148 1093
8953 9934
3635 5174
7495 1313
727 9324
9625 4365
2550 7563
5352 1661
5093 57
3835 907
6340 3528
7787 6368
6251 7171
6267 5783
7726 5045
3481 4952
8492 8876
9468 6913
9832 1866
2011 8040
8432 7992
9847 1699
5210 5552
3266 9385
8276 5627
3286 2525
2699 1877
8374 5386
2573 5320
5101 531
7089 7479
5176 5233
6560 1078
3416 6134
6684 3704
1270 8644
7460 259
9843 8081
5646 3737
9516 1953
8075 662
607 5687
4699 7759
8612 1433
1479 8666
5368 9247
857 3427
8786 7706
9345 8889
9001 7973
6255 8316
3270 9873
6838 21
9940 2953
3160 6254
7949 2219
645 2680
8549 6403
2944 4587
9885 8223
9082 4069
2522 4504
5650 3927
6101 5833
4554 7653
3692 6872
8310 1699
2714 9512
4487 7354
5151 9227
1444 6154
5815 4389
5894 2745
1633 3805
2181 2557
5158 2201
685 3576
6940 2998
751 9284
9866 6564
3759 3539
4905 8646
8624 8395
1646 3195
9664 9367
7780 3149
4369 9487
7966 7993
6801 5261
5849 4489
6978 2005
1631 1995
6955 6108
145 3824
6615 5146
3808 4966
5082 3126
7054 2985
199 3102
5983 7246
52 9604
4032 6052
6294 95
6715 1536
5163 8235
3347 4825
8000 5884
525 4450
8628 8958
6757 2203
1824 47
4792 693
3346 3453
4606 4641
4560 754
866 2185
8017 1929
4244 9821
914 1774
1446 8041
7639 431
6318 2237
9652 6398
7767 1464
8654 4880
4761 578
5578 5536
8711 6570
6370 1858
6341 7015
728 5062
3022 4619
6499 8174
1140 5641
8862 5435
8330 5507
2424 7429
4718 8515
1190 5043
2060 5520
8639 3676
1906 2610
7700 7385
8014 7516
7894 2906
3009 9822
3717 3632
4021 648
9217 1590
9664 850
3530 5984
4963 8654
9342 1613
75 2194
6567 6391
342 8896
3326 2378
1942 6860
5023 2165
6130 8304
186 4566
9738 5085
1859 417
3400 1879
284 3192
1167 8667
8667 3220
7728 7390
6742 579
7627 1149
3166 8209
9329 6790
9420 9964
8683 9099
3548 5289
6301 9480
4262 6041
6355 7387
2621 9982
8934 510
5011 1070
4956 7783
5272 6974
4237 1773
3065 7093
3575 5040
1401 166
5545 5615
6671 4139
526 1323
8730 4699
3714 1707
7925 155
2976 304
4889 3787
122 4910
801 5774
7788 1677
9022 4883
9193 6478
3123 9539
8651 859
6130 852
3180 1616
5240 9101
648 6580
7981 9676
6904 8625
9142 650
9201 8730
738 5976
2153 107
5460 7340
3945 4057
5633 4327
5118 2145
7052 8030
3117 1962
8608 9835
7613 8072
2797 833
3629 9258
8563 6819
9812 1855
525 13
7489 5689
4799 3777
420 9752
3002 6787
7895 3029
6177 1672
7709 3265
6084 7829
8301 7589
1926 2074
7072 8138
5168 3097
6876 7535
5537 2926
9122 1918
9903 157
3117 9609
3393 4629
3638 4268
1690 6269
2514 5526
325 7731
4004 7074
6156 8050
8217 7456
4400 4238
5160 6739
3992 8213
2066 8826
153 1460
3818 2169
6345 103
4100 9488
6800 2094
5702 9381
1730 9392
1276 9832
9489 3197
9022 5205
5621 6119
4634 6124
6573 8864
9965 6344
3319 7164
7193 2864
2387 8503
5467 6912
4866 7267
3977 5097
3266 3885
2852 1801
5609 1525
8927 3134
4381 4029
1771 480
4445 4902
2642 4862
5046 5200
8395 3909
4718 7161
5629 3648
5762 2296
7169 3281
4288 9678
7894 9503
9076 9180
1325 7831
8573 3838
5128 5541
8548 4145
8395 5499
7732 6620
6086 7726
2377 7632
5481 55
3515 2622
406 6247
9250 8278
8695 8603
8955 1592
4982 1179
8247 5952
4167 2859
5926 9941
8381 492
3338 2055
7397 6949
1017 2881
949 858
8554 9327
2338 4159
4698 878
9097 9633
3676 3827
5997 1113
3314 5343
5744 5366
6569 479
5889 675
1037 2032
4058 8677
6479 9439
590 6381
8316 7814
3697 9391
2405 3418
6932 8627
410 3222
1419 3190
8943 2010
1358 8661
2577 9132
4560 4219
6927 4408
360 6949
1044 4166
7480 246
4985 6650
9093 2571
4796 953
8406 9555
5036 572
8076 2341
6291 3809
7330 1775
1184 3912
4826 5991
3724 8981
4144 9543
7619 2039
3244 2458
5021 5930
4593 4837
8048 3666
5325 2970
5549 9667
3870 1006
682 7030
3350 1632
7404 7967
4541 7549
2660 9110
1826 9614
5858 8584
4945 6479
1740 5965
3765 1840
9241 6499
419 8167
2300 9910
4808 3402
4461 5834
7712 9100
5160 2528
406 3327
8935 1033
9695 6841
6756 1774
8680 25
4039 897
9536 4785
8352 303
2773 7210
9949 9990
699 5742
9886 65
268 645
9919 9439
4725 1662
9523 9608
3266 8408
8204 7720
1480 3079
299 7413
8001 519
9677 8947
8303 1453
1210 3929
1646 5606
8970 1769
1577 3541
2569 5729
9302 3795
5683 6478
9838 819
540 1985
1710 254
2573 472
6864 2301
2752 3227
7541 7946
1301 2542
6287 1556
6656 843
1472 5494
3980 712
6485 8123
8839 7544
5739 5569
1250 9159
9996 2033
1091 7983
5270 1636
1351 7642
940 847
458 7428
6653 9835
4874 249
7681 9822
6022 7690
7711 9136
1947 2570
4629 6895
1498 1668
2058 3771
8458 388
8027 4538
9913 779
589 6588
3400 2499
2499 8319
9850 1609
327 187
4850 7251
7578 9899
5016 5048
8507 2647
7744 3450
1944 4494
6563 5718
8968 319
665 977
2916 2107
1438 4972
6924 3622
3072 2545
4541 9006
3556 151
7917 4227
62 9506
4011 1371
9149 3927
873 6036
1915 1408
8433 7215
1451 2922
7377 7286
1079 2444
1520 15
3695 7817
347 1650
8930 7374
1573 9315
8822 2340
323 5462
3327 6042
960 766
8361 9447
2970 3091
2525 9782
9184 1525
4742 9718
1932 1057
5905 4864
9573 2681
6681 1001
1626 3100
5637 7218
9233 6120
6686 3210
259 7934
6349 1039
1467 2538
4928 4469
8684 5759
3663 2014
8908 2007
1133 1184
2444 484
2678 3983
4092 7446
1519 4585
4571 3051
5254 6098
6206 4049
5370 4383
4852 2694
5392 479
2977 8244
7905 2717
1910 6486
4455 8559
2836 3101
8227 7598
5743 7563
1265 6516
2119 4365
3710 3188
2435 2785
6344 8166
5388 5950
9447 4040
362 2076
2795 621
7414 3535
6769 4805
2994 541
1547 2992
8631 2154
9057 6349
7444 7480
3258 4219
1141 3265
9575 7772
2484 2474
7390 2178
8971 1120
6474 7338
4391 2797
5932 4823
1879 6344
2881 4682
7930 2765
8350 8233
690 5158
8394 4447
1212 4604
5073 6664
4091 8092
14 4904
4401 5467
2511 7810
9781 9615
1891 3328
8727 4351
2866 8222
682 5103
1114 9712
5708 1079
9050 9374
2046 2225
5236 7794
554 6706
8588 4984
4040 6560
1138 6081
1338 9231
1268 9498
9052 4490
8820 1544
3546 2785
8348 1830
9113 3809
6539 9356
9434 7795
3178 1685
2524 8732
2931 1347
2265 7145
832 3629
482 928
5901 7064
4406 1460
6738 5584
757 3992
5950 8494
8649 3969
292 4947
5623 8163
4151 6763
4392 9259
8664 7495
4209 236
3967 8916
3549 8002
5778 3946
1886 5104
6386 590
9156 9403
7170 5582
5787 5604
8876 9369
589 5107
4354 5014
2047 7290
6202 5981
252 8195
1745 8699
3979 7656
9467 2100
2895 7531
969 114
8250 96
5387 7495
8465 1942
5662 9180
3902 5569
6596 6611
122 659
5727 3615
5883 9124
8872 6150
1432 5871
8112 1739
8942 4171
8559 2903
5977 3110
9249 1709
2835 1718
8159 9727
8376 5394
5368 5437
8478 7752
4372 1029
9512 6433
7785 1654
6516 936
9021 9987
6120 4096
5169 5145
8292 6680
2745 7071
4090 2300
6433 2790
2554 1132
9775 4769
8848 2884
4709 4604
4890 5607
9031 1949
5398 4980
859 1526
3265 3982
9403 337
9339 6674
3835 4169
6147 2116
4387 5176
7279 3285
4863 6015
9750 6129
8681 4161
5463 2218
8209 9447
7466 2514
7958 3109
1480 5218
2457 7932
8745 2735
8133 9170
7842 2873
1475 8443
5454 6583
8747 1421
4336 5730
7779 6409
8470 4380
6967 7221
7280 6345
7512 6460
3487 5387
5844 1715
4254 271
8971 9262
367 8896
1405 2058
1684 9812
5615 7422
5893 3741
1636 512
2446 6905
9827 8629
8362 2189
4151 3089
607 2358
3517 9637
9234 6769
6334 7377
5281 7673
1652 4946
9438 5095
6403 2974
3914 2044
1473 8907
1441 2607
7907 4034
37 8032
2278 5222
7465 9372
716 5809
3010 1617
3291 6500
7404 4738
8886 6027
2470 3386
1697 4182
9856 1111
1980 190
9322 7914
2423 1811
626 603
5705 9473
751 5724
30 4527
7152 8870
4537 9483
3313 5056
571 3880
8409 4671
4468 3852
1758 8138
5240 9557
1568 956
8524 9814
5900 6414
8791 7824
2629 5614
6108 4178
3098 4272
7592 4173
7724 5516
8644 9753
2655 8865
3361 3330
3546 2269
8857 5110
395 1312
3156 3061
2116 1122
1846 6343
6536 3263
5415 3986
8501 773
9200 6971
7427 4107
9519 1815
7361 3164
5215 1231
8305 2563
2804 7509
3823 7363
2447 7476
199 3991
6249 534
3158 8727
4324 9378
3233 7357
7789 8382
3068 7534
2922 5330
3466 1692
3551 9841
9557 8712
5356 6242
8050 237
1852 8416
2402 1249
2853 9831
4476 3873
2329 3007
3466 691
1243 6014
7627 6690
5657 8214
1555 5429
9335 490
7162 6824
8215 3617
8947 8865
4469 676
5188 7847
9192 2314
7631 6935
753 6143
9130 4569
8357 5083
6817 8959
2789 2502
9259 395
3033 75
9089 2293
2401 6074
6901 1379
5442 2661
4523 467
8756 5315
6645 5150
6213 213
5765 4800
9170 6567
7295 3888
512 5719
7753 5789
3764 2752
9557 722
8198 585
2043 9673
5962 2945
8982 7783
9659 4882
9402 4396
3211 6482
8366 2515
2713 2570
7707 4982
4848 9462
2257 2303
3041 6189
2304 8867
1493 4865
8795 9774
1428 4927
3657 8347
5761 2829
9567 1495
9020 4158
7271 1853
4979 8737
2620 1968
7505 4185
4453 2944
4855 86
2358 8426
8491 6742
5980 3266
7509 5188
5904 8282
9316 7666
4952 2663
2350 5833
2936 4968
7741 6671
8799 8859
9584 1800
480 2979
6789 8132
5339 3654
7030 8566
2507 6645
4145 9746
7995 885
1271 8601
9124 6086
992 105
1111 6742
8643 5292
5418 9628
6826 2644
8714 6752
8972 2453
40 7813
1784 6804
1060 3352
2662 2741
9974 8870
1715 3828
5752 4157
4448 5895
8671 9224
2255 8657
670 2591
2474 2882
4502 1056
865 6420
7802 4832
9077 6546
8016 2297
2264 5377
4835 7909
9473 7739
8329 5908
6682 3709
5187 5904
3638 2202
9335 2054
9139 8009
5201 4696
1781 4771
6280 3020
2043 4813
5233 2826
6922 4213
6744 8753
9006 3107
8026 1519
4816 3610
6046 5564
882 2359
7150 7313
3158 4636
9700 2648
3646 7636
1272 3781
6771 7771
4855 3358
5741 3572
8638 9225
8322 7695
5494 7804
5526 9419
3274 7534
7048 2048
7135 4519
4618 8767
5895 2889
9120 1111
875 6840
6043 2669
7547 8938
759 918
4444 3436
6981 7430
1108 5805
3088 5267
8817 878
6374 8886
8786 9117
3098 9385
8495 8445
5789 4407
7525 9973
421 4581
7078 5519
4973 177
7759 8930
2369 7518
9490 6214
2331 6883
2337 8424
582 8056
4775 3655
7937 7149
4389 5615
2720 5915
4608 4375
3586 2897
2053 5100
893 392
4456 8165
6699 5824
4825 3476
410 5518
1275 2791
3055 3936
3636 3752
6480 7424
4656 6213
6897 110
4549 735
435 486
1846 1114
5423 7292
7394 1621
4445 4837
3512 5827
1623 3312
8460 6889
1080 9599
1107 5016
3256 6848
7788 5899
6344 4760
8232 1242
3087 9497
5187 5819
8386 8862
6396 8126
6522 4054
5222 4979
7406 7886
