1000 2
5415 3986
9843 8081
7712 9100
4167 2859
8374 5386
362 2076
882 2359
4476 3873
7966 7993
1276 9832
7489 5689
9438 5095
4448 5895
6280 3020
2337 8424
1338 9231
7547 8938
2678 3983
3759 3539
3487 5387
9575 7772
5905 4864
2699 1877
6251 7171
2047 7290
2835 1718
6202 5981
1891 3328
6757 2203
1824 47
3274 7534
1419 3190
2522 4504
8786 7706
2435 2785
1268 9498
6213 213
6242 9526
7930 2765
6396 8126
4487 7354
3638 4268
8681 4161
6645 5150
9120 1111
1646 3195
3117 9609
7895 3029
1636 512
6681 1001
2474 2882
8395 5499
9259 395
6769 4805
8628 8958
6433 2790
4209 236
4874 249
607 5687
6249 534
7842 2873
2329 3007
8548 4145
8953 9934
9567 1495
8612 1433
1684 9812
7753 5789
6838 21
3638 2202
4453 2944
3346 3453
8588 4984
4336 5730
7728 7390
1017 2881
1184 3912
8432 7992
4848 9462
6656 843
8799 8859
4144 9543
4369 9487
8409 4671
62 9506
8348 1830
6345 103
969 114
5983 7246
6560 1078
4571 3051
8972 2453
9677 8947
7295 3888
2662 2741
3977 5097
8112 1739
7995 885
7724 5516
5708 1079
7480 246
1480 3079
1140 5641
4826 5991
1479 8666
2424 7429
5392 479
9089 2293
865 6420
9156 9403
5889 675
2621 9982
4032 6052
4816 3610
7917 4227
5844 1715
4468 3852
6682 3709
5454 6583
4618 8767
2931 1347
5368 5437
9965 6344
9856 1111
1926 2074
7427 4107
3265 3982
9097 9633
857 3427
5388 5950
5637 7218
9001 7973
5789 4407
5997 1113
7732 6620
4952 2663
9489 3197
4718 8515
5356 6242
5467 6912
1472 5494
7052 8030
4004 7074
1212 4604
540 1985
8934 510
3361 3330
6344 8166
1243 6014
4262 6041
6206 4049
7397 6949
4401 5467
4560 754
8492 8876
5904 8282
3466 1692
4796 953
8209 9447
3676 3827
1111 6742
8016 2297
3695 7817
3347 4825
6130 8304
4237 1773
4151 3089
4324 9378
9664 850
8970 1769
4889 3787
5187 5904
2745 7071
1275 2791
4775 3655
1325 7831
8968 319
1250 9159
3400 1879
8366 2515
4956 7783
4593 4837
1091 7983
4092 7446
5151 9227
7048 2048
9249 1709
7460 259
8745 2735
7627 1149
4698 878
4288 9678
1114 9712
9335 490
9031 1949
199 3991
6516 936
9403 337
9113 3809
3635 5174
5743 7563
9557 8712
9076 9180
5765 4800
8654 4880
3575 5040
7780 3149
7078 5519
9940 2953
8014 7516
9022 4883
5578 5536
6294 95
1758 8138
6978 2005
9434 7795
3992 8213
4372 1029
8148 1093
1212 7310
914 1774
9130 4569
8322 7695
9200 6971
8927 3134
4945 6479
3327 6042
2507 6645
8048 3666
323 5462
3072 2545
5778 3946
4039 897
4541 9006
9193 6478
8786 9117
6291 3809
1697 4182
8664 7495
8947 8865
8730 4699
8381 492
8076 2341
7072 8138
122 4910
2265 7145
5187 5819
2713 2570
2573 472
6485 8123
367 8896
7054 2985
9886 65
2405 3418
6569 479
4928 4469
6341 7015
9652 6398
8727 4351
3338 2055
3663 2014
3870 1006
1044 4166
751 9284
7802 4832
1467 2538
5650 3927
3546 2785
3160 6254
4445 4837
9329 6790
7613 8072
8394 4447
4761 578
5460 7340
685 3576
360 6949
9516 1953
554 6706
1555 5429
4799 3777
52 9604
8524 9814
3717 3632
8563 6819
4254 271
5901 7064
4718 7161
5101 531
1573 9315
2053 5100
3481 4952
8549 6403
3002 6787
5011 1070
1493 4865
7150 7313
2358 8426
4091 8092
5893 3741
8376 5394
3657 8347
1272 3781
7894 9503
9903 157
5481 55
3123 9539
6817 8959
8406 9555
665 977
2881 4682
1646 5606
6084 7829
5744 5366
8680 25
7135 4519
3808 4966
4389 5615
7779 6409
5526 9419
2153 107
6927 4408
5387 7495
9316 7666
2338 4159
8050 237
1060 3352
9913 779
2066 8826
8075 662
4145 9746
4608 4375
1942 6860
7169 3281
4461 5834
8684 5759
5254 6098
992 105
9217 1590
6756 1774
8857 5110
9750 6129
7505 4185
1781 4771
9659 4882
1138 6081
1784 6804
5160 6739
7759 8930
866 2185
1633 3805
9050 9374
5883 9124
9342 1613
2387 8503
8276 5627
8305 2563
7279 3285
3764 2752
4387 5176
4541 7549
9022 5205
2804 7509
5370 4383
7414 3535
1771 480
292 4947
8458 388
1133 1184
4866 7267
3546 2269
8942 4171
7709 3265
2642 4862
2752 3227
7905 2717
5537 2926
6671 4139
8695 8603
4100 9488
3256 6848
2043 9673
406 6247
8001 519
5270 1636
3400 2499
1405 2058
2852 1801
6147 2116
5900 6414
1441 2607
3835 907
7361 3164
4445 4902
5932 4823
2423 1811
1141 3265
8250 96
1740 5965
7030 8566
5646 3737
5702 9381
2369 7518
1730 9392
9402 4396
699 5742
9866 6564
6403 2974
8714 6752
8292 6680
1947 2570
1932 1057
2525 9782
3416 6134
9536 4785
8159 9727
7330 1775
6932 8627
9584 1800
7271 1853
8651 859
9850 1609
8350 8233
9149 3927
4560 4219
9233 6120
590 6381
3156 3061
5633 4327
2484 2474
6349 1039
6522 4054
5423 7292
8971 1120
2257 2303
759 918
5950 8494
5895 2889
8495 8445
4979 8737
8644 9753
3158 8727
5240 9557
5849 4489
2447 7476
9949 9990
7894 2906
5339 3654
7541 7946
8683 9099
1438 4972
2181 2557
9142 650
8362 2189
7785 1654
2550 7563
5233 2826
1498 1668
512 5719
589 5107
3010 1617
727 9324
4554 7653
3286 2525
525 4450
6046 5564
2970 3091
4792 693
8133 9170
1915 1408
7377 7286
2331 6883
9812 1855
406 3327
6086 7726
5093 57
2836 3101
2511 7810
1301 2542
6864 2301
8955 1592
1037 2032
5023 2165
3914 2044
6744 8753
801 5774
5201 4696
7466 2514
8795 9774
526 1323
3022 4619
3823 7363
4606 4641
2457 7932
5549 9667
8747 1421
3714 1707
6120 4096
6334 7377
5325 2970
9345 8889
670 2591
4151 6763
7578 9899
145 3824
2377 7632
4549 735
3551 9841
5128 5541
2936 4968
5741 3572
4406 1460
6499 8174
3087 9497
3098 9385
8465 1942
5615 7422
1107 5016
6967 7221
4629 6895
1906 2610
8773 4109
8839 7544
6924 3622
3041 6189
9020 4158
410 3222
3515 2622
8639 3676
8667 3220
3724 8981
7089 7479
4011 1371
1401 166
7958 3109
5222 4979
30 4527
2264 5377
6101 5833
7619 2039
1271 8601
2976 304
9057 6349
3646 7636
3350 1632
2011 8040
6897 110
5118 2145
9700 2648
9122 1918
8756 5315
5236 7794
5494 7804
3033 75
2569 5729
9447 4040
5272 6974
2401 6074
571 3880
9241 6499
4699 7759
5739 5569
3319 7164
9827 8629
5169 5145
738 5976
8501 773
6567 6391
4040 6560
6479 9439
8711 6570
2350 5833
1167 8667
7744 3450
5762 2296
5894 2745
8361 9447
5368 9247
5727 3615
6826 2644
8971 9262
8470 4380
3314 5343
5073 6664
3178 1685
8817 878
420 9752
3068 7534
2058 3771
3266 9385
832 3629
8908 2007
6255 8316
6686 3210
3065 7093
1980 190
8386 8862
3512 5827
7162 6824
6340 3528
648 6580
3548 5289
5752 4157
3117 1962
3517 9637
9974 8870
6981 7430
3313 5056
8559 2903
8935 1033
299 7413
9885 8223
5160 2528
5176 5233
4890 5607
3244 2458
4725 1662
4963 8654
1568 956
8507 2647
5787 5604
8649 3969
6684 3704
435 486
284 3192
9335 2054
9781 9615
9184 1525
9832 1866
626 603
6267 5783
6876 7535
645 2680
9996 2033
3009 9822
7465 9372
259 7934
458 7428
5082 3126
6539 9356
5623 8163
3692 6872
1432 5871
1446 8041
6536 3263
4455 8559
6789 8132
949 858
3258 4219
2116 1122
9490 6214
682 7030
2577 9132
9473 7739
8638 9225
8608 9835
3710 3188
3266 3885
8620 2747
8930 7374
186 4566
4656 6213
3211 6482
9468 6913
8310 1699
9775 4769
5158 2201
5163 8235
9664 9367
1190 5043
3158 4636
199 3102
7789 8382
268 645
2573 5320
2043 4813
9557 722
9234 6769
3697 9391
8217 7456
2866 8222
6156 8050
6742 579
1710 254
4400 4238
3765 1840
6940 2998
7170 5582
6344 4760
1577 3541
5418 9628
5621 6119
40 7813
9082 4069
6480 7424
525 13
7767 1464
7406 7886
4381 4029
327 187
8352 303
5609 1525
751 5724
7509 5188
8822 2340
3586 2897
8886 6027
3549 8002
6573 8864
8198 585
1826 9614
3180 1616
6653 9835
940 847
1846 6343
410 5518
3098 4272
682 5103
1745 8699
4444 3436
5240 9101
6318 2237
8631 2154
1451 2922
875 6840
2660 9110
9093 2571
1852 8416
4855 3358
122 659
8316 7814
4354 5014
2922 5330
9512 6433
9322 7914
8791 7824
5815 4389
8848 2884
5215 1231
7495 1313
7707 4982
9170 6567
1210 3929
2797 833
9077 6546
7404 4738
5021 5930
1690 6269
9467 2100
5281 7673
2514 5526
8460 6889
8227 7598
9847 1699
690 5158
1079 2444
5046 5200
1547 2992
5926 9941
9420 9964
325 7731
4855 86
8301 7589
5036 572
1270 8644
2895 7531
395 1312
8395 3909
6022 7690
7394 1621
2916 2107
9302 3795
3636 3752
4502 1056
2300 9910
3326 2378
9124 6086
9919 9439
1480 5218
2046 2225
4090 2300
5188 7847
3967 8916
2789 2502
3818 2169
3088 5267
37 8032
419 8167
4835 7909
6177 1672
2655 8865
7907 4034
1715 3828
1358 8661
757 3992
5352 1661
8872 6150
482 928
5016 5048
1265 6516
2554 1132
5545 5615
753 6143
4244 9821
2629 5614
6355 7387
2977 8244
4456 8165
14 4904
8017 1929
1519 4585
6901 1379
8573 3838
8820 1544
6771 7771
9738 5085
5629 3648
7525 9973
6615 5146
5683 6478
421 4581
1910 6486
8329 5908
8624 8395
3530 5984
8491 6742
4634 6124
6108 4178
5442 2661
3270 9873
5962 2945
2119 4365
5463 2218
7512 6460
6370 1858
7937 7149
2524 8732
6474 7338
153 1460
9052 4490
3233 7357
3166 8209
252 8195
7741 6671
9695 6841
3629 9258
3266 8408
1080 9599
2795 621
1626 3100
4021 648
4825 3476
6738 5584
1859 417
7592 4173
5761 2829
9139 8009
8433 7215
859 1526
6800 2094
6043 2669
4808 3402
4537 9483
2304 8867
2944 4587
4863 6015
342 8896
2994 541
3466 691
4905 8646
4973 177
6801 5261
7152 8870
8232 1242
8303 1453
589 6588
4391 2797
4469 676
3055 3936
4850 7251
7925 155
5705 9473
8027 4538
6904 8625
2470 3386
7280 6345
2402 1249
1846 1114
7981 9676
9339 6674
7949 2219
9201 8730
8982 7783
7787 6368
1652 4946
9523 9608
8026 1519
3835 4169
1475 8443
8862 5435
7444 7480
7700 7385
1944 4494
9006 3107
8247 5952
5977 3110
9838 819
728 5062
1428 4927
75 2194
5662 9180
8943 2010
8876 9369
9250 8278
607 2358
5858 8584
4392 9259
8204 7720
6955 6108
9192 2314
4982 1179
582 8056
1623 3312
2499 8319
2278 5222
4523 467
7404 7967
3902 5569
1520 15
6130 852
2853 9831
7390 2178
1473 8907
960 766
9573 2681
2255 8657
8554 9327
3291 6500
7788 5899
3945 4057
5210 5552
6374 8886
6699 5824
2060 5520
2444 484
9625 4365
716 5809
6596 6611
6301 9480
8478 7752
1351 7642
1108 5805
3979 7656
7627 6690
7726 5045
4742 9718
5980 3266
8357 5083
3393 4629
3980 712
3556 151
1631 1995
2620 1968
7631 6935
1886 5104
873 6036
6386 590
6287 1556
2720 5915
2446 6905
8330 5507
4058 8677
6715 1536
5168 3097
8671 9224
2714 9512
893 392
4852 2694
9519 1815
480 2979
1879 6344
8215 3617
2308 61
9021 9987
7711 9136
7681 9822
7788 1677
8643 5292
5657 8214
4985 6650
6922 4213
347 1650
2773 7210
5398 4980
7639 431
1444 6154
6563 5718
8000 5884
4709 4604
7193 2864
