1000 2
670 2591
9512 6433
5021 5930
832 3629
4448 5895
3697 9391
2525 9782
5093 57
2720 5915
4890 5607
3835 4169
6715 1536
37 8032
3326 2378
8982 7783
4445 4902
525 13
9093 2571
1573 9315
3556 151
1646 5606
3266 9385
9832 1866
4453 2944
6280 3020
2043 9673
9434 7795
9339 6674
3967 8916
30 4527
3646 7636
5883 9124
4549 735
9402 4396
6251 7171
347 1650
8217 7456
7152 8870
3211 6482
406 6247
2304 8867
2337 8424
6801 5261
14 4904
3676 3827
5236 7794
4826 5991
7525 9973
8048 3666
1646 3195
4400 4238
8133 9170
7295 3888
6177 1672
7052 8030
3158 8727
3945 4057
1190 5043
325 7731
199 3102
2994 541
2804 7509
7895 3029
571 3880
9201 8730
4799 3777
6291 3809
8159 9727
4151 6763
8654 4880
9447 4040
1060 3352
4560 754
6838 21
1879 6344
9519 1815
4456 8165
6120 4096
4444 3436
4537 9483
6370 1858
9113 3809
9584 1800
6864 2301
3663 2014
4541 9006
2944 4587
8756 5315
7279 3285
9557 722
7741 6671
9919 9439
4718 8515
525 4450
992 105
2620 1968
1467 2538
8330 5507
690 5158
8730 4699
969 114
5549 9667
9847 1699
5705 9473
1044 4166
8050 237
2931 1347
5702 9381
4982 1179
3098 4272
3870 1006
1441 2607
5983 7246
7619 2039
8395 5499
9664 9367
6789 8132
4391 2797
3319 7164
6573 8864
6539 9356
3156 3061
2853 9831
9940 2953
3291 6500
4796 953
512 5719
4354 5014
2795 621
5650 3927
8548 4145
40 7813
5368 5437
6940 2998
8076 2341
6924 3622
2264 5377
1479 8666
1446 8041
1275 2791
8316 7814
1493 4865
626 603
9050 9374
1745 8699
3808 4966
2573 5320
5160 2528
1167 8667
7785 1654
1568 956
7925 155
6699 5824
8409 4671
4905 8646
9130 4569
6771 7771
7753 5789
8026 1519
5460 7340
5046 5200
3313 5056
2835 1718
6341 7015
5151 9227
5789 4407
5609 1525
8395 3909
5023 2165
9342 1613
3765 1840
1636 512
5894 2745
9335 2054
8684 5759
1784 6804
5254 6098
9438 5095
9652 6398
6800 2094
8714 6752
6086 7726
682 5103
5240 9557
8839 7544
2577 9132
1891 3328
3759 3539
7427 4107
7780 3149
6267 5783
5463 2218
4244 9821
7639 431
3902 5569
3055 3936
5727 3615
4387 5176
8394 4447
7048 2048
7709 3265
9886 65
4593 4837
9077 6546
8872 6150
9022 5205
1405 2058
6682 3709
145 3824
8680 25
2011 8040
3088 5267
8795 9774
960 766
3270 9873
4979 8737
4167 2859
6344 8166
5011 1070
2916 2107
3065 7093
1184 3912
9557 8712
8817 878
2511 7810
6355 7387
5418 9628
7788 5899
8491 6742
9082 4069
7966 7993
589 5107
5901 7064
1715 3828
1852 8416
2369 7518
8303 1453
6927 4408
9738 5085
1419 3190
2446 6905
9750 6129
5168 3097
3992 8213
3551 9841
1826 9614
1942 6860
5708 1079
6344 4760
728 5062
3692 6872
3724 8981
4775 3655
4151 3089
5997 1113
6756 1774
6560 1078
3466 1692
4956 7783
2447 7476
5787 5604
5662 9180
2331 6883
1652 4946
5325 2970
3512 5827
4406 1460
1520 15
3575 5040
8876 9369
5352 1661
8773 4109
9031 1949
7414 3535
6242 9526
3764 2752
7135 4519
410 3222
8947 8865
9812 1855
4011 1371
8624 8395
9192 2314
4606 4641
2387 8503
7377 7286
2066 8826
4835 7909
7958 3109
2524 8732
410 5518
4608 4375
6340 3528
3548 5289
1107 5016
6318 2237
5905 4864
5201 4696
5761 2829
8198 585
6101 5833
2713 2570
7512 6460
2573 472
3416 6134
8620 2747
4792 693
299 7413
9523 9608
9573 2681
6213 213
4336 5730
5454 6583
480 2979
554 6706
9965 6344
1980 190
1626 3100
3979 7656
2470 3386
8970 1769
5932 4823
8644 9753
4554 7653
3638 2202
8942 4171
940 847
4090 2300
1710 254
8232 1242
6396 8126
4381 4029
751 9284
3400 2499
3586 2897
8971 9262
8495 8445
8695 8603
4324 9378
8014 7516
4004 7074
3274 7534
1758 8138
8727 4351
1480 5218
5980 3266
6249 534
5082 3126
6022 7690
5815 4389
5398 4980
7578 9899
2621 9982
9695 6841
5537 2926
1547 2992
9575 7772
8638 9225
8322 7695
6901 1379
8348 1830
6826 2644
3098 9385
4618 8767
757 3992
3123 9539
9700 2648
7489 5689
7480 246
419 8167
1017 2881
6684 3704
1690 6269
5621 6119
4725 1662
5118 2145
8955 1592
7627 1149
8227 7598
5615 7422
1947 2570
8001 519
5160 6739
6156 8050
1697 4182
9913 779
6516 936
9097 9633
8361 9447
5889 675
3481 4952
7707 4982
4039 897
2642 4862
665 977
1915 1408
9193 6478
6386 590
8664 7495
8329 5908
5368 9247
3695 7817
5646 3737
7711 9136
7907 4034
7089 7479
1338 9231
8934 510
6569 479
526 1323
5657 8214
5637 7218
4863 6015
8908 2007
5415 3986
607 5687
2660 9110
9420 9964
1438 4972
6480 7424
7894 9503
738 5976
4209 236
8017 1929
540 1985
7744 3450
1271 8601
8848 2884
6403 2974
1114 9712
1265 6516
7592 4173
3361 3330
2773 7210
9076 9180
4848 9462
7169 3281
9052 4490
9625 4365
6596 6611
8301 7589
8501 773
5578 5536
1519 4585
7802 4832
2046 2225
5215 1231
2507 6645
9781 9615
9156 9403
4487 7354
7712 9100
4237 1773
7361 3164
9021 9987
3258 4219
4091 8092
1633 3805
7072 8138
2922 5330
8745 2735
2699 1877
6147 2116
8027 4538
8786 7706
6978 2005
5904 8282
4816 3610
75 2194
9124 6086
3158 4636
5101 531
7193 2864
5163 8235
3244 2458
7787 6368
4761 578
5423 7292
1325 7831
8786 9117
4874 249
4808 3402
8683 9099
5629 3648
6615 5146
8209 9447
4560 4219
5545 5615
4145 9746
648 6580
9473 7739
5900 6414
9233 6120
8432 7992
8458 388
5683 6478
4945 6479
8820 1544
1212 7310
6433 2790
5210 5552
3266 3885
8362 2189
5895 2889
7627 6690
4634 6124
6108 4178
5741 3572
4852 2694
8573 3838
4455 8559
1108 5805
5187 5904
420 9752
4469 676
5778 3946
6345 103
5962 2945
3346 3453
2424 7429
5623 8163
8112 1739
865 6420
4699 7759
2358 8426
2402 1249
582 8056
4445 4837
3178 1685
252 8195
4100 9488
949 858
2377 7632
7949 2219
7981 9676
1401 166
5752 4157
9866 6564
362 2076
8292 6680
2119 4365
7054 2985
482 928
5977 3110
6485 8123
9489 3197
4629 6895
1846 1114
4855 86
342 8896
1272 3781
3710 3188
8822 2340
8352 303
8374 5386
8350 8233
9139 8009
6334 7377
5176 5233
7078 5519
4742 9718
9316 7666
3714 1707
2401 6074
186 4566
2308 61
8608 9835
4369 9487
8639 3676
8649 3969
2499 8319
1428 4927
1079 2444
122 4910
5073 6664
751 5724
4541 7549
5169 5145
9250 8278
7150 7313
2423 1811
1926 2074
1730 9392
3980 712
5633 4327
6479 9439
2405 3418
2522 4504
8643 5292
3033 75
6686 3210
4709 4604
9490 6214
8651 859
1444 6154
759 918
8935 1033
685 3576
2881 4682
9885 8223
6671 4139
7547 8938
9949 9990
327 187
9322 7914
8204 7720
875 6840
2153 107
9001 7973
7779 6409
3022 4619
8366 2515
2514 5526
5339 3654
3635 5174
2662 2741
9403 337
3393 4629
5272 6974
7271 1853
1475 8443
6130 852
2043 4813
6202 5981
2936 4968
8247 5952
914 1774
8968 319
9259 395
6084 7829
3466 691
5739 5569
4698 878
259 7934
6744 8753
7162 6824
3010 1617
699 5742
6681 1001
5744 5366
9200 6971
2329 3007
8386 8862
3338 2055
7465 9372
2629 5614
4850 7251
3657 8347
4866 7267
395 1312
2255 8657
5893 3741
1250 9159
3823 7363
1771 480
4040 6560
6374 8886
8310 1699
645 2680
6757 2203
4825 3476
4523 467
5356 6242
9664 850
7460 259
5158 2201
9217 1590
2976 304
4092 7446
8381 492
2569 5729
7505 4185
7541 7946
4468 3852
5233 2826
4372 1029
3286 2525
7390 2178
3629 9258
199 3991
4928 4469
4392 9259
7917 4227
2053 5100
9184 1525
8631 2154
3180 1616
5467 6912
9677 8947
7030 8566
3265 3982
3087 9497
4502 1056
7724 5516
8215 3617
893 392
3041 6189
8862 5435
458 7428
1824 47
7466 2514
590 6381
9329 6790
4288 9678
4973 177
2278 5222
122 659
857 3427
1498 1668
7170 5582
4952 2663
6567 6391
6738 5584
2350 5833
7930 2765
3068 7534
3327 6042
8612 1433
9142 650
2797 833
5858 8584
9335 490
7894 2906
2484 2474
6499 8174
1846 6343
7495 1313
1623 3312
5926 9941
7732 6620
4032 6052
1301 2542
1138 6081
2554 1132
6287 1556
2895 7531
9467 2100
1091 7983
323 5462
360 6949
6769 4805
1212 4604
9659 4882
8747 1421
8376 5394
1886 5104
6043 2669
7280 6345
5388 5950
3546 2269
8559 2903
8886 6027
8492 8876
4401 5467
3350 1632
1684 9812
2745 7071
6876 7535
5222 4979
5950 8494
5743 7563
9536 4785
6656 843
421 4581
52 9604
9234 6769
7789 8382
4855 3358
7406 7886
1577 3541
8972 2453
1111 6742
3549 8002
8554 9327
3400 1879
8711 6570
6645 5150
5370 4383
1473 8907
7700 7385
1351 7642
3717 3632
9974 8870
8549 6403
6046 5564
6904 8625
7631 6935
3515 2622
8588 4984
589 6588
5481 55
1141 3265
5849 4489
1243 6014
7728 7390
3517 9637
3233 7357
2116 1122
8927 3134
4476 3873
2852 1801
6817 8959
7995 885
9903 157
8524 9814
7330 1775
9345 8889
5765 4800
1631 1995
801 5774
3347 4825
8075 662
6349 1039
367 8896
1210 3929
1480 3079
3530 5984
607 2358
2181 2557
2058 3771
4058 8677
8250 96
1080 9599
5526 9419
5762 2296
2714 9512
7759 8930
1270 8644
3009 9822
4985 6650
866 2185
7905 2717
4656 6213
9249 1709
859 1526
62 9506
1740 5965
8791 7824
9120 1111
7842 2873
8953 9934
2474 2882
727 9324
4262 6041
5387 7495
8000 5884
1451 2922
8628 8958
3977 5097
1432 5871
8148 1093
8507 2647
435 486
406 3327
9838 819
5494 7804
5036 572
5442 2661
7394 1621
2550 7563
9827 8629
3160 6254
9468 6913
4254 271
2866 8222
292 4947
2435 2785
8465 1942
4571 3051
1268 9498
9996 2033
8460 6889
2257 2303
6932 8627
2338 4159
882 2359
6922 4213
1133 1184
1910 6486
1932 1057
8857 5110
7404 4738
753 6143
3117 9609
7613 8072
5844 1715
6301 9480
9516 1953
9843 8081
3166 8209
2970 3091
6967 7221
9850 1609
6897 110
3256 6848
2678 3983
9057 6349
9020 4158
6981 7430
153 1460
5128 5541
4021 648
5187 5819
4889 3787
3638 4268
8470 4380
8930 7374
5281 7673
8667 3220
9149 3927
6653 9835
8799 8859
7726 5045
2836 3101
9006 3107
7397 6949
9022 4883
1140 5641
6536 3263
3072 2545
5392 479
2752 3227
9775 4769
1859 417
2265 7145
1781 4771
9089 2293
3818 2169
8276 5627
8563 6819
4963 8654
6474 7338
6130 8304
5270 1636
1358 8661
268 645
9302 3795
6742 579
2300 9910
3117 1962
8681 4161
2789 2502
6294 95
7404 7967
9241 6499
1555 5429
6522 4054
8357 5083
3546 2785
8671 9224
716 5809
682 7030
7444 7480
1276 9832
1944 4494
9856 1111
9567 1495
8971 1120
7788 1677
6955 6108
2060 5520
873 6036
4461 5834
8433 7215
3487 5387
1472 5494
8406 9555
8016 2297
8943 2010
4389 5615
8478 7752
3002 6787
3266 8408
2047 7290
5240 9101
3314 5343
8305 2563
5016 5048
7681 9822
1037 2032
2655 8865
2457 7932
4144 9543
6206 4049
7767 1464
9122 1918
3636 3752
6563 5718
284 3192
5188 7847
4718 7161
3835 907
3914 2044
2977 8244
6255 8316
7509 5188
9170 6567
1906 2610
7937 7149
2444 484
