1000 2
607 5687
8649 3969
7639 431
4254 271
299 7413
2423 1811
1419 3190
5895 2889
3764 2752
1926 2074
5368 9247
582 8056
410 5518
4855 86
5368 5437
9335 2054
1268 9498
2977 8244
3638 4268
2944 4587
421 4581
4826 5991
1270 8644
6904 8625
1044 4166
406 6247
8639 3676
8017 1929
5950 8494
8027 4538
1276 9832
893 392
525 13
9473 7739
873 6036
8971 1120
5889 675
9316 7666
1824 47
5743 7563
7724 5516
1944 4494
6301 9480
2994 541
3022 4619
5932 4823
2895 7531
2444 484
5281 7673
8624 8395
4541 7549
8972 2453
969 114
3629 9258
6560 1078
6084 7829
1480 3079
2358 8426
540 1985
5240 9557
145 3824
1942 6860
6715 1536
801 5774
3710 3188
5168 3097
1519 4585
8947 8865
7619 2039
9775 4769
6817 8959
2789 2502
6251 7171
3002 6787
1568 956
4389 5615
4262 6041
6344 8166
3546 2269
9850 1609
6569 479
9006 3107
3346 3453
3636 3752
5160 2528
2058 3771
3010 1617
3717 3632
420 9752
3087 9497
9866 6564
6924 3622
4469 676
4855 3358
4167 2859
8683 9099
2699 1877
7958 3109
7054 2985
4151 3089
9120 1111
6242 9526
9122 1918
6801 5261
8612 1433
9057 6349
3266 9385
3313 5056
9557 8712
327 187
1852 8416
2795 621
8548 4145
4444 3436
5526 9419
949 858
2507 6645
6686 3210
2484 2474
2338 4159
7937 7149
5657 8214
8955 1592
3517 9637
8458 388
6101 5833
9139 8009
4021 648
1265 6516
7394 1621
3556 151
2457 7932
4372 1029
9468 6913
8773 4109
7707 4982
738 5976
5387 7495
6340 3528
4799 3777
8664 7495
8573 3838
3327 6042
2525 9782
9021 9987
1358 8661
7592 4173
5787 5604
992 105
5977 3110
3158 8727
9184 1525
6756 1774
8076 2341
3870 1006
3338 2055
5352 1661
2881 4682
2331 6883
9097 9633
7162 6824
8638 9225
4560 4219
6370 1858
8501 773
8395 5499
2047 7290
7414 3535
3546 2785
6249 534
122 4910
6656 843
9885 8223
8159 9727
6086 7726
6826 2644
2043 4813
3765 1840
8432 7992
7842 2873
6108 4178
7788 1677
7460 259
1479 8666
8276 5627
6567 6391
690 5158
3657 8347
4336 5730
2554 1132
590 6381
8381 492
4209 236
3967 8916
1111 6742
682 7030
5629 3648
8588 4984
2264 5377
5752 4157
5233 2826
1915 1408
6499 8174
5578 5536
9519 1815
6294 95
1730 9392
8820 1544
8361 9447
6800 2094
7404 4738
9664 850
5187 5904
8148 1093
1646 5606
6334 7377
122 659
4985 6650
7894 2906
2573 5320
2066 8826
6757 2203
6671 4139
8631 2154
5646 3737
9089 2293
5254 6098
5176 5233
4725 1662
3697 9391
3258 4219
7480 246
9001 7973
7505 4185
7728 7390
9402 4396
9142 650
9652 6398
1547 2992
4656 6213
5423 7292
9217 1590
2470 3386
6485 8123
2976 304
7465 9372
2629 5614
727 9324
4928 4469
7726 5045
2916 2107
1636 512
3635 5174
8478 7752
6516 936
2797 833
3835 907
4816 3610
8971 9262
882 2359
1947 2570
14 4904
859 1526
6433 2790
9420 9964
1250 9159
4629 6895
2577 9132
7949 2219
7802 4832
8374 5386
1401 166
4144 9543
3160 6254
4874 249
2304 8867
5727 3615
6536 3263
5325 2970
2447 7476
8786 9117
8000 5884
3009 9822
6771 7771
8491 6742
2257 2303
2752 3227
4387 5176
7767 1464
40 7813
3818 2169
6563 5718
1441 2607
5210 5552
3072 2545
4634 6124
5621 6119
7525 9973
4698 878
8352 303
6615 5146
6539 9356
8886 6027
512 5719
342 8896
9490 6214
1745 8699
419 8167
6130 852
8386 8862
9082 4069
4448 5895
5901 7064
5633 4327
323 5462
1784 6804
406 3327
1626 3100
8250 96
4058 8677
8862 5435
3530 5984
2804 7509
7279 3285
1846 1114
4709 4604
2308 61
52 9604
2181 2557
7700 7385
5894 2745
4244 9821
5844 1715
8330 5507
2350 5833
3466 691
8395 3909
2922 5330
6522 4054
9259 395
6206 4049
5893 3741
9438 5095
6967 7221
7787 6368
4145 9746
8112 1739
3466 1692
3714 1707
6046 5564
2405 3418
8795 9774
8495 8445
2655 8865
3347 4825
2424 7429
6789 8132
8747 1421
4956 7783
5187 5819
6120 4096
5163 8235
1107 5016
7150 7313
5011 1070
2853 9831
6474 7338
6573 8864
6838 21
2714 9512
9856 1111
6955 6108
1473 8907
1846 6343
751 5724
8745 2735
5609 1525
8839 7544
8563 6819
6901 1379
1017 2881
5093 57
6480 7424
6645 5150
6156 8050
9625 4365
8681 4161
5997 1113
2474 2882
6653 9835
9812 1855
9156 9403
6213 213
4004 7074
3314 5343
6177 1672
5398 4980
3914 2044
5708 1079
589 6588
7788 5899
5236 7794
1758 8138
5905 4864
5021 5930
268 645
1910 6486
5739 5569
9575 7772
8684 5759
8460 6889
3319 7164
9965 6344
7048 2048
7744 3450
4618 8767
857 3427
8848 2884
7789 8382
6202 5981
1467 2538
7072 8138
9170 6567
4963 8654
7759 8930
8727 4351
3041 6189
1271 8601
8876 9369
4151 6763
3586 2897
5454 6583
9919 9439
4288 9678
8651 859
2522 4504
6922 4213
2773 7210
5073 6664
670 2591
9584 1800
8465 1942
5494 7804
5650 3927
7925 155
6699 5824
3326 2378
9020 4158
7741 6671
8310 1699
8050 237
1573 9315
7627 1149
5240 9101
914 1774
8654 4880
2936 4968
5356 6242
5128 5541
2524 8732
4091 8092
4040 6560
5778 3946
1623 3312
4699 7759
940 847
6744 8753
9201 8730
3481 4952
9124 6086
3945 4057
1980 190
1272 3781
3088 5267
2053 5100
8822 2340
9249 1709
3156 3061
3548 5289
7404 7967
757 3992
1633 3805
7271 1853
7578 9899
7390 2178
5744 5366
9200 6971
2043 9673
1243 6014
9342 1613
8322 7695
8799 8859
4554 7653
1555 5429
9700 2648
1631 1995
2119 4365
1138 6081
9695 6841
8026 1519
5201 4696
3676 3827
8133 9170
9949 9990
8209 9447
9886 65
1080 9599
5926 9941
3759 3539
3808 4966
6396 8126
1781 4771
960 766
9827 8629
9738 5085
3695 7817
5883 9124
4796 953
1275 2791
7509 5188
3551 9841
1212 4604
5615 7422
4541 9006
7966 7993
4456 8165
1190 5043
9234 6769
5849 4489
5339 3654
6738 5584
9489 3197
1475 8443
199 3991
554 6706
5702 9381
2300 9910
7779 6409
8857 5110
5980 3266
9233 6120
3902 5569
4324 9378
8791 7824
4090 2300
4889 3787
5101 531
8303 1453
1060 3352
4476 3873
2642 4862
1684 9812
3646 7636
1932 1057
4445 4837
8756 5315
2402 1249
8942 4171
1826 9614
2337 8424
685 3576
2866 8222
3098 9385
2550 7563
1498 1668
3158 4636
8667 3220
9913 779
6981 7430
1405 2058
1690 6269
589 5107
865 6420
5392 479
7541 7946
9345 8889
832 3629
8680 25
4092 7446
252 8195
6341 7015
8943 2010
75 2194
2852 1801
9093 2571
4606 4641
8227 7598
4502 1056
682 5103
1444 6154
8204 7720
8927 3134
410 3222
6479 9439
7170 5582
5463 2218
480 2979
8350 8233
7280 6345
4011 1371
1710 254
8376 5394
9974 8870
7981 9676
8908 2007
9022 4883
875 6840
1446 8041
525 4450
4852 2694
2401 6074
3244 2458
4453 2944
8247 5952
7397 6949
7427 4107
4825 3476
2387 8503
1338 9231
6897 110
6345 103
3823 7363
8643 5292
7681 9822
3178 1685
6287 1556
9843 8081
753 6143
1451 2922
9322 7914
4945 6479
6940 2998
8711 6570
5741 3572
759 918
7917 4227
1428 4927
5442 2661
435 486
8292 6680
5415 3986
2678 3983
9113 3809
3286 2525
1906 2610
7030 8566
6927 4408
2446 6905
3098 4272
8934 510
8968 319
3055 3936
5900 6414
5036 572
3575 5040
665 977
1140 5641
7361 3164
9031 1949
1432 5871
1438 4972
5481 55
9557 722
1859 417
1771 480
2662 2741
5762 2296
7753 5789
8620 2747
8817 878
7785 1654
2569 5729
9052 4490
3270 9873
6596 6611
2836 3101
7406 7886
6255 8316
6130 8304
2116 1122
4560 754
716 5809
9241 6499
4468 3852
1577 3541
8549 6403
3512 5827
9192 2314
2713 2570
1114 9712
6374 8886
7078 5519
7169 3281
4718 8515
6344 4760
4571 3051
2278 5222
5370 4383
9567 1495
3487 5387
367 8896
1740 5965
6349 1039
8872 6150
8014 7516
4400 4238
8695 8603
6147 2116
5662 9180
6742 579
6318 2237
3416 6134
5158 2201
7295 3888
648 6580
7444 7480
8492 8876
5683 6478
2255 8657
1301 2542
5761 2829
8232 1242
1652 4946
3638 2202
3549 8002
7930 2765
7631 6935
9996 2033
7330 1775
7613 8072
5023 2165
7512 6460
3350 1632
153 1460
1079 2444
2835 1718
9050 9374
7466 2514
1091 7983
8671 9224
62 9506
1212 7310
645 2680
8507 2647
7907 4034
8001 519
3117 9609
9076 9180
1646 3195
2931 1347
2499 8319
6978 2005
5904 8282
7627 6690
9193 6478
5160 6739
6022 7690
9335 490
8198 585
8953 9934
2265 7145
2435 2785
4401 5467
5270 1636
199 3102
3835 4169
9339 6674
2329 3007
8409 4671
5016 5048
3515 2622
4775 3655
1325 7831
1697 4182
4890 5607
186 4566
9434 7795
9130 4569
3393 4629
6403 2974
7995 885
5082 3126
8714 6752
4461 5834
5215 1231
8215 3617
4866 7267
8554 9327
2060 5520
6682 3709
3233 7357
5962 2945
6864 2301
626 603
4487 7354
5418 9628
7780 3149
4354 5014
6355 7387
5118 2145
4237 1773
5046 5200
5789 4407
6932 8627
4455 8559
2514 5526
7712 9100
699 5742
3266 8408
1472 5494
8357 5083
4973 177
7089 7479
6291 3809
7894 9503
8786 7706
292 4947
7905 2717
4792 693
9302 3795
7732 6620
4537 9483
8470 4380
8316 7814
7709 3265
5222 4979
7489 5689
4835 7909
5765 4800
4032 6052
8348 1830
1184 3912
3692 6872
3663 2014
37 8032
2511 7810
9149 3927
6267 5783
3265 3982
9447 4040
3977 5097
3266 3885
7135 4519
8305 2563
362 2076
9250 8278
8608 9835
4982 1179
5537 2926
7152 8870
2720 5915
3033 75
7377 7286
3724 8981
3979 7656
1715 3828
5388 5950
5815 4389
4979 8737
8217 7456
8394 4447
5858 8584
7052 8030
866 2185
8970 1769
3274 7534
482 928
1493 4865
8362 2189
3291 6500
9523 9608
458 7428
8628 8958
1480 5218
9903 157
360 6949
3992 8213
1133 1184
4445 4902
9077 6546
5983 7246
7711 9136
5637 7218
2153 107
4392 9259
3361 3330
325 7731
5467 6912
1210 3929
5188 7847
9659 4882
1037 2032
728 5062
1891 3328
5460 7340
7547 8938
395 1312
8329 5908
8559 2903
8075 662
4039 897
347 1650
6876 7535
9940 2953
607 2358
6684 3704
30 4527
5549 9667
3068 7534
8016 2297
2970 3091
259 7934
4850 7251
9516 1953
4761 578
9329 6790
9832 1866
4100 9488
8301 7589
8982 7783
4391 2797
2745 7071
9781 9615
2369 7518
4523 467
4718 7161
8730 4699
9847 1699
2620 1968
8048 3666
3256 6848
3166 8209
9022 5205
6681 1001
2011 8040
9536 4785
8935 1033
5272 6974
2377 7632
3400 1879
1167 8667
4848 9462
284 3192
9403 337
5705 9473
6769 4805
5623 8163
3180 1616
8644 9753
9573 2681
9677 8947
9467 2100
3211 6482
4406 1460
4905 8646
1141 3265
4863 6015
4381 4029
751 9284
5545 5615
1108 5805
1520 15
9512 6433
3117 1962
7193 2864
4549 735
3065 7093
6280 3020
5169 5145
5151 9227
4742 9718
8406 9555
1886 5104
4952 2663
4369 9487
4808 3402
2573 472
1879 6344
4593 4837
3123 9539
8930 7374
3400 2499
7495 1313
7895 3029
526 1323
8524 9814
2621 9982
9838 819
2046 2225
8366 2515
571 3880
8433 7215
6043 2669
3980 712
4608 4375
9664 9367
9750 6129
6386 590
2660 9110
1351 7642
