1000 2
3695 7817
8016 2297
6156 8050
6955 6108
5233 2826
6344 4760
1446 8041
5615 7422
9001 7973
1428 4927
5352 1661
1555 5429
6516 936
1886 5104
2499 8319
7078 5519
1351 7642
5633 4327
3319 7164
268 645
9664 9367
648 6580
4796 953
2554 1132
5128 5541
8470 4380
3274 7534
7397 6949
1270 8644
435 486
3466 691
969 114
7377 7286
6536 3263
9200 6971
2046 2225
9021 9987
8276 5627
4952 2663
6046 5564
1037 2032
8872 6150
645 2680
8730 4699
9812 1855
5778 3946
6130 852
9940 2953
3098 4272
6108 4178
7802 4832
1210 3929
3870 1006
7779 6409
8491 6742
3117 1962
6656 843
589 5107
3166 8209
8631 2154
1190 5043
6206 4049
3098 9385
7444 7480
30 4527
4835 7909
2936 4968
1710 254
1910 6486
9249 1709
4455 8559
4855 3358
5176 5233
9850 1609
8786 7706
8862 5435
8773 4109
8301 7589
3546 2785
5215 1231
2678 3983
2011 8040
4151 3089
9006 3107
4502 1056
3636 3752
9913 779
1473 8907
1044 4166
8366 2515
4560 754
7907 4034
3638 4268
1441 2607
9156 9403
8492 8876
37 8032
6130 8304
1250 9159
2655 8865
9781 9615
2621 9982
9447 4040
6291 3809
2789 2502
7937 7149
362 2076
153 1460
4698 878
2484 2474
2866 8222
3724 8981
9250 8278
9996 2033
1879 6344
699 5742
1479 8666
8857 5110
3914 2044
2377 7632
9076 9180
4336 5730
4905 8646
3327 6042
1646 5606
9473 7739
8935 1033
5163 8235
8316 7814
8644 9753
2577 9132
2300 9910
4850 7251
5609 1525
7639 431
8727 4351
5983 7246
9139 8009
199 3102
5168 3097
8217 7456
682 5103
7613 8072
1646 3195
1467 2538
7744 3450
1325 7831
5046 5200
2620 1968
2752 3227
8971 1120
4324 9378
7169 3281
4656 6213
9217 1590
960 766
5545 5615
1405 2058
8198 585
5281 7673
1740 5965
554 6706
199 3991
2699 1877
3211 6482
1475 8443
5762 2296
665 977
5537 2926
5423 7292
8433 7215
7052 8030
3009 9822
1781 4771
3517 9637
2660 9110
6301 9480
4979 8737
6615 5146
2358 8426
3266 9385
3551 9841
3350 1632
5387 7495
8711 6570
3266 3885
1730 9392
3835 907
3041 6189
5210 5552
5621 6119
4237 1773
5151 9227
3270 9873
8955 1592
7895 3029
9122 1918
4209 236
7330 1775
8395 5499
2470 3386
4461 5834
3361 3330
8017 1929
9077 6546
2338 4159
5118 2145
7048 2048
7193 2864
8322 7695
9827 8629
2895 7531
5368 9247
5481 55
4288 9678
2835 1718
4032 6052
2881 4682
5962 2945
6334 7377
8643 5292
5765 4800
6742 579
6927 4408
992 105
5270 1636
8671 9224
9201 8730
3548 5289
1626 3100
3967 8916
2446 6905
5187 5904
7578 9899
2836 3101
4254 271
3530 5984
8395 3909
145 3824
323 5462
8747 1421
5849 4489
7726 5045
3265 3982
3347 4825
6213 213
6904 8625
8667 3220
4718 7161
2060 5520
5392 479
3663 2014
6403 2974
1138 6081
9843 8081
3393 4629
2444 484
5789 4407
3635 5174
8409 4671
1915 1408
9625 4365
9402 4396
6539 9356
1636 512
728 5062
6686 3210
2423 1811
419 8167
9974 8870
6318 2237
4956 7783
5743 7563
9022 5205
8942 4171
2331 6883
1826 9614
3088 5267
5442 2661
1852 8416
9567 1495
5761 2829
1184 3912
458 7428
5739 5569
3697 9391
8112 1739
4541 7549
4167 2859
3033 75
9557 8712
8076 2341
9342 1613
9467 2100
6374 8886
7711 9136
685 3576
8232 1242
2053 5100
6084 7829
8930 7374
5905 4864
8970 1769
5702 9381
7489 5689
1577 3541
9259 395
9965 6344
8745 2735
9093 2571
2713 2570
4799 3777
5997 1113
75 2194
8329 5908
1906 2610
8554 9327
9142 650
6255 8316
1846 1114
3158 4636
1079 2444
9316 7666
5023 2165
882 2359
5844 1715
2119 4365
6479 9439
2977 8244
7465 9372
2714 9512
8507 2647
1947 2570
7152 8870
5883 9124
1432 5871
3002 6787
4456 8165
2424 7429
5705 9473
873 6036
4618 8767
3764 2752
9750 6129
3266 8408
9050 9374
2629 5614
5744 5366
3233 7357
4889 3787
8573 3838
4629 6895
1697 4182
3416 6134
1444 6154
8786 9117
8612 1433
1520 15
7981 9676
4709 4604
2257 2303
5889 675
3400 1879
9659 4882
4973 177
8683 9099
1419 3190
3117 9609
8352 303
7404 7967
5101 531
7767 1464
3156 3061
9575 7772
4571 3051
1438 4972
4775 3655
8876 9369
5093 57
8027 4538
2474 2882
5254 6098
6474 7338
1932 1057
1212 7310
5356 6242
7842 2873
9652 6398
3808 4966
367 8896
4391 2797
1623 3312
9241 6499
6596 6611
3549 8002
2922 5330
7894 2906
1451 2922
7030 8566
8934 510
4634 6124
8714 6752
9700 2648
4549 735
690 5158
9020 4158
6684 3704
7404 4738
8460 6889
607 2358
6682 3709
2994 541
3466 1692
7505 4185
6345 103
8204 7720
1926 2074
4742 9718
4058 8677
7427 4107
6756 1774
1942 6860
2853 9831
9438 5095
5646 3737
7905 2717
7466 2514
3256 6848
4848 9462
9738 5085
8972 2453
122 4910
525 13
2720 5915
1493 4865
7785 1654
8799 8859
7295 3888
8159 9727
2304 8867
6251 7171
3515 2622
2058 3771
5741 3572
4092 7446
8432 7992
9489 3197
4866 7267
9403 337
5011 1070
4554 7653
1715 3828
9097 9633
8839 7544
9335 2054
8001 519
6876 7535
8148 1093
5463 2218
7627 6690
525 4450
1652 4946
8664 7495
9573 2681
406 6247
8953 9934
8820 1544
2573 472
4392 9259
7631 6935
5657 8214
9847 1699
7280 6345
526 1323
4354 5014
4825 3476
5187 5819
3818 2169
420 9752
759 918
4855 86
9677 8947
410 3222
1141 3265
8310 1699
6043 2669
7162 6824
727 9324
2405 3418
6567 6391
342 8896
6681 1001
5904 8282
4945 6479
2337 8424
1133 1184
40 7813
4487 7354
5549 9667
299 7413
893 392
14 4904
670 2591
3676 3827
8549 6403
2043 4813
751 9284
2804 7509
3313 5056
9335 490
4091 8092
2795 621
8654 4880
4021 648
3657 8347
9512 6433
2944 4587
4725 1662
5932 4823
3123 9539
2435 2785
4469 676
8588 4984
2507 6645
252 8195
3575 5040
1212 4604
3072 2545
6355 7387
738 5976
5623 8163
2916 2107
2514 5526
857 3427
2970 3091
2745 7071
7547 8938
1684 9812
2043 9673
6120 4096
6924 3622
8478 7752
6771 7771
7460 259
1108 5805
8639 3676
5460 7340
6485 8123
6242 9526
5494 7804
4606 4641
8620 2747
2369 7518
7958 3109
940 847
5727 3615
8608 9835
2350 5833
6699 5824
122 659
7788 1677
832 3629
4039 897
3945 4057
7619 2039
52 9604
2525 9782
7495 1313
5926 9941
5082 3126
2308 61
2511 7810
6826 2644
9170 6567
8247 5952
3244 2458
9234 6769
5662 9180
8624 8395
2255 8657
406 3327
3291 6500
7525 9973
5236 7794
1060 3352
62 9506
1265 6516
7925 155
5021 5930
3068 7534
3765 1840
7949 2219
6978 2005
8548 4145
5980 3266
9468 6913
8048 3666
6573 8864
2153 107
9885 8223
4718 8515
9031 1949
9490 6214
347 1650
582 8056
4593 4837
6897 110
8376 5394
6715 1536
9557 722
6838 21
6653 9835
9434 7795
8330 5507
8822 2340
9192 2314
6560 1078
4985 6650
716 5809
2181 2557
1140 5641
4963 8654
4852 2694
9089 2293
4537 9483
5629 3648
4151 6763
6981 7430
4874 249
540 1985
7780 3149
6341 7015
1784 6804
9886 65
9903 157
7627 1149
3178 1685
6901 1379
859 1526
6480 7424
3180 1616
5073 6664
3487 5387
2066 8826
8968 319
4387 5176
410 5518
7753 5789
7592 4173
3158 8727
4928 4469
5160 2528
751 5724
8215 3617
2976 304
5240 9101
5325 2970
949 858
7917 4227
8756 5315
4406 1460
6340 3528
5526 9419
1480 3079
8886 6027
7390 2178
5339 3654
8361 9447
9832 1866
3010 1617
8501 773
8014 7516
8628 8958
1631 1995
7135 4519
1980 190
1401 166
4982 1179
5398 4980
7406 7886
3586 2897
8000 5884
2329 3007
512 5719
4244 9821
6563 5718
3714 1707
4523 467
801 5774
8559 2903
6344 8166
1480 5218
8791 7824
7995 885
5467 6912
327 187
3346 3453
4560 4219
8209 9447
5169 5145
9082 4069
2402 1249
259 7934
1745 8699
3823 7363
4401 5467
5454 6583
8227 7598
5240 9557
1271 8601
2387 8503
8795 9774
3556 151
5858 8584
5893 3741
9302 3795
2773 7210
3759 3539
1547 2992
1272 3781
8695 8603
4011 1371
7271 1853
9124 6086
4808 3402
3512 5827
5650 3927
1758 8138
8133 9170
2447 7476
7709 3265
5201 4696
6769 4805
6499 8174
5272 6974
3629 9258
5637 7218
5977 3110
1824 47
9536 4785
3258 4219
8638 9225
6569 479
1107 5016
3065 7093
6249 534
9523 9608
9322 7914
3326 2378
292 4947
7072 8138
7930 2765
7054 2985
8908 2007
7966 7993
4448 5895
2569 5729
1301 2542
4372 1029
8465 1942
5418 9628
753 6143
1017 2881
6280 3020
1091 7983
3977 5097
5415 3986
6738 5584
8348 1830
5901 7064
8458 388
1268 9498
914 1774
2524 8732
6433 2790
4445 4902
6101 5833
6022 7690
3160 6254
5388 5950
5036 572
2457 7932
6396 8126
1338 9231
6147 2116
6757 2203
5683 6478
9856 1111
8303 1453
5752 4157
4090 2300
7681 9822
6800 2094
8495 8445
8651 859
4468 3852
9838 819
8075 662
7089 7479
7480 246
395 1312
186 4566
9519 1815
4476 3873
6922 4213
9052 4490
3481 4952
8943 2010
866 2185
3546 2269
4816 3610
1472 5494
8374 5386
1276 9832
8982 7783
7759 8930
2278 5222
875 6840
6386 590
284 3192
8524 9814
8649 3969
5815 4389
4144 9543
3992 8213
8406 9555
589 6588
7789 8382
8563 6819
1519 4585
7712 9100
8947 8865
4389 5615
4453 2944
5222 4979
5895 2889
6086 7726
8250 96
3835 4169
590 6381
4400 4238
9329 6790
5708 1079
421 4581
7279 3285
2265 7145
6940 2998
2797 833
4608 4375
9775 4769
1690 6269
3902 5569
9233 6120
9420 9964
4381 4029
6370 1858
6789 8132
5950 8494
9057 6349
6287 1556
626 603
8357 5083
3692 6872
9919 9439
1846 6343
1114 9712
2642 4862
2573 5320
1275 2791
9949 9990
9695 6841
7394 1621
7788 5899
1358 8661
5188 7847
4863 6015
7732 6620
5787 5604
8681 4161
7509 5188
4040 6560
3314 5343
3087 9497
7724 5516
9516 1953
4145 9746
7707 4982
9664 850
8026 1519
3055 3936
757 3992
5368 5437
8386 8862
3400 2499
8680 25
8292 6680
6349 1039
6267 5783
7414 3535
8848 2884
9120 1111
5016 5048
8817 878
1243 6014
1080 9599
3979 7656
482 928
2047 7290
8394 4447
5160 6739
8362 2189
4699 7759
1498 1668
7170 5582
1111 6742
7150 7313
4792 693
360 6949
571 3880
6744 8753
4369 9487
9339 6674
2931 1347
9113 3809
2264 5377
8927 3134
4444 3436
9149 3927
3022 4619
3286 2525
1859 417
480 2979
1573 9315
6294 95
5900 6414
8305 2563
4100 9488
4761 578
6801 5261
5370 4383
7512 6460
6645 5150
9184 1525
4541 9006
9345 8889
7361 3164
2522 4504
7541 7946
6522 4054
7700 7385
3717 3632
1771 480
7894 9503
5158 2201
8350 8233
1633 3805
4890 5607
8971 9262
2401 6074
4826 5991
4262 6041
6864 2301
1167 8667
1891 3328
3980 712
2116 1122
3338 2055
6932 8627
6671 4139
1568 956
2852 1801
6817 8959
3710 3188
7728 7390
6177 1672
3646 7636
9130 4569
9193 6478
5894 2745
682 7030
4445 4837
1944 4494
7787 6368
6967 7221
5578 5536
325 7731
8381 492
7741 6671
8050 237
6202 5981
865 6420
9584 1800
9022 4883
4004 7074
9866 6564
3638 2202
2550 7563
8684 5759
2662 2741
607 5687
