1000 2
4985 6650
1141 3265
5932 4823
153 1460
2304 8867
4890 5607
7802 4832
3636 3752
30 4527
8971 9262
7135 4519
4634 6124
9124 6086
4855 3358
3319 7164
8953 9934
5705 9473
5752 4157
8671 9224
738 5976
435 486
5977 3110
1472 5494
1480 5218
3663 2014
9885 8223
2278 5222
8651 859
7089 7479
2525 9782
9750 6129
3512 5827
2435 2785
5093 57
4742 9718
3361 3330
8374 5386
512 5719
9001 7973
873 6036
3087 9497
8050 237
2423 1811
2499 8319
9584 1800
7907 4034
9402 4396
5169 5145
2058 3771
8217 7456
3487 5387
8352 303
6341 7015
3055 3936
4032 6052
590 6381
5101 531
5118 2145
4209 236
8348 1830
4406 1460
645 2680
5621 6119
9233 6120
7512 6460
4541 7549
960 766
2424 7429
8644 9753
9812 1855
5388 5950
1351 7642
8232 1242
4852 2694
4502 1056
5036 572
3088 5267
2337 8424
8639 3676
751 9284
8361 9447
2011 8040
2577 9132
2447 7476
7925 155
3233 7357
8628 8958
7193 2864
3556 151
1891 3328
8654 4880
5163 8235
1555 5429
7279 3285
7361 3164
7390 2178
6485 8123
5392 479
3350 1632
9193 6478
9420 9964
5657 8214
9516 1953
3180 1616
7627 1149
7627 6690
406 3327
8366 2515
9201 8730
9536 4785
6340 3528
9557 8712
4151 3089
1079 2444
4554 7653
4039 897
6287 1556
7619 2039
8908 2007
3823 7363
7495 1313
9664 9367
665 977
3546 2785
3638 2202
5210 5552
6864 2301
4381 4029
8276 5627
2881 4682
7917 4227
7788 1677
4945 6479
865 6420
327 187
7404 7967
7842 2873
2350 5833
7744 3450
5368 9247
395 1312
1243 6014
5983 7246
3548 5289
7728 7390
5761 2829
7767 1464
1268 9498
1446 8041
1080 9599
199 3102
7414 3535
6901 1379
1276 9832
5370 4383
5460 7340
8631 2154
9316 7666
6345 103
6567 6391
4487 7354
9490 6214
4354 5014
8756 5315
1212 4604
5158 2201
6301 9480
690 5158
8681 4161
3258 4219
2060 5520
4808 3402
3160 6254
8301 7589
3980 712
1740 5965
9142 650
6560 1078
6086 7726
7547 8938
8711 6570
8942 4171
3818 2169
6386 590
6046 5564
1037 2032
8695 8603
4560 754
8000 5884
6294 95
6756 1774
5454 6583
8972 2453
2752 3227
3765 1840
1758 8138
9847 1699
9434 7795
8303 1453
3759 3539
6573 8864
6280 3020
8198 585
3638 4268
6156 8050
2662 2741
5650 3927
1401 166
6255 8316
3979 7656
554 6706
1646 3195
2116 1122
5997 1113
3646 7636
5398 4980
7894 9503
1771 480
2264 5377
5240 9101
5765 4800
7958 3109
1646 5606
4699 7759
3835 4169
7397 6949
7170 5582
480 2979
727 9324
8934 510
7030 8566
259 7934
5744 5366
1573 9315
5895 2889
1265 6516
8970 1769
8507 2647
7732 6620
2047 7290
2444 484
9403 337
406 6247
1498 1668
2387 8503
9775 4769
7460 259
5727 3615
4956 7783
9200 6971
3158 8727
1480 3079
1428 4927
5743 7563
6742 579
8791 7824
589 5107
1631 1995
7741 6671
5633 4327
362 2076
7072 8138
6213 213
5894 2745
8930 7374
3717 3632
8501 773
5683 6478
1859 417
9659 4882
2797 833
940 847
4468 3852
3549 8002
3033 75
2931 1347
9523 9608
6563 5718
5233 2826
6615 5146
6396 8126
8112 1739
5787 5604
8664 7495
1167 8667
8608 9835
3117 1962
540 1985
5023 2165
6671 4139
2573 472
6838 21
4792 693
9473 7739
8395 5499
2720 5915
5545 5615
8247 5952
2369 7518
1419 3190
2514 5526
4040 6560
8862 5435
9021 9987
5272 6974
2524 8732
2255 8657
5352 1661
3244 2458
1438 4972
1519 4585
5858 8584
4761 578
6645 5150
8947 8865
4090 2300
6242 9526
3416 6134
1730 9392
2852 1801
4848 9462
3313 5056
8559 2903
4549 735
6771 7771
7404 4738
8381 492
2795 621
9082 4069
525 13
8386 8862
9113 3809
9940 2953
1520 15
9850 1609
1932 1057
3546 2269
2922 5330
1108 5805
5187 5819
8075 662
2066 8826
7152 8870
421 4581
4336 5730
682 7030
3575 5040
4004 7074
3400 1879
122 659
7905 2717
6927 4408
8683 9099
9573 2681
5281 7673
2629 5614
5168 3097
8133 9170
3117 9609
6800 2094
8432 7992
7779 6409
1325 7831
7712 9100
8406 9555
292 4947
6904 8625
9738 5085
7787 6368
75 2194
5481 55
9022 4883
1697 4182
2621 9982
9120 1111
4058 8677
4850 7251
3764 2752
3714 1707
8563 6819
7613 8072
3178 1685
6349 1039
1444 6154
6684 3704
1107 5016
6374 8886
4369 9487
6955 6108
1091 7983
3530 5984
347 1650
2358 8426
7711 9136
3393 4629
6922 4213
5662 9180
2507 6645
367 8896
5463 2218
122 4910
5339 3654
5016 5048
7480 246
5046 5200
8799 8859
8872 6150
4799 3777
857 3427
1358 8661
5893 3741
5073 6664
420 9752
3481 4952
3347 4825
4835 7909
1275 2791
8329 5908
2789 2502
6344 8166
9664 850
4456 8165
4560 4219
3551 9841
7078 5519
4826 5991
1432 5871
3211 6482
325 7731
2866 8222
1652 4946
6801 5261
3291 6500
52 9604
3274 7534
9170 6567
6251 7171
1947 2570
8839 7544
5176 5233
882 2359
2511 7810
9519 1815
1623 3312
5270 1636
1441 2607
9512 6433
8773 4109
5254 6098
7788 5899
8159 9727
3266 8408
7525 9973
3945 4057
859 1526
7330 1775
4863 6015
9913 779
4144 9543
5708 1079
8048 3666
1745 8699
8857 5110
5609 1525
2804 7509
9097 9633
6108 4178
7759 8930
5356 6242
893 392
2153 107
9335 490
6940 2998
4288 9678
9652 6398
5926 9941
4618 8767
1690 6269
4537 9483
8014 7516
5739 5569
7048 2048
1479 8666
2554 1132
728 5062
342 8896
6699 5824
6656 843
4656 6213
9335 2054
1184 3912
4718 7161
4387 5176
5904 8282
186 4566
419 8167
8362 2189
2265 7145
9438 5095
7444 7480
1886 5104
8971 1120
1114 9712
9345 8889
5201 4696
2402 1249
2714 9512
323 5462
7509 5188
1190 5043
9974 8870
7465 9372
7394 1621
9057 6349
9234 6769
3326 2378
3835 907
3265 3982
5222 4979
3914 2044
4855 86
2446 6905
3002 6787
5240 9557
9052 4490
582 8056
5623 8163
62 9506
9077 6546
2522 4504
6370 1858
9489 3197
6355 7387
6981 7430
1846 1114
4889 3787
5900 6414
5494 7804
1111 6742
4021 648
2916 2107
716 5809
3517 9637
6967 7221
5950 8494
6130 8304
9838 819
2976 304
2642 4862
5215 1231
8684 5759
8549 6403
8470 4380
5778 3946
9250 8278
7466 2514
4816 3610
1138 6081
2773 7210
4400 4238
9827 8629
8730 4699
6924 3622
5901 7064
4606 4641
949 858
3156 3061
8822 2340
7054 2985
9093 2571
7726 5045
4469 676
8322 7695
5128 5541
6682 3709
5236 7794
7578 9899
3098 9385
6876 7535
8465 1942
1633 3805
1017 2881
1547 2992
9677 8947
8016 2297
2977 8244
1301 2542
3724 8981
8524 9814
9076 9180
2678 3983
5021 5930
2046 2225
7930 2765
4389 5615
14 4904
9919 9439
4372 1029
7271 1853
9020 4158
5526 9419
4476 3873
3466 691
1710 254
5741 3572
9302 3795
3166 8209
9241 6499
8310 1699
3314 5343
9050 9374
9781 9615
4262 6041
8943 2010
2308 61
7966 7993
6318 2237
8680 25
571 3880
4541 9006
8204 7720
3657 8347
5442 2661
4237 1773
1879 6344
9575 7772
8026 1519
699 5742
4092 7446
9856 1111
2484 2474
6084 7829
7785 1654
801 5774
3695 7817
9700 2648
4874 249
682 5103
5883 9124
9149 3927
5962 2945
648 6580
6897 110
8667 3220
8458 388
4461 5834
8795 9774
6474 7338
6817 8959
9122 1918
1271 8601
7280 6345
8588 4984
3400 2499
7169 3281
5151 9227
751 5724
2377 7632
5187 5904
2331 6883
7709 3265
8624 8395
8357 5083
9156 9403
4011 1371
5160 2528
8638 9225
9089 2293
8460 6889
9217 1590
3346 3453
5578 5536
4445 4902
5368 5437
6344 4760
5615 7422
4796 953
4629 6895
5188 7847
2994 541
6130 852
4905 8646
3098 4272
3338 2055
2119 4365
6536 3263
5549 9667
4571 3051
6206 4049
9447 4040
8292 6680
6147 2116
4952 2663
252 8195
9022 5205
6120 4096
7377 7286
1250 9159
4167 2859
8250 96
1906 2610
9965 6344
3586 2897
5011 1070
4973 177
284 3192
9031 1949
6022 7690
7700 7385
9259 395
37 8032
1715 3828
4254 271
1475 8443
3072 2545
2405 3418
9886 65
3022 4619
1210 3929
9996 2033
2660 9110
4608 4375
2835 1718
8148 1093
7895 3029
2470 3386
8643 5292
9567 1495
3256 6848
5082 3126
1684 9812
5905 4864
7707 4982
3065 7093
8433 7215
145 3824
1781 4771
9322 7914
4100 9488
1910 6486
2836 3101
753 6143
1451 2922
1405 2058
1044 4166
4324 9378
5849 4489
5467 6912
1270 8644
3676 3827
6479 9439
8305 2563
4444 3436
685 3576
8330 5507
9468 6913
526 1323
4709 4604
6757 2203
9467 2100
4725 1662
7753 5789
1493 4865
4593 4837
8820 1544
40 7813
4391 2797
1846 6343
2300 9910
607 2358
6738 5584
5844 1715
4718 8515
4523 467
1272 3781
2936 4968
7981 9676
8886 6027
3041 6189
8612 1433
4455 8559
832 3629
6932 8627
4401 5467
1784 6804
199 3991
1636 512
3977 5097
4982 1179
2338 4159
8786 7706
8554 9327
7162 6824
2474 2882
9843 8081
9903 157
6826 2644
6715 1536
6433 2790
2457 7932
8548 4145
3808 4966
9625 4365
1826 9614
7052 8030
5418 9628
8491 6742
8817 878
6522 4054
3123 9539
8745 2735
875 6840
1473 8907
5415 3986
360 6949
2573 5320
8227 7598
6043 2669
1140 5641
9130 4569
9006 3107
525 4450
2853 9831
4698 878
5762 2296
6569 479
6334 7377
7949 2219
6653 9835
3270 9873
5325 2970
410 5518
7489 5689
3009 9822
8876 9369
2713 2570
9866 6564
8968 319
3710 3188
3327 6042
8409 4671
5423 7292
8649 3969
2970 3091
3515 2622
6249 534
9184 1525
2401 6074
9192 2314
7639 431
6744 8753
6686 3210
2181 2557
4825 3476
7150 7313
8747 1421
8376 5394
9342 1613
2944 4587
9329 6790
3466 1692
2550 7563
8620 2747
2257 2303
7295 3888
8492 8876
8935 1033
1824 47
1133 1184
6516 936
7724 5516
3902 5569
5815 4389
2620 1968
866 2185
3992 8213
299 7413
8573 3838
8478 7752
3266 9385
759 918
8076 2341
7995 885
4453 2944
4979 8737
4963 8654
2699 1877
5980 3266
9339 6674
5387 7495
3870 1006
4928 4469
7505 4185
8955 1592
7894 2906
914 1774
8027 4538
6291 3809
268 645
2043 9673
7681 9822
8017 1929
4775 3655
6596 6611
4445 4837
6202 5981
1568 956
3158 4636
1980 190
9695 6841
8316 7814
5889 675
1060 3352
1852 8416
7780 3149
969 114
5702 9381
3629 9258
2655 8865
1915 1408
6769 4805
4392 9259
410 3222
6499 8174
2329 3007
2043 4813
482 928
3697 9391
5537 2926
5789 4407
8001 519
1338 9231
8927 3134
1626 3100
8495 8445
3692 6872
9249 1709
1926 2074
3266 3885
2053 5100
7789 8382
6681 1001
9832 1866
2745 7071
3967 8916
7592 4173
9139 8009
4145 9746
757 3992
8848 2884
1944 4494
1467 2538
6978 2005
5629 3648
4091 8092
4866 7267
6480 7424
4151 6763
6789 8132
7937 7149
2895 7531
6403 2974
5646 3737
6267 5783
8727 4351
7631 6935
8209 9447
589 6588
6177 1672
5637 7218
8714 6752
9557 722
8395 3909
1942 6860
4448 5895
3635 5174
8786 9117
1212 7310
5160 6739
3286 2525
8982 7783
7406 7886
2569 5729
9949 9990
458 7428
8350 8233
8215 3617
1577 3541
4244 9821
7427 4107
992 105
3068 7534
7541 7946
6101 5833
670 2591
3010 1617
626 603
6539 9356
607 5687
8394 4447
