1000 2
2773 7210
1573 9315
4537 9483
4799 3777
3088 5267
2304 8867
2745 7071
8495 8445
2387 8503
2662 2741
6249 534
5240 9557
1037 2032
3002 6787
8329 5908
8017 1929
4554 7653
5962 2945
5633 4327
259 7934
5739 5569
6686 3210
4979 8737
2714 9512
9420 9964
6396 8126
5036 572
5128 5541
1358 8661
9965 6344
9677 8947
8554 9327
5418 9628
5615 7422
7930 2765
3347 4825
4571 3051
8406 9555
9403 337
284 3192
4549 735
8148 1093
8786 7706
4816 3610
9082 4069
9434 7795
8799 8859
8638 9225
8714 6752
4606 4641
6156 8050
8643 5292
582 8056
8303 1453
4406 1460
9345 8889
5752 4157
5176 5233
2514 5526
9122 1918
4090 2300
5233 2826
1758 8138
1250 9159
1626 3100
1473 8907
4593 4837
1480 5218
4444 3436
4237 1773
6897 110
5662 9180
3902 5569
8357 5083
6978 2005
8817 878
1684 9812
406 3327
9149 3927
1275 2791
9339 6674
5021 5930
4456 8165
1138 6081
8695 8603
9659 4882
2402 1249
410 5518
7788 5899
7724 5516
5011 1070
9625 4365
6967 7221
3764 2752
2699 1877
5188 7847
5977 3110
9949 9990
1141 3265
14 4904
3055 3936
8559 2903
6267 5783
9903 157
590 6381
37 8032
5187 5904
6738 5584
8972 2453
4928 4469
873 6036
6344 4760
4656 6213
3657 8347
2423 1811
3009 9822
8026 1519
4973 177
1438 4972
5151 9227
7330 1775
8075 662
1846 6343
2338 4159
4718 7161
6563 5718
1108 5805
9700 2648
4254 271
4905 8646
6789 8132
8886 6027
2046 2225
5727 3615
2181 2557
1519 4585
6904 8625
5169 5145
8133 9170
3068 7534
4848 9462
759 918
8730 4699
3098 9385
1472 5494
4863 6015
7728 7390
8681 4161
9120 1111
8612 1433
589 6588
8458 388
8501 773
3870 1006
9089 2293
4369 9487
3065 7093
9847 1699
5398 4980
1710 254
1646 5606
8862 5435
5997 1113
8683 9099
8310 1699
4956 7783
4400 4238
2678 3983
5046 5200
7152 8870
9750 6129
757 3992
7150 7313
5272 6974
8276 5627
7030 8566
6757 2203
4502 1056
8250 96
2789 2502
7489 5689
8432 7992
7787 6368
7271 1853
6280 3020
2377 7632
7785 1654
4826 5991
3416 6134
8548 4145
3098 4272
5467 6912
3695 7817
9695 6841
8491 6742
8478 7752
4151 3089
1210 3929
1444 6154
9775 4769
4354 5014
9234 6769
1107 5016
5254 6098
2642 4862
5240 9101
5549 9667
410 3222
2621 9982
9250 8278
3256 6848
1140 5641
6202 5981
9447 4040
6560 1078
3327 6042
6499 8174
801 5774
2944 4587
8756 5315
5160 2528
5983 7246
1715 3828
8573 3838
4952 2663
6932 8627
7619 2039
2300 9910
8664 7495
9738 5085
6213 213
3517 9637
8217 7456
5761 2829
4866 7267
5236 7794
1926 2074
2795 621
9097 9633
6287 1556
1547 2992
2550 7563
3808 4966
5339 3654
4004 7074
9077 6546
8198 585
2525 9782
3266 9385
940 847
3166 8209
8376 5394
1745 8699
4468 3852
6981 7430
3291 6500
1623 3312
6046 5564
299 7413
6386 590
6086 7726
727 9324
2265 7145
857 3427
1190 5043
1325 7831
1419 3190
3466 1692
866 2185
9402 4396
5222 4979
7280 6345
6374 8886
3314 5343
1044 4166
9557 8712
2011 8040
3400 2499
753 6143
5789 4407
8292 6680
5201 4696
6876 7535
685 3576
2369 7518
2405 3418
751 5724
1520 15
3338 2055
6294 95
3914 2044
1740 5965
3178 1685
1401 166
2444 484
8348 1830
4985 6650
6301 9480
9812 1855
8651 859
9781 9615
7525 9973
893 392
421 4581
8639 3676
1771 480
4100 9488
8374 5386
525 13
5683 6478
6147 2116
3361 3330
9557 722
5356 6242
4718 8515
5778 3946
5904 8282
9467 2100
9156 9403
268 645
5637 7218
3041 6189
7072 8138
4389 5615
3697 9391
8050 237
3945 4057
9886 65
832 3629
8381 492
9184 1525
9130 4569
859 1526
6927 4408
3180 1616
2852 1801
3072 2545
3393 4629
367 8896
8215 3617
6349 1039
8159 9727
9838 819
1631 1995
1265 6516
6108 4178
2053 5100
8232 1242
8395 5499
1467 2538
2936 4968
8361 9447
9523 9608
4392 9259
3160 6254
7465 9372
5646 3737
6370 1858
5392 479
5858 8584
6341 7015
122 4910
8433 7215
7089 7479
4523 467
7404 7967
2329 3007
8395 3909
9468 6913
5481 55
4091 8092
7767 1464
4835 7909
5893 3741
419 8167
7907 4034
3710 3188
5016 5048
62 9506
6742 579
2573 472
4288 9678
435 486
5741 3572
6901 1379
1446 8041
5368 5437
5210 5552
4792 693
9217 1590
1886 5104
8667 3220
1405 2058
5905 4864
342 8896
4890 5607
199 3102
9573 2681
7505 4185
645 2680
7726 5045
5932 4823
3635 5174
9050 9374
406 6247
9170 6567
2257 2303
2524 8732
6715 1536
4560 4219
8876 9369
3033 75
4775 3655
1276 9832
4445 4902
2066 8826
9832 1866
914 1774
4808 3402
589 5107
8745 2735
3717 3632
7627 6690
6474 7338
3466 691
9489 3197
3266 8408
1859 417
7759 8930
3117 1962
1268 9498
3258 4219
6334 7377
6826 2644
5270 1636
2058 3771
7377 7286
1432 5871
6130 852
9006 3107
7780 3149
7779 6409
2977 8244
6345 103
6536 3263
5744 5366
2447 7476
3638 4268
9913 779
7592 4173
6864 2301
1493 4865
7404 4738
7279 3285
2577 9132
5352 1661
4336 5730
9974 8870
2970 3091
8982 7783
4151 6763
7193 2864
3487 5387
8112 1739
3326 2378
8934 510
4476 3873
1944 4494
6671 4139
8943 2010
2457 7932
9652 6398
347 1650
7414 3535
4699 7759
4634 6124
2655 8865
9335 2054
4167 2859
5460 7340
5023 2165
3512 5827
8322 7695
5537 2926
7466 2514
5650 3927
6681 1001
4461 5834
8316 7814
3515 2622
4058 8677
3759 3539
2797 833
8247 5952
1271 8601
2853 9831
8631 2154
5158 2201
3724 8981
1480 3079
5849 4489
7789 8382
7732 6620
882 2359
7842 2873
8027 4538
30 4527
2713 2570
3546 2785
5442 2661
865 6420
9233 6120
2660 9110
1633 3805
4092 7446
4963 8654
7170 5582
526 1323
1184 3912
4487 7354
9193 6478
8971 1120
9259 395
9996 2033
9142 650
2835 1718
480 2979
7512 6460
3835 907
4011 1371
7444 7480
8016 2297
4855 3358
3548 5289
7894 9503
1784 6804
7639 431
4709 4604
9322 7914
8524 9814
1270 8644
8624 8395
8620 2747
2043 9673
4145 9746
395 1312
7054 2985
4825 3476
2358 8426
5609 1525
1060 3352
482 928
6817 8959
2895 7531
1243 6014
7681 9822
7547 8938
6043 2669
40 7813
7981 9676
122 659
8795 9774
6022 7690
9866 6564
8000 5884
7788 1677
2484 2474
4852 2694
5163 8235
4391 2797
8209 9447
9076 9180
8330 5507
5705 9473
7753 5789
4742 9718
5844 1715
3556 151
8608 9835
6769 4805
8684 5759
5629 3648
7937 7149
6403 2974
2264 5377
3979 7656
9201 8730
5895 2889
2331 6883
7627 1149
5368 9247
2522 4504
2337 8424
1947 2570
4401 5467
9021 9987
2255 8657
8727 4351
5281 7673
9057 6349
8386 8862
3010 1617
1080 9599
607 2358
3835 4169
1111 6742
9664 850
8352 303
8628 8958
9249 1709
3663 2014
512 5719
362 2076
7390 2178
6084 7829
1852 8416
4381 4029
7048 2048
1451 2922
5815 4389
7578 9899
7135 4519
3765 1840
7741 6671
5900 6414
6340 3528
1915 1408
3530 5984
9664 9367
6656 843
9512 6433
7905 2717
2836 3101
9052 4490
4761 578
738 5976
2278 5222
3400 1879
1980 190
1301 2542
5073 6664
5325 2970
9139 8009
2470 3386
2569 5729
6177 1672
6682 3709
5101 531
3158 4636
8649 3969
6130 8304
1338 9231
682 5103
9093 2571
8394 4447
8001 519
5762 2296
8970 1769
2119 4365
5454 6583
3117 9609
4262 6041
9342 1613
6615 5146
6955 6108
1826 9614
6255 8316
3156 3061
5708 1079
1781 4771
8204 7720
9885 8223
2916 2107
648 6580
2308 61
1212 4604
2043 4813
7460 259
2047 7290
5215 1231
3087 9497
6699 5824
4040 6560
6567 6391
9335 490
1846 1114
4448 5895
5187 5819
8953 9934
8839 7544
9001 7973
3692 6872
9584 1800
252 8195
7995 885
8465 1942
8460 6889
6344 8166
5926 9941
5787 5604
8362 2189
5160 6739
5423 7292
1114 9712
3481 4952
6251 7171
3586 2897
325 7731
4850 7251
6479 9439
1475 8443
2922 5330
6120 4096
7361 3164
7894 2906
3638 2202
5168 3097
9329 6790
690 5158
2866 8222
5901 7064
5494 7804
1351 7642
9022 5205
9843 8081
6684 3704
2499 8319
6924 3622
3636 3752
2507 6645
9516 1953
7744 3450
7709 3265
4144 9543
1555 5429
8968 319
9827 8629
8935 1033
6318 2237
3551 9841
3266 3885
9919 9439
6596 6611
3244 2458
7712 9100
9438 5095
8549 6403
1910 6486
9124 6086
2435 2785
8927 3134
1212 7310
2573 5320
2804 7509
3286 2525
4889 3787
2424 7429
3233 7357
8971 9262
8563 6819
3270 9873
8644 9753
7949 2219
1697 4182
670 2591
5894 2745
2116 1122
8711 6570
7711 9136
7495 1313
7958 3109
4541 7549
1906 2610
3823 7363
9519 1815
8492 8876
1932 1057
7802 4832
682 7030
5621 6119
5623 8163
3265 3982
5388 5950
8350 8233
6433 2790
6569 479
6573 8864
7707 4982
8588 4984
8955 1592
7295 3888
2446 6905
6291 3809
2350 5833
6801 5261
8820 1544
327 187
3714 1707
4874 249
3818 2169
3629 9258
186 4566
5387 7495
4372 1029
7162 6824
8671 9224
665 977
5743 7563
6744 8753
3575 5040
2153 107
4469 676
8470 4380
5370 4383
7509 5188
5980 3266
6838 21
5889 675
7631 6935
1133 1184
960 766
8409 4671
8857 5110
7480 246
1636 512
7613 8072
1730 9392
554 6706
9856 1111
5415 3986
8507 2647
3123 9539
6645 5150
525 4450
8227 7598
1017 2881
360 6949
9020 4158
751 9284
3211 6482
9113 3809
5093 57
571 3880
4725 1662
75 2194
9031 1949
699 5742
4445 4837
2976 304
6516 936
5578 5536
5702 9381
4455 8559
3646 7636
2474 2882
7895 3029
8654 4880
7700 7385
323 5462
9940 2953
8773 4109
6480 7424
1091 7983
6653 9835
8942 4171
6771 7771
2629 5614
8366 2515
9575 7772
5765 4800
4945 6479
420 9752
3980 712
1498 1668
2994 541
5463 2218
728 5062
4698 878
3967 8916
9490 6214
7541 7946
292 4947
3676 3827
145 3824
716 5809
8872 6150
969 114
458 7428
3319 7164
6101 5833
4608 4375
153 1460
4560 754
2752 3227
1577 3541
6539 9356
4453 2944
5082 3126
4324 9378
540 1985
607 5687
8908 2007
9241 6499
8305 2563
4039 897
4032 6052
3992 8213
1942 6860
8848 2884
7966 7993
875 6840
4021 648
3274 7534
3350 1632
8680 25
1568 956
4618 8767
7169 3281
7052 8030
199 3991
7427 4107
6522 4054
2401 6074
5526 9419
2554 1132
3977 5097
4982 1179
8947 8865
9567 1495
3022 4619
9316 7666
7078 5519
5545 5615
1428 4927
2620 1968
2720 5915
4244 9821
7917 4227
2511 7810
6206 4049
2931 1347
1272 3781
2881 4682
7406 7886
4629 6895
8076 2341
8791 7824
8786 9117
1646 3195
6485 8123
6922 4213
6355 7387
1441 2607
5657 8214
7394 1621
949 858
5883 9124
9200 6971
2060 5520
8301 7589
6800 2094
4855 86
9536 4785
4541 9006
4387 5176
1879 6344
1652 4946
3546 2269
1824 47
1690 6269
3549 8002
8014 7516
626 603
1479 8666
5950 8494
1167 8667
9192 2314
6242 9526
6940 2998
9473 7739
6756 1774
8930 7374
9022 4883
7925 155
3346 3453
8048 3666
7397 6949
9850 1609
992 105
3158 8727
1079 2444
52 9604
1891 3328
9302 3795
8822 2340
8747 1421
5118 2145
3313 5056
4796 953
4209 236
