1000 2
8671 9224
186 4566
540 1985
7072 8138
9156 9403
5629 3648
9021 9987
8872 6150
5254 6098
8330 5507
6826 2644
6539 9356
2011 8040
589 6588
7789 8382
3629 9258
7785 1654
5787 5604
3346 3453
8563 6819
9490 6214
3002 6787
2369 7518
5905 4864
6403 2974
7787 6368
7780 3149
5160 6739
8366 2515
9664 850
5215 1231
6177 1672
3808 4966
1444 6154
2714 9512
8608 9835
4852 2694
8148 1093
4090 2300
5160 2528
9850 1609
3400 2499
5889 675
4468 3852
145 3824
3870 1006
738 5976
3638 2202
9516 1953
9827 8629
5526 9419
1271 8601
8409 4671
1060 3352
5415 3986
5187 5904
7541 7946
7054 2985
268 645
2153 107
7788 5899
2699 1877
7894 9503
6474 7338
8316 7814
362 2076
8133 9170
6653 9835
9201 8730
6800 2094
512 5719
7377 7286
3327 6042
480 2979
7753 5789
8016 2297
9184 1525
2507 6645
5962 2945
873 6036
2499 8319
5463 2218
1715 3828
4381 4029
8935 1033
7295 3888
8276 5627
2257 2303
3695 7817
3098 4272
1646 5606
2264 5377
6255 8316
5858 8584
2804 7509
4262 6041
327 187
3638 4268
801 5774
2446 6905
3759 3539
6340 3528
4634 6124
5021 5930
7162 6824
6479 9439
3512 5827
1446 8041
1141 3265
8791 7824
2116 1122
2053 5100
6684 3704
7619 2039
7489 5689
751 5724
7711 9136
7169 3281
4541 9006
6715 1536
9885 8223
259 7934
8159 9727
1473 8907
7639 431
3010 1617
6202 5981
1781 4771
1268 9498
9022 4883
4058 8677
1250 9159
3992 8213
3265 3982
4209 236
9050 9374
3980 712
9940 2953
1758 8138
5633 4327
4825 3476
5222 4979
4406 1460
3818 2169
4855 3358
8799 8859
9139 8009
6433 2790
7741 6671
3657 8347
4039 897
9200 6971
865 6420
4461 5834
3291 6500
9001 7973
4445 4837
1846 6343
3233 7357
1944 4494
969 114
1942 6860
8970 1769
1947 2570
8362 2189
3710 3188
8730 4699
8934 510
7613 8072
4324 9378
5387 7495
1690 6269
6130 852
8930 7374
1623 3312
419 8167
1037 2032
832 3629
6981 7430
2970 3091
4523 467
5901 7064
9124 6086
2642 4862
5739 5569
2337 8424
6922 4213
4372 1029
7505 4185
367 8896
9022 5205
6213 213
9919 9439
5392 479
5895 2889
4369 9487
7397 6949
4890 5607
1846 1114
3313 5056
5657 8214
9664 9367
7193 2864
940 847
9403 337
2745 7071
4799 3777
2424 7429
299 7413
4237 1773
8198 585
3945 4057
1859 417
1730 9392
9473 7739
1017 2881
8786 7706
4144 9543
4698 878
9467 2100
7048 2048
292 4947
6108 4178
4445 4902
4808 3402
1684 9812
3977 5097
3068 7534
5708 1079
3033 75
8303 1453
6904 8625
6757 2203
5016 5048
3546 2785
6120 4096
607 2358
5368 9247
9250 8278
3156 3061
2444 484
5926 9941
5011 1070
8501 773
571 3880
6349 1039
8495 8445
6671 4139
2713 2570
406 6247
8667 3220
6967 7221
8927 3134
2678 3983
5997 1113
9329 6790
360 6949
1405 2058
3286 2525
9536 4785
5950 8494
2573 5320
7744 3450
4952 2663
3548 5289
1140 5641
4336 5730
8644 9753
5128 5541
3244 2458
4656 6213
6686 3210
6876 7535
9781 9615
8361 9447
3635 5174
3314 5343
5932 4823
8684 5759
8649 3969
2484 2474
1479 8666
7279 3285
5815 4389
9567 1495
5101 531
8001 519
1358 8661
2047 7290
1519 4585
6101 5833
1475 8443
7361 3164
9625 4365
4151 3089
6345 103
690 5158
2377 7632
7724 5516
3258 4219
4816 3610
4775 3655
2629 5614
6924 3622
6046 5564
8250 96
1472 5494
1652 4946
1467 2538
2773 7210
2402 1249
9241 6499
1351 7642
9974 8870
7280 6345
5983 7246
4629 6895
7728 7390
4796 953
8470 4380
4982 1179
6573 8864
5609 1525
5270 1636
4826 5991
3361 3330
1980 190
5904 8282
1419 3190
7414 3535
8620 2747
62 9506
665 977
6864 2301
5046 5200
1573 9315
7681 9822
1210 3929
1633 3805
2569 5729
8076 2341
6615 5146
7052 8030
8862 5435
482 928
8432 7992
6978 2005
7444 7480
7465 9372
7170 5582
4145 9746
4389 5615
9170 6567
1493 4865
2043 9673
5036 572
1498 1668
7907 4034
6742 579
8857 5110
3487 5387
2944 4587
699 5742
9775 4769
9339 6674
727 9324
8112 1739
8971 1120
7732 6620
6817 8959
4400 4238
9082 4069
2620 1968
9420 9964
5163 8235
8348 1830
6522 4054
4905 8646
9677 8947
2329 3007
7135 4519
1432 5871
7966 7993
753 6143
2181 2557
2474 2882
2789 2502
5210 5552
8310 1699
8329 5908
4606 4641
4554 7653
525 13
5398 4980
7390 2178
8711 6570
5752 4157
6955 6108
3676 3827
3158 4636
8683 9099
6569 479
7578 9899
2577 9132
5578 5536
6318 2237
1301 2542
2525 9782
5623 8163
8292 6680
4537 9483
1044 4166
9843 8081
2046 2225
122 659
8955 1592
3636 3752
866 2185
859 1526
5281 7673
4092 7446
3393 4629
6386 590
4863 6015
6771 7771
4742 9718
8322 7695
8026 1519
6801 5261
5789 4407
893 392
6344 4760
4011 1371
9130 4569
7631 6935
7030 8566
1111 6742
1114 9712
3270 9873
1910 6486
4699 7759
2621 9982
9949 9990
5339 3654
9913 779
9316 7666
7930 2765
8654 4880
3178 1685
3319 7164
2797 833
8549 6403
6897 110
5158 2201
3551 9841
2265 7145
7089 7479
1133 1184
5481 55
7981 9676
8548 4145
9233 6120
2387 8503
2350 5833
4354 5014
6344 8166
6084 7829
421 4581
3098 9385
4560 4219
3481 4952
1167 8667
458 7428
4874 249
4004 7074
9149 3927
420 9752
6480 7424
8942 4171
2550 7563
6932 8627
9886 65
5082 3126
7394 1621
6267 5783
5977 3110
8968 319
2881 4682
284 3192
6536 3263
2423 1811
7779 6409
2435 2785
8491 6742
6374 8886
9856 1111
395 1312
9659 4882
3575 5040
7995 885
2304 8867
6516 936
3549 8002
7406 7886
6370 1858
4848 9462
5236 7794
5662 9180
2795 621
5744 5366
8947 8865
7271 1853
1480 3079
716 5809
1108 5805
8588 4984
759 918
728 5062
7150 7313
7480 246
3087 9497
2936 4968
751 9284
2916 2107
1697 4182
2660 9110
1852 8416
2255 8657
3041 6189
5637 7218
5169 5145
6485 8123
6656 843
3266 3885
8433 7215
3714 1707
2720 5915
9234 6769
8886 6027
1272 3781
3274 7534
8352 303
4453 2944
7512 6460
2457 7932
3914 2044
5240 9557
1932 1057
9489 3197
6249 534
7592 4173
2331 6883
882 2359
8492 8876
1771 480
1886 5104
37 8032
3646 7636
6681 1001
3967 8916
3123 9539
8209 9447
3266 8408
8017 1929
8695 8603
6560 1078
3515 2622
75 2194
1451 2922
8747 1421
4985 6650
8458 388
6334 7377
153 1460
7894 2906
3055 3936
9557 8712
3979 7656
3466 691
7759 8930
8478 7752
8465 1942
4021 648
875 6840
4761 578
2977 8244
4040 6560
2853 9831
7917 4227
1879 6344
7078 5519
5187 5819
9342 1613
1438 4972
6396 8126
6043 2669
8559 2903
6147 2116
5168 3097
9838 819
1824 47
9903 157
4476 3873
7958 3109
4889 3787
4956 7783
3326 2378
1646 3195
1107 5016
2405 3418
5201 4696
590 6381
3765 1840
1636 512
4560 754
8507 2647
8394 4447
4618 8767
1915 1408
9006 3107
3724 8981
2522 4504
5240 9101
8048 3666
1138 6081
554 6706
3416 6134
8301 7589
8227 7598
6086 7726
3835 907
3517 9637
8628 8958
4391 2797
4855 86
2524 8732
3160 6254
9557 722
8612 1433
7627 1149
8848 2884
7547 8938
6789 8132
9322 7914
4254 271
6242 9526
8374 5386
5460 7340
3902 5569
6940 2998
2866 8222
1184 3912
8204 7720
6756 1774
1276 9832
7712 9100
5980 3266
342 8896
5762 2296
8972 2453
757 3992
8247 5952
6206 4049
4593 4837
8839 7544
5388 5950
3556 151
4928 4469
2401 6074
8786 9117
8795 9774
8982 7783
3088 5267
325 7731
5900 6414
5023 2165
4091 8092
3009 9822
2308 61
3022 4619
5118 2145
9832 1866
7895 3029
3166 8209
5151 9227
9996 2033
8820 1544
6499 8174
5368 5437
4549 735
8014 7516
7404 4738
8027 4538
1480 5218
8664 7495
8395 3909
7842 2873
3072 2545
8681 4161
1626 3100
2043 4813
5893 3741
1906 2610
3823 7363
682 7030
5646 3737
5621 6119
949 858
5844 1715
3663 2014
8643 5292
2066 8826
8639 3676
1091 7983
6301 9480
5545 5615
2447 7476
6596 6611
8395 5499
3717 3632
9052 4490
1079 2444
4792 693
3697 9391
648 6580
5727 3615
9335 2054
8651 859
4032 6052
5093 57
645 2680
7330 1775
7707 4982
8050 237
1080 9599
1338 9231
3065 7093
8554 9327
670 2591
5176 5233
1891 3328
7627 6690
7495 1313
1740 5965
14 4904
2358 8426
2655 8865
7767 1464
6022 7690
4973 177
9031 1949
7700 7385
2119 4365
6567 6391
9302 3795
2922 5330
7726 5045
6563 5718
4963 8654
914 1774
525 4450
5741 3572
3835 4169
9192 2314
6291 3809
9402 4396
4387 5176
1631 1995
9965 6344
5233 2826
6280 3020
5883 9124
4725 1662
9120 1111
4456 8165
7152 8870
8631 2154
3347 4825
2060 5520
2931 1347
9652 6398
6738 5584
9335 490
4444 3436
30 4527
1441 2607
2852 1801
5778 3946
9020 4158
3466 1692
2976 304
9847 1699
8745 2735
4979 8737
9434 7795
6927 4408
2836 3101
4401 5467
435 486
5442 2661
1212 4604
2662 2741
6156 8050
5073 6664
5743 7563
9193 6478
9695 6841
7466 2514
8943 2010
685 3576
1520 15
8624 8395
6901 1379
1275 2791
6251 7171
7925 155
8953 9934
5549 9667
2300 9910
3692 6872
1784 6804
4571 3051
9089 2293
607 5687
3117 1962
2278 5222
2554 1132
4448 5895
589 5107
2470 3386
5188 7847
8000 5884
3266 9385
6355 7387
8075 662
8876 9369
9468 6913
682 5103
8376 5394
5683 6478
9122 1918
4709 4604
8756 5315
410 5518
9097 9633
40 7813
8573 3838
7709 3265
8971 9262
6287 1556
5537 2926
8727 4351
8406 9555
7404 7967
7525 9973
199 3102
7802 4832
1826 9614
5705 9473
5454 6583
5418 9628
4244 9821
2752 3227
5370 4383
1926 2074
4718 8515
8638 9225
8817 878
8524 9814
7905 2717
9249 1709
3400 1879
3180 1616
1190 5043
8357 5083
1710 254
4167 2859
2511 7810
8381 492
3158 8727
6130 8304
4502 1056
4541 7549
8460 6889
6769 4805
526 1323
8215 3617
4718 7161
4455 8559
1568 956
3117 9609
8714 6752
5352 1661
7509 5188
4288 9678
1547 2992
1212 7310
2514 5526
8908 2007
1265 6516
1428 4927
2994 541
347 1650
2895 7531
6744 8753
4151 6763
122 4910
1325 7831
52 9604
4392 9259
5467 6912
2058 3771
1577 3541
857 3427
4469 676
9738 5085
4835 7909
8217 7456
5894 2745
8680 25
8305 2563
960 766
8386 8862
9217 1590
9093 2571
410 3222
8822 2340
8232 1242
4100 9488
6838 21
4945 6479
9077 6546
1270 8644
9512 6433
7788 1677
3350 1632
6682 3709
5272 6974
9575 7772
5494 7804
582 8056
9076 9180
7460 259
5356 6242
9812 1855
1243 6014
9447 4040
6645 5150
7937 7149
4866 7267
6699 5824
3256 6848
2338 4159
5650 3927
5849 4489
323 5462
9523 9608
3530 5984
8773 4109
5761 2829
1745 8699
9259 395
4608 4375
1401 166
199 3991
7949 2219
3586 2897
252 8195
3338 2055
9866 6564
4487 7354
5615 7422
9113 3809
9700 2648
992 105
7427 4107
9584 1800
9345 8889
3211 6482
5325 2970
9142 650
6294 95
5423 7292
2835 1718
406 3327
9750 6129
9057 6349
2573 472
5765 4800
9519 1815
626 603
9573 2681
1555 5429
5702 9381
8350 8233
6341 7015
4850 7251
3546 2269
3764 2752
9438 5095
