1000 2
4618 8767
1079 2444
5904 8282
3347 4825
9652 6398
8406 9555
6742 579
5629 3648
4469 676
2116 1122
5016 5048
8942 4171
9201 8730
6653 9835
6769 4805
2047 7290
8876 9369
5789 4407
7732 6620
5621 6119
8507 2647
5662 9180
7048 2048
4718 7161
3041 6189
4725 1662
2255 8657
1265 6516
6355 7387
9335 490
2474 2882
8000 5884
5423 7292
4792 693
5727 3615
480 2979
8791 7824
9052 4490
9856 1111
145 3824
9139 8009
4956 7783
7711 9136
8148 1093
8330 5507
2300 9910
1745 8699
1710 254
2484 2474
7193 2864
2053 5100
3313 5056
5168 3097
4571 3051
7709 3265
1652 4946
7788 5899
5752 4157
7052 8030
3835 907
199 3991
3158 8727
7937 7149
1758 8138
8820 1544
6516 936
4456 8165
1547 2992
4151 6763
6686 3210
2377 7632
1520 15
5889 675
2470 3386
7787 6368
3546 2269
8350 8233
8651 859
6485 8123
589 6588
8886 6027
9233 6120
8395 5499
4541 9006
6433 2790
5537 2926
4372 1029
2369 7518
8872 6150
866 2185
6287 1556
5176 5233
8460 6889
3512 5827
5151 9227
7780 3149
5849 4489
865 6420
7631 6935
7802 4832
2358 8426
6084 7829
4406 1460
8684 5759
9345 8889
3314 5343
9886 65
5046 5200
8250 96
3286 2525
6615 5146
5615 7422
8756 5315
3710 3188
3258 4219
6684 3704
5657 8214
525 4450
5368 5437
252 8195
1184 3912
5980 3266
3657 8347
1268 9498
5460 7340
5844 1715
2446 6905
1432 5871
4889 3787
5187 5819
1444 6154
2387 8503
7135 4519
3327 6042
6156 8050
2405 3418
4709 4604
7744 3450
3992 8213
1438 4972
8927 3134
3266 9385
9001 7973
5761 2829
7406 7886
8588 4984
9536 4785
6396 8126
8857 5110
3178 1685
8362 2189
1859 417
1473 8907
3548 5289
9949 9990
1568 956
3266 3885
8624 8395
1944 4494
5609 1525
1210 3929
7279 3285
6681 1001
1915 1408
347 1650
186 4566
1740 5965
9420 9964
670 2591
8971 1120
8654 4880
6539 9356
4445 4902
419 8167
2714 9512
5463 2218
6573 8864
3033 75
1942 6860
4905 8646
1060 3352
9913 779
3818 2169
8303 1453
2720 5915
5739 5569
6682 3709
1472 5494
4445 4837
3530 5984
4167 2859
4928 4469
1419 3190
7404 4738
526 1323
6147 2116
3117 1962
8491 6742
3586 2897
5815 4389
7295 3888
9996 2033
5646 3737
4144 9543
1493 4865
52 9604
3291 6500
8433 7215
9022 5205
5036 572
6756 1774
8839 7544
8305 2563
5023 2165
8908 2007
1250 9159
7700 7385
292 4947
8644 9753
9512 6433
7925 155
1451 2922
5894 2745
512 5719
7707 4982
4448 5895
7767 1464
3979 7656
2435 2785
1626 3100
2525 9782
7072 8138
4982 1179
7726 5045
406 6247
5240 9101
9403 337
8470 4380
753 6143
9750 6129
9866 6564
5370 4383
2699 1877
7639 431
410 5518
2066 8826
8301 7589
6130 8304
9259 395
6904 8625
9241 6499
1577 3541
8683 9099
5905 4864
4476 3873
7509 5188
4391 2797
420 9752
9468 6913
4890 5607
5160 2528
4718 8515
4799 3777
5481 55
7785 1654
8548 4145
1623 3312
360 6949
3481 4952
3274 7534
1910 6486
1498 1668
8432 7992
832 3629
1091 7983
7894 9503
2853 9831
5650 3927
3166 8209
2931 1347
3823 7363
875 6840
395 1312
6744 8753
7895 3029
2444 484
2046 2225
6924 3622
7779 6409
7330 1775
8745 2735
6955 6108
4850 7251
1243 6014
4487 7354
5021 5930
3635 5174
2181 2557
3977 5097
6499 8174
1017 2881
3180 1616
9097 9633
1271 8601
6130 852
9919 9439
4502 1056
6370 1858
5467 6912
699 5742
801 5774
3022 4619
607 2358
3835 4169
5442 2661
8215 3617
4863 6015
9022 4883
7397 6949
7361 3164
8970 1769
7170 5582
3002 6787
7917 4227
1771 480
8773 4109
3556 151
6838 21
3549 8002
5893 3741
5356 6242
6213 213
1138 6081
2577 9132
5339 3654
4742 9718
6536 3263
6202 5981
4461 5834
8953 9934
7465 9372
8361 9447
3697 9391
3551 9841
4656 6213
5858 8584
4608 4375
9490 6214
7789 8382
1108 5805
8217 7456
757 3992
8639 3676
6922 4213
5215 1231
2573 472
8076 2341
6108 4178
7169 3281
342 8896
8381 492
2976 304
8310 1699
4400 4238
682 5103
4945 6479
1631 1995
8465 1942
4952 2663
8930 7374
9775 4769
8638 9225
7377 7286
3160 6254
5163 8235
9124 6086
325 7731
9020 4158
9170 6567
7966 7993
259 7934
8232 1242
6291 3809
2514 5526
1140 5641
4392 9259
199 3102
2678 3983
540 1985
5637 7218
4560 4219
5932 4823
1980 190
7724 5516
5169 5145
9677 8947
5683 6478
8628 8958
8680 25
4761 578
4560 754
1697 4182
7466 2514
3914 2044
6864 2301
9234 6769
5187 5904
5708 1079
8524 9814
7152 8870
6318 2237
3945 4057
3266 8408
4369 9487
4816 3610
9516 1953
4541 7549
648 6580
5494 7804
8492 8876
9850 1609
9584 1800
5118 2145
1338 9231
4537 9483
5702 9381
6656 843
4453 2944
5895 2889
2058 3771
9156 9403
1479 8666
7958 3109
1715 3828
3068 7534
2922 5330
4852 2694
3967 8916
940 847
9781 9615
8727 4351
6344 8166
3265 3982
2011 8040
2662 2741
2629 5614
8848 2884
6340 3528
8027 4538
9031 1949
6699 5824
1926 2074
7578 9899
2642 4862
5778 3946
2499 8319
2060 5520
6563 5718
6301 9480
1212 7310
8695 8603
2331 6883
665 977
607 5687
8554 9327
5977 3110
4593 4837
4979 8737
9130 4569
75 2194
6267 5783
4698 878
3244 2458
3211 6482
3270 9873
8376 5394
4699 7759
6940 2998
9838 819
9467 2100
2977 8244
5093 57
9567 1495
1325 7831
6801 5261
4354 5014
1190 5043
3980 712
9664 9367
9192 2314
2895 7531
6817 8959
5082 3126
7930 2765
7894 2906
8934 510
3466 691
5415 3986
4629 6895
4973 177
9847 1699
6771 7771
5549 9667
9438 5095
1212 4604
7627 6690
9302 3795
2795 621
4151 3089
62 9506
2524 8732
2304 8867
9089 2293
8982 7783
8943 2010
7444 7480
3692 6872
5270 1636
9832 1866
40 7813
6120 4096
7512 6460
590 6381
5011 1070
4549 735
5325 2970
9903 157
421 4581
4324 9378
1475 8443
1270 8644
6242 9526
9122 1918
7404 7967
1272 3781
6249 534
3546 2785
9519 1815
6086 7726
2866 8222
1405 2058
3764 2752
1573 9315
2265 7145
4039 897
6569 479
2264 5377
6981 7430
6567 6391
1301 2542
5210 5552
8017 1929
5188 7847
4835 7909
1824 47
6789 8132
153 1460
7995 885
9120 1111
8329 5908
6046 5564
1852 8416
4825 3476
8799 8859
7280 6345
6251 7171
3098 9385
3759 3539
8357 5083
3338 2055
7712 9100
2752 3227
4032 6052
728 5062
1275 2791
969 114
7030 8566
5526 9419
2338 4159
1441 2607
284 3192
2308 61
7619 2039
8649 3969
2423 1811
268 645
9659 4882
9664 850
9057 6349
3350 1632
1446 8041
9050 9374
3695 7817
4775 3655
4606 4641
9940 2953
9434 7795
1730 9392
9021 9987
5454 6583
7981 9676
4523 467
3156 3061
1646 5606
4808 3402
9193 6478
9402 4396
6206 4049
8366 2515
2424 7429
1107 5016
9557 722
2043 9673
6897 110
7613 8072
8608 9835
2402 1249
362 2076
4401 5467
8395 3909
2554 1132
7495 1313
6334 7377
8247 5952
7078 5519
3638 2202
4145 9746
8495 8445
751 9284
3517 9637
5201 4696
8563 6819
6255 8316
6043 2669
9489 3197
4855 86
3088 5267
1037 2032
716 5809
7541 7946
9885 8223
9695 6841
4389 5615
4444 3436
9077 6546
4092 7446
8972 2453
8747 1421
8209 9447
6645 5150
3065 7093
2350 5833
2043 4813
5233 2826
4262 6041
7949 2219
4855 3358
8050 237
8001 519
5900 6414
3098 4272
1784 6804
7547 8938
873 6036
8786 7706
9738 5085
8817 878
3515 2622
8822 2340
7460 259
914 1774
3714 1707
1044 4166
1646 3195
2660 9110
1358 8661
8016 2297
4004 7074
8026 1519
3638 4268
6280 3020
37 8032
6978 2005
4387 5176
9316 7666
9006 3107
7681 9822
882 2359
1480 5218
8409 4671
6757 2203
1401 166
1906 2610
2507 6645
2835 1718
5128 5541
1080 9599
1141 3265
8133 9170
6386 590
3326 2378
1276 9832
8935 1033
4796 953
4554 7653
7759 8930
8947 8865
3055 3936
8348 1830
9093 2571
7907 4034
435 486
9082 4069
7414 3535
8559 2903
8968 319
5392 479
9812 1855
949 858
7271 1853
4848 9462
8014 7516
8227 7598
367 8896
6826 2644
5883 9124
3575 5040
5983 7246
4336 5730
8730 4699
1947 2570
1633 3805
6927 4408
7054 2985
4254 271
2329 3007
9573 2681
9974 8870
2257 2303
571 3880
9339 6674
5578 5536
2621 9982
9523 9608
5545 5615
4244 9821
9700 2648
5744 5366
2337 8424
482 928
3346 3453
5073 6664
682 7030
4963 8654
5787 5604
7394 1621
525 13
2944 4587
7505 4185
7150 7313
8316 7814
3902 5569
4040 6560
3319 7164
2936 4968
3629 9258
3117 9609
3808 4966
9329 6790
759 918
960 766
3676 3827
7390 2178
8352 303
5950 8494
8786 9117
5160 6739
6022 7690
4288 9678
1690 6269
2804 7509
7728 7390
3400 2499
5705 9473
2620 1968
5398 4980
5762 2296
5222 4979
2916 2107
1781 4771
9473 7739
1351 7642
6901 1379
4381 4029
8478 7752
6344 4760
6522 4054
4634 6124
6560 1078
9200 6971
2153 107
6932 8627
2550 7563
6341 7015
3393 4629
1826 9614
1932 1057
3416 6134
2745 7071
1636 512
8714 6752
2994 541
2713 2570
5272 6974
7753 5789
3158 4636
327 187
8549 6403
6349 1039
859 1526
6715 1536
6101 5833
3646 7636
5281 7673
9557 8712
5633 4327
1519 4585
9184 1525
2119 4365
5352 1661
8276 5627
9076 9180
8711 6570
2278 5222
6800 2094
8955 1592
2522 4504
8048 3666
589 5107
8322 7695
2569 5729
2511 7810
6967 7221
8573 3838
4021 648
992 105
7525 9973
122 4910
8112 1739
2797 833
5387 7495
30 4527
1684 9812
3009 9822
1846 1114
9322 7914
3256 6848
685 3576
9965 6344
5741 3572
299 7413
7489 5689
7162 6824
8159 9727
8667 3220
4866 7267
9843 8081
3663 2014
645 2680
5101 531
8394 4447
626 603
5388 5950
9113 3809
9249 1709
8075 662
5236 7794
8620 2747
5926 9941
6738 5584
410 3222
6345 103
7627 1149
3233 7357
2789 2502
7842 2873
582 8056
6177 1672
8643 5292
3123 9539
4468 3852
5743 7563
7427 4107
5158 2201
1891 3328
2881 4682
8501 773
7741 6671
5765 4800
9342 1613
9575 7772
2573 5320
2970 3091
2401 6074
4985 6650
8631 2154
2655 8865
6480 7424
3870 1006
8198 585
5962 2945
406 3327
323 5462
2447 7476
8795 9774
2457 7932
8204 7720
857 3427
4237 1773
8374 5386
7480 246
8671 9224
9447 4040
5368 9247
690 5158
1886 5104
5623 8163
1879 6344
9827 8629
7592 4173
3466 1692
5240 9557
3010 1617
7905 2717
751 5724
3636 3752
2836 3101
9149 3927
1467 2538
2852 1801
5997 1113
727 9324
3361 3330
6403 2974
1167 8667
6479 9439
4058 8677
8862 5435
3765 1840
6876 7535
1555 5429
8681 4161
1133 1184
8971 9262
9217 1590
4455 8559
4090 2300
3087 9497
738 5976
6374 8886
1480 3079
6474 7338
8664 7495
8386 8862
6294 95
7089 7479
2773 7210
4100 9488
4209 236
893 392
122 659
8458 388
5418 9628
9142 650
4011 1371
9250 8278
3487 5387
3400 1879
6671 4139
458 7428
9335 2054
14 4904
4091 8092
1114 9712
1111 6742
1846 6343
8612 1433
3724 8981
5254 6098
6596 6611
554 6706
8292 6680
3072 2545
9625 4365
4826 5991
4874 249
1428 4927
7788 1677
3717 3632
5901 7064
