1000 2
1438 4972
3487 5387
2994 541
3835 4169
6536 3263
5545 5615
7905 2717
1980 190
2116 1122
866 2185
6386 590
2181 2557
1906 2610
7709 3265
8756 5315
8492 8876
8943 2010
8549 6403
4560 4219
1138 6081
2377 7632
5398 4980
3009 9822
7054 2985
2944 4587
5683 6478
1480 3079
3166 8209
3697 9391
6341 7015
2338 4159
8651 859
8016 2297
5894 2745
6686 3210
5905 4864
4952 2663
1080 9599
5368 5437
5016 5048
7925 155
2569 5729
2119 4365
3466 691
9335 2054
1859 417
2358 8426
8799 8859
7619 2039
1338 9231
4389 5615
4863 6015
3338 2055
2329 3007
7894 9503
199 3102
1947 2570
6374 8886
8638 9225
5160 6739
7728 7390
186 4566
4336 5730
9473 7739
5637 7218
4852 2694
5609 1525
3010 1617
6403 2974
6789 8132
2522 4504
5629 3648
1107 5016
6267 5783
9750 6129
347 1650
5036 572
5765 4800
1826 9614
2752 3227
8433 7215
299 7413
3068 7534
8791 7824
1623 3312
9130 4569
682 7030
1301 2542
8955 1592
421 4581
3759 3539
9097 9633
4469 676
5926 9941
8822 2340
7465 9372
7759 8930
37 8032
6924 3622
5494 7804
1652 4946
8644 9753
2554 1132
8649 3969
4835 7909
9006 3107
8711 6570
8848 2884
4254 271
8495 8445
9523 9608
5646 3737
8612 1433
3400 1879
6742 579
3416 6134
4391 2797
8250 96
6485 8123
4288 9678
5454 6583
2387 8503
9885 8223
8820 1544
6744 8753
4850 7251
419 8167
8458 388
7789 8382
6340 3528
3481 4952
8305 2563
665 977
8204 7720
7361 3164
8076 2341
3629 9258
9467 2100
8215 3617
8050 237
526 1323
2662 2741
6569 479
1932 1057
8908 2007
5633 4327
1441 2607
4634 6124
1265 6516
9089 2293
4718 7161
6499 8174
1710 254
3556 151
9775 4769
1479 8666
5705 9473
3835 907
865 6420
6800 2094
5762 2296
3546 2269
435 486
3714 1707
199 3991
1017 2881
9677 8947
1428 4927
4487 7354
6043 2669
3635 5174
3549 8002
5222 4979
4445 4837
6474 7338
7406 7886
1272 3781
8198 585
4092 7446
1044 4166
9234 6769
7627 1149
5650 3927
9664 850
8075 662
4468 3852
6255 8316
4699 7759
8548 4145
30 4527
1325 7831
2866 8222
4369 9487
7271 1853
4549 735
1111 6742
3638 4268
1419 3190
3992 8213
3764 2752
3695 7817
5188 7847
7030 8566
7072 8138
6433 2790
367 8896
9832 1866
1212 4604
5744 5366
3646 7636
9122 1918
2043 9673
8786 7706
4985 6650
5883 9124
8376 5394
9489 3197
1573 9315
5118 2145
2337 8424
4799 3777
6757 2203
589 6588
699 5742
1275 2791
727 9324
122 4910
2255 8657
8730 4699
4167 2859
8133 9170
3361 3330
6826 2644
648 6580
8927 3134
3158 4636
3517 9637
122 659
4244 9821
7724 5516
738 5976
6516 936
5011 1070
4456 8165
4541 7549
5387 7495
8362 2189
5281 7673
145 3824
5901 7064
5215 1231
5904 8282
2660 9110
153 1460
6101 5833
3065 7093
7135 4519
2936 4968
9217 1590
2046 2225
5392 479
5442 2661
2550 7563
8406 9555
4021 648
1091 7983
6684 3704
3808 4966
4855 3358
4461 5834
4890 5607
5727 3615
14 4904
4725 1662
5176 5233
1690 6269
8934 510
3041 6189
6967 7221
2300 9910
3326 2378
893 392
3676 3827
5082 3126
7842 2873
6955 6108
1891 3328
2304 8867
6563 5718
6086 7726
4040 6560
9093 2571
5158 2201
4808 3402
8620 2747
6904 8625
9233 6120
5662 9180
1547 2992
6301 9480
4523 467
9584 1800
325 7731
753 6143
4381 4029
7414 3535
2853 9831
6130 852
4237 1773
3266 9385
2789 2502
342 8896
8148 1093
7193 2864
5537 2926
4448 5895
2655 8865
5893 3741
4011 1371
5160 2528
9249 1709
6291 3809
2484 2474
8329 5908
1520 15
6817 8959
3347 4825
6940 2998
8432 7992
8227 7598
8628 8958
5743 7563
2369 7518
5621 6119
1472 5494
5578 5536
2745 7071
2011 8040
2424 7429
9021 9987
3274 7534
6801 5261
9302 3795
4554 7653
395 1312
292 4947
3156 3061
3466 1692
2402 1249
1697 4182
7525 9973
2447 7476
9567 1495
7744 3450
8027 4538
8559 2903
7444 7480
8684 5759
690 5158
3022 4619
9250 8278
1184 3912
3967 8916
406 3327
7995 885
9512 6433
3072 2545
4058 8677
4100 9488
8683 9099
3902 5569
8631 2154
6120 4096
873 6036
7981 9676
7627 6690
6756 1774
268 645
6108 4178
5254 6098
2350 5833
3765 1840
7894 2906
7505 4185
3663 2014
4387 5176
8001 519
6876 7535
2577 9132
9001 7973
9695 6841
3180 1616
8478 7752
8524 9814
8971 1120
9139 8009
525 4450
4979 8737
8786 9117
8745 2735
3117 1962
1108 5805
3393 4629
5093 57
482 928
3980 712
1190 5043
4889 3787
3258 4219
1633 3805
9345 8889
8395 3909
2714 9512
2153 107
5046 5200
7780 3149
857 3427
8982 7783
3400 2499
1467 2538
2931 1347
9193 6478
9996 2033
8872 6150
590 6381
9149 3927
9847 1699
1140 5641
4956 7783
8795 9774
5023 2165
6202 5981
6046 5564
6251 7171
7466 2514
5708 1079
4945 6479
8862 5435
8310 1699
5356 6242
3546 2785
7169 3281
6596 6611
9557 8712
3692 6872
9625 4365
1879 6344
6206 4049
1771 480
9050 9374
2881 4682
6560 1078
7078 5519
4982 1179
8942 4171
4476 3873
4209 236
6147 2116
7949 2219
9031 1949
2970 3091
6573 8864
1114 9712
4816 3610
9077 6546
1745 8699
3211 6482
7732 6620
8395 5499
8366 2515
8014 7516
1141 3265
5388 5950
4866 7267
2573 472
8330 5507
327 187
5549 9667
3914 2044
2058 3771
6249 534
9201 8730
4629 6895
757 3992
9052 4490
5210 5552
1626 3100
2514 5526
3087 9497
1451 2922
259 7934
8563 6819
728 5062
7631 6935
2795 621
323 5462
6280 3020
2499 8319
2922 5330
2257 2303
8357 5083
9241 6499
6156 8050
7700 7385
6480 7424
3033 75
1480 5218
645 2680
8971 9262
2773 7210
7779 6409
2525 9782
2405 3418
1684 9812
5368 9247
859 1526
2423 1811
4502 1056
9827 8629
2977 8244
1915 1408
5889 675
6645 5150
2457 7932
8588 4984
6927 4408
5418 9628
8681 4161
5128 5541
832 3629
6932 8627
8381 492
1444 6154
6334 7377
4392 9259
9913 779
2053 5100
7707 4982
5463 2218
9200 6971
940 847
759 918
670 2591
9082 4069
5272 6974
8935 1033
6567 6391
9949 9990
6897 110
6681 1001
2621 9982
3055 3936
1358 8661
7280 6345
7788 1677
9434 7795
8953 9934
3638 2202
4444 3436
7048 2048
8247 5952
6396 8126
540 1985
3346 3453
7930 2765
5615 7422
4091 8092
7052 8030
1942 6860
6539 9356
8470 4380
969 114
2474 2882
751 9284
5187 5904
5932 4823
6345 103
8507 2647
1715 3828
7785 1654
4455 8559
9438 5095
3286 2525
1577 3541
8680 25
4372 1029
9020 4158
6769 4805
5352 1661
3823 7363
1446 8041
8217 7456
6715 1536
1060 3352
2620 1968
1740 5965
6699 5824
8159 9727
8491 6742
7917 4227
9843 8081
3530 5984
5240 9101
5787 5604
5168 3097
5983 7246
3314 5343
3717 3632
5858 8584
2916 2107
4742 9718
9490 6214
480 2979
8292 6680
9322 7914
8972 2453
458 7428
8303 1453
7787 6368
2699 1877
5021 5930
1079 2444
3575 5040
2713 2570
8839 7544
9142 650
1276 9832
7592 4173
3270 9873
1473 8907
3123 9539
6978 2005
2331 6883
1250 9159
7377 7286
2278 5222
2852 1801
7639 431
8695 8603
6671 4139
7495 1313
9022 4883
1037 2032
9113 3809
7767 1464
5815 4389
5073 6664
525 13
8664 7495
6838 21
8714 6752
5980 3266
5163 8235
6130 8304
7512 6460
4144 9543
9156 9403
9856 1111
2507 6645
2797 833
3088 5267
9447 4040
4262 6041
8817 878
751 5724
40 7813
6771 7771
1133 1184
2836 3101
1243 6014
1886 5104
7390 2178
1646 3195
512 5719
5240 9557
7460 259
3266 3885
7404 7967
8773 4109
3233 7357
2524 8732
6864 2301
1636 512
7895 3029
9919 9439
9316 7666
5895 2889
2066 8826
4761 578
5761 2829
5101 531
9557 722
3724 8981
7578 9899
5187 5819
6177 1672
8000 5884
3291 6500
4593 4837
4963 8654
571 3880
7427 4107
9022 5205
9329 6790
8643 5292
7170 5582
4826 5991
7394 1621
8654 4880
3657 8347
2435 2785
8573 3838
8727 4351
6922 4213
6084 7829
8857 5110
3098 9385
1824 47
6653 9835
685 3576
5844 1715
9342 1613
3160 6254
9965 6344
9700 2648
3870 1006
4453 2944
1167 8667
3256 6848
8352 303
7958 3109
3979 7656
4324 9378
7330 1775
5741 3572
1405 2058
9659 4882
5169 5145
4541 9006
3265 3982
7480 246
1519 4585
9057 6349
1475 8443
2043 4813
9573 2681
4032 6052
2470 3386
2835 1718
3350 1632
8554 9327
582 8056
252 8195
8970 1769
6656 843
5962 2945
2720 5915
4406 1460
6318 2237
6370 1858
9402 4396
4151 6763
882 2359
1498 1668
9339 6674
7937 7149
7509 5188
5236 7794
4709 4604
1568 956
3002 6787
4354 5014
8671 9224
5467 6912
9516 1953
3158 8727
7753 5789
7397 6949
682 5103
3548 5289
6615 5146
8048 3666
5778 3946
2444 484
9170 6567
9866 6564
8361 9447
8209 9447
7547 8938
1910 6486
626 603
420 9752
7089 7479
3818 2169
5623 8163
607 5687
4796 953
6738 5584
1432 5871
8624 8395
4090 2300
7788 5899
9781 9615
75 2194
9850 1609
7681 9822
9838 819
3319 7164
8460 6889
3945 4057
7711 9136
8747 1421
362 2076
7150 7313
9403 337
5789 4407
5849 4489
1270 8644
5702 9381
5481 55
1401 166
949 858
992 105
8348 1830
4618 8767
2401 6074
4775 3655
6479 9439
406 6247
3117 9609
2047 7290
2265 7145
5370 4383
360 6949
9652 6398
1944 4494
3244 2458
5233 2826
9468 6913
6294 95
9812 1855
6344 4760
8639 3676
6349 1039
960 766
4606 4641
7541 7946
5325 2970
4698 878
8465 1942
4401 5467
8350 8233
5997 1113
9124 6086
7741 6671
5201 4696
4848 9462
7613 8072
4151 3089
8301 7589
8876 9369
5900 6414
8930 7374
8886 6027
5415 3986
875 6840
284 3192
3636 3752
52 9604
9536 4785
1646 5606
1271 8601
1846 6343
5977 3110
2446 6905
4560 754
9664 9367
1631 1995
1784 6804
8386 8862
607 2358
2573 5320
5339 3654
914 1774
8026 1519
4656 6213
8017 1929
2976 304
7802 4832
4973 177
8394 4447
4718 8515
9974 8870
1351 7642
5460 7340
801 5774
9120 1111
8316 7814
2642 4862
9184 1525
9886 65
4905 8646
9335 490
8501 773
8232 1242
8667 3220
1926 2074
9420 9964
4039 897
3710 3188
7489 5689
2308 61
4445 4902
9738 5085
9192 2314
554 6706
9519 1815
8947 8865
7712 9100
2804 7509
4792 693
4608 4375
4145 9746
6022 7690
3098 4272
7907 4034
5950 8494
2264 5377
7404 4738
2895 7531
4855 86
6981 7430
1268 9498
3551 9841
9076 9180
5423 7292
3977 5097
1555 5429
6213 213
4537 9483
8276 5627
3327 6042
5526 9419
410 3222
2629 5614
4004 7074
62 9506
3515 2622
3266 8408
7152 8870
5739 5569
6901 1379
2511 7810
5151 9227
8322 7695
4874 249
8968 319
3586 2897
410 5518
8374 5386
8409 4671
589 5107
7162 6824
1212 7310
1852 8416
4400 4238
4571 3051
3512 5827
6287 1556
9903 157
6242 9526
3313 5056
5270 1636
6682 3709
6344 8166
4825 3476
1210 3929
2678 3983
6355 7387
9575 7772
9259 395
7966 7993
9940 2953
2060 5520
5752 4157
7279 3285
3178 1685
1846 1114
4928 4469
1730 9392
8112 1739
7726 5045
8608 9835
1781 4771
7295 3888
716 5809
5657 8214
1758 8138
6522 4054
1493 4865
