1000 2
8276 5627
8970 1769
8133 9170
7489 5689
4890 5607
8680 25
1467 2538
9021 9987
6838 21
7709 3265
5021 5930
857 3427
9022 4883
4905 8646
7741 6671
3546 2269
8943 2010
421 4581
122 659
8820 1544
3233 7357
7789 8382
3400 1879
6516 936
6684 3704
292 4947
4608 4375
7072 8138
8727 4351
9302 3795
1824 47
6771 7771
3338 2055
8316 7814
1444 6154
6147 2116
9234 6769
1784 6804
2789 2502
6334 7377
7377 7286
1633 3805
4956 7783
1947 2570
2573 472
2745 7071
1942 6860
3088 5267
3009 9822
6656 843
7995 885
3258 4219
342 8896
8075 662
1690 6269
8322 7695
2011 8040
1190 5043
4032 6052
3350 1632
8643 5292
9402 4396
284 3192
6267 5783
8232 1242
4982 1179
8588 4984
4698 878
4718 8515
5623 8163
7780 3149
4444 3436
4445 4837
4100 9488
6499 8174
1108 5805
3087 9497
6301 9480
8628 8958
8730 4699
9316 7666
1684 9812
1133 1184
8695 8603
4406 1460
9523 9608
3314 5343
9467 2100
7078 5519
9006 3107
1017 2881
525 13
6569 479
1910 6486
8684 5759
410 5518
480 2979
7785 1654
8433 7215
4606 4641
9193 6478
2797 833
9775 4769
6922 4213
1568 956
9139 8009
1405 2058
1740 5965
7907 4034
5761 2829
1631 1995
3466 1692
9345 8889
2423 1811
52 9604
6596 6611
3158 4636
482 928
4560 754
9567 1495
9120 1111
4855 3358
2881 4682
5980 3266
5905 4864
7547 8938
5160 2528
5398 4980
645 2680
199 3102
8014 7516
299 7413
4372 1029
6206 4049
5844 1715
8395 3909
6817 8959
5545 5615
5222 4979
8458 388
9677 8947
3835 907
9170 6567
1276 9832
4808 3402
6386 590
7759 8930
6800 2094
4237 1773
2387 8503
9903 157
4151 6763
4761 578
4448 5895
8112 1739
4090 2300
3646 7636
9001 7973
4262 6041
7592 4173
3818 2169
9489 3197
9217 1590
7525 9973
5765 4800
2629 5614
2499 8319
6560 1078
5046 5200
7958 3109
2047 7290
8310 1699
8491 6742
2066 8826
589 5107
992 105
1555 5429
5201 4696
7744 3450
2642 4862
7925 155
2424 7429
3515 2622
3022 4619
8301 7589
7495 1313
6108 4178
4979 8737
6756 1774
3123 9539
1428 4927
9886 65
3586 2897
8292 6680
5526 9419
4039 897
7905 2717
801 5774
3117 9609
7779 6409
7361 3164
8460 6889
8857 5110
9020 4158
145 3824
1859 417
2278 5222
8050 237
5270 1636
3517 9637
6876 7535
1915 1408
9122 1918
6485 8123
2621 9982
347 1650
8667 3220
3400 2499
5932 4823
914 1774
4554 7653
4461 5834
4167 2859
40 7813
3823 7363
6341 7015
5849 4489
8406 9555
7712 9100
9259 395
8016 2297
512 5719
682 7030
395 1312
4391 2797
3710 3188
9847 1699
4387 5176
4855 86
5093 57
1980 190
7480 246
6156 8050
1479 8666
7753 5789
5549 9667
3635 5174
4852 2694
1140 5641
1079 2444
8791 7824
7613 8072
8559 2903
7707 4982
3638 4268
4011 1371
960 766
7427 4107
4796 953
8876 9369
8681 4161
4541 7549
8745 2735
7966 7993
9575 7772
199 3991
4656 6213
325 7731
406 3327
8305 2563
5787 5604
6022 7690
6897 110
738 5976
3068 7534
7724 5516
949 858
8524 9814
1519 4585
6043 2669
8198 585
9856 1111
8352 303
6344 4760
9031 1949
1944 4494
1210 3929
7397 6949
2329 3007
6567 6391
9827 8629
1338 9231
5418 9628
3714 1707
7089 7479
8982 7783
4963 8654
2116 1122
8330 5507
6242 9526
5460 7340
5281 7673
1710 254
8470 4380
5950 8494
9184 1525
3697 9391
4455 8559
8862 5435
2511 7810
665 977
4468 3852
753 6143
7578 9899
6130 8304
1745 8699
6645 5150
6130 852
2852 1801
6345 103
5352 1661
8972 2453
7627 6690
5339 3654
5708 1079
4825 3476
5163 8235
9249 1709
8204 7720
3346 3453
8664 7495
893 392
690 5158
3270 9873
2507 6645
1250 9159
3266 3885
5778 3946
8329 5908
2446 6905
7627 1149
8955 1592
2752 3227
7279 3285
6177 1672
9573 2681
7619 2039
5168 3097
8247 5952
6940 2998
7465 9372
5900 6414
6251 7171
526 1323
5272 6974
4725 1662
8215 3617
5188 7847
5983 7246
8381 492
2265 7145
7732 6620
6757 2203
2337 8424
360 6949
6864 2301
5233 2826
1060 3352
6653 9835
1091 7983
5494 7804
5387 7495
2916 2107
2447 7476
1272 3781
5637 7218
6294 95
7930 2765
8492 8876
5073 6664
1212 4604
3692 6872
1141 3265
5741 3572
9124 6086
420 9752
4874 249
8927 3134
1646 5606
3291 6500
323 5462
5442 2661
1438 4972
8376 5394
4850 7251
8148 1093
2402 1249
6287 1556
727 9324
6927 4408
4718 7161
9940 2953
3945 4057
5036 572
4145 9746
5646 3737
8644 9753
859 1526
8217 7456
590 6381
1358 8661
8507 2647
1715 3828
3033 75
2936 4968
3695 7817
9536 4785
3002 6787
9659 4882
5683 6478
5415 3986
6967 7221
8362 2189
2484 2474
9838 819
6522 4054
5858 8584
4445 4902
6340 3528
6682 3709
1730 9392
865 6420
5895 2889
7788 1677
2043 4813
5962 2945
4560 4219
4826 5991
5368 5437
2470 3386
6789 8132
9335 2054
6539 9356
6046 5564
6255 8316
2655 8865
5240 9557
607 2358
648 6580
5454 6583
4549 735
6901 1379
5254 6098
2046 2225
419 8167
9516 1953
5423 7292
8624 8395
7169 3281
6671 4139
5236 7794
8159 9727
6084 7829
9434 7795
6681 1001
5356 6242
2308 61
8934 510
4928 4469
2660 9110
3992 8213
6981 7430
7639 431
4476 3873
327 187
8942 4171
1044 4166
9519 1815
1577 3541
9335 490
8409 4671
8048 3666
2994 541
1906 2610
5621 6119
8747 1421
7700 7385
3265 3982
7193 2864
6924 3622
7917 4227
5101 531
6536 3263
1111 6742
1270 8644
5016 5048
4502 1056
1080 9599
1573 9315
3914 2044
6699 5824
1037 2032
9403 337
699 5742
8495 8445
4792 693
4985 6650
6349 1039
9201 8730
8357 5083
6932 8627
5537 2926
8817 878
3156 3061
8227 7598
9974 8870
8872 6150
9843 8081
5705 9473
9850 1609
8953 9934
5169 5145
1846 6343
5158 2201
8548 4145
1623 3312
873 6036
9832 1866
4004 7074
9557 722
2554 1132
2304 8867
3244 2458
3551 9841
6213 213
5744 5366
7726 5045
1480 5218
3347 4825
8001 519
1446 8041
9339 6674
4945 6479
5118 2145
8799 8859
728 5062
3211 6482
7330 1775
9241 6499
3098 9385
5893 3741
5815 4389
1926 2074
5210 5552
2944 4587
1351 7642
9149 3927
8563 6819
5904 8282
3266 9385
7150 7313
5997 1113
75 2194
2866 8222
9664 9367
3980 712
3180 1616
4816 3610
7444 7480
3055 3936
4324 9378
3166 8209
2257 2303
6374 8886
9700 2648
589 6588
9490 6214
8822 2340
2773 7210
3717 3632
4354 5014
5176 5233
9996 2033
554 6706
2514 5526
9781 9615
2358 8426
3041 6189
1652 4946
9089 2293
2577 9132
1167 8667
9093 2571
268 645
2377 7632
6291 3809
7895 3029
1758 8138
8631 2154
1781 4771
5889 675
1441 2607
9142 650
6344 8166
882 2359
7404 7967
8671 9224
3724 8981
6101 5833
3657 8347
3466 691
8573 3838
8711 6570
4336 5730
5578 5536
6738 5584
4537 9483
4389 5615
1480 3079
9473 7739
3319 7164
7271 1853
5151 9227
2569 5729
9057 6349
6202 5981
8886 6027
3160 6254
6120 4096
5325 2970
8649 3969
3629 9258
3393 4629
6573 8864
3313 5056
5894 2745
4618 8767
9750 6129
3764 2752
571 3880
4381 4029
7509 5188
3808 4966
410 3222
2976 304
9447 4040
8947 8865
1325 7831
3416 6134
9420 9964
3663 2014
2043 9673
8651 859
4040 6560
435 486
1275 2791
5739 5569
8608 9835
9077 6546
3575 5040
1852 8416
7894 9503
6433 2790
2678 3983
2153 107
7414 3535
3902 5569
9052 4490
8303 1453
2922 5330
8465 1942
5368 9247
5743 7563
1886 5104
252 8195
7894 2906
7054 2985
1636 512
670 2591
9192 2314
866 2185
6370 1858
4369 9487
5752 4157
9200 6971
8654 4880
3765 1840
3286 2525
4091 8092
7512 6460
3098 4272
4456 8165
2720 5915
8714 6752
4889 3787
7466 2514
2401 6074
9097 9633
4866 7267
9625 4365
6480 7424
8549 6403
3326 2378
2435 2785
2931 1347
2550 7563
3274 7534
3759 3539
4144 9543
8971 9262
4487 7354
7681 9822
2060 5520
2895 7531
362 2076
4541 9006
8839 7544
4593 4837
3636 3752
5187 5819
9076 9180
757 3992
7842 2873
2405 3418
8394 4447
3266 8408
9250 8278
9468 6913
6249 534
875 6840
1826 9614
2525 9782
716 5809
7280 6345
9557 8712
9913 779
7767 1464
8209 9447
832 3629
30 4527
7152 8870
7170 5582
7631 6935
3870 1006
2795 621
5901 7064
2331 6883
9156 9403
8432 7992
8756 5315
1879 6344
7295 3888
2853 9831
969 114
8348 1830
4775 3655
1265 6516
8848 2884
8027 4538
3178 1685
1271 8601
8773 4109
8017 1929
4244 9821
406 6247
9342 1613
153 1460
2835 1718
3676 3827
5883 9124
8554 9327
5481 55
8386 8862
122 4910
5762 2296
9438 5095
9965 6344
367 8896
6355 7387
3072 2545
7460 259
8361 9447
2713 2570
9652 6398
2350 5833
5388 5950
7711 9136
6769 4805
1498 1668
4523 467
3556 151
6904 8625
9812 1855
5657 8214
8971 1120
2457 7932
9512 6433
2662 2741
4392 9259
4634 6124
1520 15
4973 177
4952 2663
7505 4185
5370 4383
6403 2974
3835 4169
2804 7509
3548 5289
6396 8126
3967 8916
8683 9099
4288 9678
7787 6368
8000 5884
9664 850
2119 4365
2181 2557
458 7428
6978 2005
1475 8443
6479 9439
6280 3020
2338 4159
5128 5541
1243 6014
1771 480
7937 7149
4151 3089
6318 2237
2522 4504
2573 5320
1301 2542
626 603
3530 5984
3065 7093
8786 9117
8366 2515
2524 8732
3327 6042
2255 8657
186 4566
5467 6912
7390 2178
6686 3210
4453 2944
1846 1114
582 8056
8639 3676
5240 9101
940 847
6086 7726
2620 1968
8076 2341
4709 4604
3256 6848
3549 8002
2058 3771
5633 4327
8786 7706
4799 3777
9022 5205
8395 5499
7048 2048
9949 9990
37 8032
751 9284
7394 1621
4254 271
3158 8727
682 5103
4863 6015
9584 1800
1138 6081
8501 773
4400 4238
9082 4069
8968 319
62 9506
685 3576
3117 1962
4848 9462
6474 7338
5662 9180
8935 1033
7404 4738
5650 3927
7981 9676
3481 4952
8908 2007
2836 3101
4209 236
9113 3809
8620 2747
6744 8753
2699 1877
5609 1525
6615 5146
9695 6841
5926 9941
3977 5097
2977 8244
7802 4832
1891 3328
1547 2992
9233 6120
1184 3912
5727 3615
9738 5085
5615 7422
1697 4182
3512 5827
1268 9498
759 918
9919 9439
2053 5100
3487 5387
7728 7390
7949 2219
2300 9910
9130 4569
5215 1231
1493 4865
8612 1433
259 7934
3361 3330
1212 7310
7135 4519
5977 3110
7030 8566
5011 1070
540 1985
8374 5386
8350 8233
9050 9374
8478 7752
2369 7518
7788 5899
5629 3648
5789 4407
6715 1536
6801 5261
6955 6108
2970 3091
5082 3126
5160 6739
8026 1519
3979 7656
1451 2922
1401 166
9329 6790
6826 2644
1472 5494
4629 6895
9322 7914
8638 9225
4469 676
4835 7909
1419 3190
14 4904
7052 8030
5702 9381
2714 9512
3546 2785
751 5724
7406 7886
5187 5904
1626 3100
4092 7446
4699 7759
4401 5467
525 4450
4058 8677
7541 7946
5392 479
6742 579
7162 6824
8930 7374
8250 96
2264 5377
4021 648
3010 1617
6563 5718
1932 1057
1473 8907
2444 484
5463 2218
1107 5016
1646 3195
1432 5871
5023 2165
3638 2202
2474 2882
4742 9718
4571 3051
8795 9774
607 5687
9885 8223
9866 6564
1114 9712
