1000 2
5646 3737
3266 9385
8350 8233
525 13
9467 2100
9827 8629
5494 7804
8649 3969
8857 5110
6345 103
7054 2985
3945 4057
9567 1495
9664 9367
4254 271
3158 4636
8495 8445
7170 5582
7741 6671
2881 4682
2116 1122
8822 2340
1438 4972
7753 5789
1646 5606
5415 3986
1771 480
8683 9099
5615 7422
3117 1962
8727 4351
9856 1111
6341 7015
4799 3777
410 3222
5895 2889
8159 9727
1926 2074
4039 897
259 7934
2720 5915
3556 151
6932 8627
1275 2791
7949 2219
3466 1692
4848 9462
325 7731
9438 5095
3629 9258
1444 6154
8654 4880
582 8056
8747 1421
9120 1111
5997 1113
4336 5730
4863 6015
2405 3418
670 2591
1781 4771
406 3327
2447 7476
7788 5899
9006 3107
873 6036
5467 6912
5637 7218
2944 4587
5609 1525
6396 8126
5739 5569
1730 9392
554 6706
6344 4760
6108 4178
5950 8494
3914 2044
8773 4109
1932 1057
6671 4139
7397 6949
5046 5200
7495 1313
6334 7377
6699 5824
7150 7313
2577 9132
299 7413
9434 7795
5236 7794
1520 15
8971 9262
4982 1179
1141 3265
1980 190
2369 7518
7048 2048
2423 1811
8947 8865
1784 6804
2300 9910
122 659
7712 9100
4852 2694
9057 6349
8876 9369
682 7030
3041 6189
6086 7726
1577 3541
4718 7161
2011 8040
8027 4538
8886 6027
3274 7534
6206 4049
9489 3197
4889 3787
5082 3126
5418 9628
7981 9676
9193 6478
571 3880
8017 1929
7767 1464
5894 2745
6715 1536
2181 2557
9573 2681
7639 431
753 6143
145 3824
6904 8625
9557 722
8076 2341
2053 5100
3350 1632
859 1526
914 1774
8292 6680
7785 1654
645 2680
1301 2542
406 6247
7744 3450
6156 8050
8644 9753
8433 7215
2745 7071
7390 2178
9031 1949
4608 4375
4145 9746
3313 5056
8563 6819
284 3192
3346 3453
410 5518
8381 492
4537 9483
6769 4805
1272 3781
1270 8644
4406 1460
8215 3617
1498 1668
6563 5718
7700 7385
1633 3805
5370 4383
367 8896
2329 3007
6022 7690
1405 2058
5460 7340
6940 2998
2474 2882
1846 1114
5815 4389
7732 6620
7707 4982
9020 4158
6340 3528
2804 7509
6615 5146
9076 9180
8612 1433
699 5742
4401 5467
8549 6403
3123 9539
5787 5604
6817 8959
7925 155
4775 3655
6801 5261
9250 8278
9949 9990
4796 953
3551 9841
3326 2378
1891 3328
9913 779
4032 6052
4850 7251
1473 8907
40 7813
9345 8889
3158 8727
4445 4837
5752 4157
4487 7354
9512 6433
9625 4365
9519 1815
7444 7480
7377 7286
2773 7210
3393 4629
1276 9832
9847 1699
3098 9385
2525 9782
4905 8646
4973 177
648 6580
992 105
4262 6041
7295 3888
2043 9673
1167 8667
1555 5429
4476 3873
8624 8395
5270 1636
2304 8867
5905 4864
3717 3632
1044 4166
6213 213
3517 9637
9781 9615
8548 4145
8651 859
8684 5759
4523 467
5215 1231
1879 6344
8943 2010
2255 8657
4855 3358
6789 8132
8554 9327
8357 5083
512 5719
5702 9381
1910 6486
5744 5366
5549 9667
8148 1093
5705 9473
9022 5205
9200 6971
252 8195
9241 6499
3180 1616
7627 1149
685 3576
9322 7914
7505 4185
8507 2647
1401 166
8695 8603
9233 6120
3980 712
2752 3227
5889 675
5962 2945
7404 4738
738 5976
6084 7829
3764 2752
1017 2881
9316 7666
8376 5394
7414 3535
4011 1371
6742 579
3902 5569
395 1312
5016 5048
5926 9941
7489 5689
3072 2545
7894 9503
1886 5104
3338 2055
7480 246
7724 5516
7330 1775
728 5062
5657 8214
7995 885
5481 55
5168 3097
292 4947
5901 7064
6757 2203
5392 479
8322 7695
9677 8947
4709 4604
7078 5519
2795 621
6927 4408
7135 4519
4560 754
9866 6564
3710 3188
5900 6414
2797 833
3347 4825
6101 5833
4369 9487
3258 4219
1079 2444
5325 2970
9403 337
5151 9227
8714 6752
3586 2897
1467 2538
9124 6086
6653 9835
7578 9899
8711 6570
1652 4946
5983 7246
8362 2189
1472 5494
4389 5615
832 3629
347 1650
8409 4671
3818 2169
4444 3436
8680 25
6130 852
3314 5343
3178 1685
7613 8072
1824 47
5176 5233
4354 5014
7709 3265
4945 6479
8374 5386
6536 3263
7726 5045
2265 7145
9832 1866
2401 6074
7930 2765
4151 6763
9664 850
857 3427
8791 7824
5683 6478
4391 2797
1140 5641
4453 2944
8460 6889
7271 1853
2153 107
1826 9614
9903 157
8478 7752
5708 1079
8470 4380
7619 2039
4461 5834
186 4566
6251 7171
4928 4469
7905 2717
8681 4161
1710 254
5201 4696
5526 9419
9139 8009
8395 5499
8620 2747
4835 7909
3835 907
9659 4882
8048 3666
9170 6567
8301 7589
6771 7771
5210 5552
6291 3809
4167 2859
3759 3539
4387 5176
37 8032
6403 2974
360 6949
2866 8222
9234 6769
9700 2648
6596 6611
5187 5819
6147 2116
435 486
4618 8767
3697 9391
420 9752
5368 5437
1114 9712
4021 648
3022 4619
1338 9231
199 3102
9850 1609
5352 1661
9184 1525
8458 388
8465 1942
8050 237
6756 1774
2338 4159
949 858
1111 6742
8664 7495
4963 8654
4448 5895
4468 3852
4244 9821
4144 9543
1268 9498
52 9604
4718 8515
6897 110
1441 2607
3765 1840
6386 590
9130 4569
5339 3654
7681 9822
5101 531
2066 8826
5240 9101
6656 843
1493 4865
7280 6345
727 9324
8276 5627
6981 7430
3512 5827
8361 9447
8671 9224
9420 9964
2620 1968
4502 1056
2852 1801
4952 2663
8817 878
5188 7847
2970 3091
5160 6739
1138 6081
5761 2829
8934 510
2931 1347
865 6420
8395 3909
3977 5097
5932 4823
323 5462
8908 2007
5128 5541
9249 1709
8217 7456
7547 8938
526 1323
2789 2502
3548 5289
5537 2926
6249 534
4372 1029
8955 1592
8406 9555
590 6381
1690 6269
2678 3983
8250 96
3400 1879
8303 1453
6474 7338
7894 2906
3266 3885
4456 8165
7842 2873
3117 9609
2507 6645
3638 2202
3692 6872
7427 4107
682 5103
6978 2005
3676 3827
607 5687
3270 9873
1428 4927
3065 7093
8971 1120
4606 4641
5789 4407
9149 3927
2278 5222
4151 3089
3361 3330
8930 7374
5849 4489
3546 2785
9490 6214
5578 5536
7525 9973
6130 8304
1740 5965
759 918
7466 2514
2043 4813
5368 9247
1846 6343
7895 3029
4825 3476
3416 6134
8492 8876
8982 7783
2977 8244
5281 7673
2936 4968
7631 6935
3244 2458
2662 2741
589 6588
4040 6560
2257 2303
960 766
9052 4490
9974 8870
1547 2992
1351 7642
2514 5526
6046 5564
8310 1699
7789 8382
9001 7973
9750 6129
7592 4173
540 1985
2119 4365
1623 3312
801 5774
4855 86
6955 6108
7711 9136
1480 5218
6318 2237
969 114
2358 8426
5222 4979
2524 8732
1190 5043
5388 5950
7966 7993
9886 65
8935 1033
1626 3100
6043 2669
4237 1773
3549 8002
1852 8416
362 2076
3636 3752
8491 6742
3286 2525
5073 6664
482 928
6682 3709
2573 472
2522 4504
3068 7534
8839 7544
4816 3610
6560 1078
9201 8730
268 645
8745 2735
6684 3704
3291 6500
5743 7563
7030 8566
8112 1739
2424 7429
2569 5729
3546 2269
1060 3352
7627 6690
5158 2201
2916 2107
1271 8601
2994 541
5163 8235
8232 1242
9402 4396
626 603
3466 691
3400 2499
5629 3648
419 8167
8643 5292
1745 8699
3166 8209
9775 4769
1451 2922
2444 484
9838 819
6567 6391
9516 1953
607 2358
5463 2218
6573 8864
9077 6546
1184 3912
2499 8319
1091 7983
7512 6460
3967 8916
9575 7772
3823 7363
8016 2297
3327 6042
6349 1039
8848 2884
8227 7598
5356 6242
8075 662
8386 8862
1446 8041
6744 8753
6864 2301
6370 1858
4956 7783
3663 2014
5904 8282
9738 5085
6522 4054
421 4581
5387 7495
5844 1715
8247 5952
6738 5584
8316 7814
480 2979
4058 8677
2047 7290
8209 9447
8198 585
1631 1995
7728 7390
6800 2094
7787 6368
5233 2826
3266 8408
1715 3828
7917 4227
4209 236
2922 5330
8588 4984
5169 5145
4761 578
2642 4862
4392 9259
8968 319
2387 8503
690 5158
3992 8213
1906 2610
8756 5315
9113 3809
2060 5520
4455 8559
8501 773
9021 9987
1636 512
3487 5387
8862 5435
1942 6860
4469 676
8000 5884
7169 3281
1646 3195
9584 1800
4091 8092
9335 2054
5662 9180
5011 1070
6901 1379
7802 4832
9093 2571
1947 2570
5423 7292
9022 4883
5023 2165
5160 2528
9940 2953
5765 4800
458 7428
7361 3164
1080 9599
122 4910
9089 2293
8573 3838
4541 7549
1358 8661
1479 8666
2337 8424
5240 9557
4656 6213
2350 5833
4324 9378
5442 2661
6202 5981
8559 2903
3657 8347
589 5107
6294 95
8001 519
342 8896
8972 2453
866 2185
2331 6883
327 187
75 2194
9652 6398
3211 6482
6569 479
8953 9934
6499 8174
2713 2570
1250 9159
8432 7992
9217 1590
3695 7817
1944 4494
9996 2033
4634 6124
1697 4182
2484 2474
4593 4837
8330 5507
8026 1519
62 9506
1432 5871
3575 5040
7465 9372
2621 9982
751 9284
4979 8737
3724 8981
8820 1544
8348 1830
4400 4238
5741 3572
1475 8443
4090 2300
4381 4029
6826 2644
4699 7759
1210 3929
9536 4785
7089 7479
8329 5908
2446 6905
9695 6841
1915 1408
751 5724
9082 4069
7152 8870
3256 6848
5454 6583
4890 5607
7162 6824
882 2359
1419 3190
2402 1249
4985 6650
9468 6913
6242 9526
7509 5188
5858 8584
8631 2154
1758 8138
9447 4040
2470 3386
4792 693
8730 4699
8799 8859
7780 3149
3319 7164
875 6840
8927 3134
4004 7074
4445 4902
3010 1617
3530 5984
2836 3101
6255 8316
5254 6098
4100 9488
5980 3266
2554 1132
8352 303
3233 7357
5633 4327
7460 259
5021 5930
8014 7516
8872 6150
3033 75
9050 9374
9329 6790
7937 7149
5398 4980
6876 7535
3156 3061
5623 8163
1212 7310
4874 249
2046 2225
2629 5614
6177 1672
757 3992
8204 7720
8608 9835
8942 4171
6344 8166
3635 5174
7907 4034
8394 4447
3098 4272
2435 2785
3002 6787
8366 2515
2714 9512
716 5809
9156 9403
3265 3982
8133 9170
893 392
4866 7267
6681 1001
3055 3936
6686 3210
5893 3741
3638 4268
4560 4219
5778 3946
5727 3615
9812 1855
2457 7932
1133 1184
5883 9124
2511 7810
30 4527
6374 8886
1107 5016
9843 8081
2853 9831
4698 878
8667 3220
8970 1769
14 4904
1859 417
8524 9814
6516 936
4742 9718
1684 9812
9335 490
6922 4213
2573 5320
9342 1613
7052 8030
940 847
3808 4966
9122 1918
2550 7563
7404 7967
6539 9356
5036 572
5650 3927
4541 9006
525 4450
9142 650
3646 7636
4549 735
4725 1662
6924 3622
7193 2864
2976 304
1519 4585
6355 7387
5272 6974
9885 8223
2660 9110
4808 3402
6287 1556
2655 8865
3160 6254
1573 9315
8638 9225
6479 9439
8305 2563
8628 8958
7072 8138
199 3991
153 1460
5118 2145
6645 5150
9259 395
1325 7831
2699 1877
7406 7886
6120 4096
1212 4604
6838 21
3870 1006
8786 7706
8786 9117
7958 3109
5093 57
3515 2622
7779 6409
5545 5615
3835 4169
9302 3795
9473 7739
9097 9633
6267 5783
9965 6344
2058 3771
7279 3285
6967 7221
9339 6674
2895 7531
2835 1718
7394 1621
3088 5267
8639 3676
1108 5805
7759 8930
1265 6516
5187 5904
3481 4952
6433 2790
4629 6895
7541 7946
6480 7424
4826 5991
7788 1677
1037 2032
3087 9497
4092 7446
4288 9678
9523 9608
2377 7632
9557 8712
2308 61
1568 956
3979 7656
5621 6119
9192 2314
1243 6014
4571 3051
4554 7653
5762 2296
6485 8123
1480 3079
3009 9822
9919 9439
665 977
3714 1707
5977 3110
6280 3020
2264 5377
6301 9480
8795 9774
