1000 2
2797 833
8756 5315
7759 8930
9184 1525
3180 1616
8017 1929
199 3102
199 3991
6686 3210
5743 7563
8495 8445
9625 4365
4554 7653
4369 9487
3088 5267
5926 9941
1846 1114
2153 107
2350 5833
4979 8737
5904 8282
419 8167
2444 484
9124 6086
1473 8907
7905 2717
2853 9831
5168 3097
5787 5604
7958 3109
1428 4927
9536 4785
9217 1590
1276 9832
5778 3946
1272 3781
5739 5569
7460 259
2804 7509
525 4450
9516 1953
1631 1995
62 9506
3676 3827
6932 8627
8362 2189
6573 8864
3158 8727
8927 3134
682 7030
1555 5429
6645 5150
6876 7535
9843 8081
8014 7516
9467 2100
5901 7064
5849 4489
6771 7771
5016 5048
1405 2058
6681 1001
8631 2154
6615 5146
8075 662
6251 7171
3065 7093
5650 3927
3117 1962
2278 5222
8549 6403
8695 8603
2577 9132
5423 7292
2043 4813
5352 1661
4040 6560
9076 9180
3338 2055
9919 9439
8524 9814
8478 7752
8908 2007
6344 8166
9193 6478
7406 7886
7048 2048
1479 8666
7404 7967
4541 9006
1697 4182
8559 2903
4091 8092
8684 5759
5858 8584
7925 155
7711 9136
1852 8416
5368 9247
1859 417
6922 4213
2337 8424
6671 4139
753 6143
4401 5467
3517 9637
8799 8859
2525 9782
1467 2538
347 1650
3980 712
7466 2514
3764 2752
8667 3220
52 9604
8406 9555
6086 7726
284 3192
6539 9356
8198 585
2304 8867
7072 8138
1886 5104
8971 9262
2435 2785
5894 2745
1879 6344
8971 1120
1646 5606
1140 5641
5021 5930
949 858
3586 2897
2699 1877
7709 3265
3010 1617
4387 5176
4889 3787
8820 1544
4151 3089
3286 2525
9812 1855
5188 7847
3808 4966
7361 3164
5727 3615
1475 8443
7949 2219
873 6036
6334 7377
1684 9812
7917 4227
7152 8870
992 105
3635 5174
9584 1800
2358 8426
5844 1715
8432 7992
458 7428
6120 4096
9082 4069
1498 1668
6596 6611
4982 1179
30 4527
1141 3265
3400 2499
8395 3909
8501 773
7802 4832
9557 8712
5222 4979
2423 1811
5609 1525
3393 4629
4032 6052
8458 388
1519 4585
482 928
480 2979
2994 541
3326 2378
4850 7251
9847 1699
7279 3285
9329 6790
5463 2218
5762 2296
6108 4178
6800 2094
8250 96
1915 1408
727 9324
4725 1662
3902 5569
9156 9403
670 2591
3072 2545
9335 2054
7414 3535
6817 8959
3327 6042
7631 6935
6043 2669
1652 4946
9886 65
8386 8862
1758 8138
9850 1609
8683 9099
7495 1313
6684 3704
1079 2444
6403 2974
5442 2661
5621 6119
323 5462
6756 1774
1626 3100
421 4581
3546 2785
4523 467
6287 1556
1432 5871
6901 1379
1623 3312
5662 9180
4167 2859
3178 1685
9434 7795
8886 6027
4656 6213
4389 5615
590 6381
4963 8654
9885 8223
5254 6098
9838 819
7995 885
8972 2453
327 187
9468 6913
3556 151
9031 1949
3870 1006
7170 5582
607 5687
8786 7706
4092 7446
6341 7015
9233 6120
1826 9614
5537 2926
8857 5110
5481 55
8409 4671
5169 5145
4262 6041
6838 21
4487 7354
2835 1718
4144 9543
8394 4447
259 7934
8330 5507
7894 2906
410 5518
6474 7338
1926 2074
9234 6769
9322 7914
6355 7387
1325 7831
8001 519
3055 3936
7787 6368
8292 6680
7541 7946
410 3222
7700 7385
2011 8040
3270 9873
1114 9712
1781 4771
145 3824
5705 9473
9402 4396
2255 8657
4698 878
8303 1453
4816 3610
2642 4862
8930 7374
7785 1654
3347 4825
7169 3281
2852 1801
9447 4040
6742 579
751 5724
6801 5261
5629 3648
4400 4238
3759 3539
589 5107
7193 2864
7397 6949
8773 4109
969 114
5765 4800
8348 1830
2470 3386
6301 9480
2474 2882
6433 2790
8947 8865
2116 1122
4058 8677
3530 5984
1547 2992
5160 2528
6084 7829
9781 9615
6156 8050
5176 5233
6744 8753
9913 779
420 9752
9903 157
5980 3266
6904 8625
2257 2303
582 8056
1091 7983
3041 6189
4354 5014
8649 3969
6213 213
3022 4619
5761 2829
1710 254
960 766
3714 1707
759 918
1745 8699
9097 9633
3835 907
690 5158
1351 7642
4855 3358
7613 8072
9949 9990
2402 1249
9700 2648
5281 7673
3515 2622
9120 1111
6789 8132
7394 1621
8970 1769
8301 7589
2308 61
9573 2681
6927 4408
8795 9774
5215 1231
6349 1039
685 3576
3002 6787
751 9284
4629 6895
6940 2998
2507 6645
7724 5516
3266 9385
7512 6460
360 6949
589 6588
3724 8981
1133 1184
2043 9673
6769 4805
5895 2889
4392 9259
3466 691
4288 9678
8395 5499
8376 5394
6522 4054
8215 3617
3346 3453
4571 3051
3087 9497
4445 4902
1080 9599
3549 8002
9345 8889
5210 5552
4634 6124
2484 2474
7639 431
5741 3572
342 8896
3967 8916
540 1985
6255 8316
8247 5952
5900 6414
3692 6872
4549 735
6864 2301
4863 6015
5270 1636
8305 2563
6485 8123
9965 6344
5545 5615
1932 1057
6653 9835
5233 2826
5387 7495
3033 75
7726 5045
4502 1056
153 1460
801 5774
2795 621
7753 5789
9832 1866
9122 1918
122 4910
1906 2610
5128 5541
2524 8732
2773 7210
5657 8214
2265 7145
7271 1853
857 3427
8817 878
1107 5016
5339 3654
3548 5289
2752 3227
1438 4972
865 6420
8747 1421
8563 6819
4718 8515
4775 3655
8316 7814
4852 2694
8357 5083
8624 8395
9113 3809
6656 843
4209 236
6370 1858
6826 2644
5950 8494
7089 7479
3945 4057
2447 7476
8872 6150
4608 4375
1730 9392
5637 7218
8876 9369
866 2185
6480 7424
9996 2033
299 7413
8588 4984
3314 5343
4606 4641
4866 7267
5046 5200
6516 936
7789 8382
2181 2557
2745 7071
8322 7695
5983 7246
4718 7161
6560 1078
8935 1033
1138 6081
5392 479
5977 3110
3710 3188
3657 8347
6967 7221
9020 4158
1270 8644
8822 2340
6101 5833
5526 9419
1771 480
6294 95
5325 2970
8470 4380
8639 3676
3211 6482
8204 7720
1480 5218
5201 4696
665 977
4985 6650
2936 4968
7444 7480
6981 7430
4826 5991
9438 5095
3629 9258
1577 3541
2569 5729
3123 9539
8982 7783
9519 1815
4453 2944
9567 1495
7707 4982
2573 5320
2720 5915
716 5809
4855 86
6242 9526
5272 6974
2789 2502
5011 1070
4090 2300
7780 3149
7779 6409
8374 5386
4825 3476
9093 2571
8727 4351
395 1312
2329 3007
9512 6433
5036 572
699 5742
3546 2269
7480 246
4468 3852
4011 1371
4406 1460
8643 5292
2655 8865
8620 2747
5467 6912
3258 4219
2573 472
4372 1029
2058 3771
9316 7666
7788 1677
2338 4159
7052 8030
4761 578
5997 1113
2714 9512
5708 1079
5093 57
7732 6620
2401 6074
4905 8646
914 1774
7525 9973
4145 9746
6738 5584
6386 590
6955 6108
3636 3752
5932 4823
4848 9462
9856 1111
882 2359
8848 2884
7712 9100
5623 8163
9259 395
7078 5519
6536 3263
7907 4034
435 486
9523 9608
4945 6479
3914 2044
7280 6345
7788 5899
1301 2542
5388 5950
3098 9385
7744 3450
7330 1775
9677 8947
4956 7783
3361 3330
8839 7544
7427 4107
8934 510
8714 6752
9001 7973
4890 5607
8492 8876
6682 3709
3663 2014
3068 7534
8148 1093
2060 5520
512 5719
5494 7804
4541 7549
1167 8667
1980 190
9866 6564
1444 6154
5905 4864
9050 9374
4244 9821
9420 9964
607 2358
8953 9934
9241 6499
5240 9557
6897 110
1824 47
3823 7363
5118 2145
832 3629
2976 304
1636 512
1573 9315
9006 3107
8227 7598
7627 6690
5236 7794
738 5976
3291 6500
6499 8174
7728 7390
8942 4171
2944 4587
9659 4882
1690 6269
8786 9117
4100 9488
4808 3402
4469 676
1268 9498
1944 4494
728 5062
8680 25
7895 3029
3350 1632
6715 1536
5368 5437
9052 4490
8955 1592
367 8896
8573 3838
9249 1709
8112 1739
14 4904
6267 5783
6318 2237
8329 5908
9664 9367
1358 8661
1017 2881
4391 2797
9089 2293
2866 8222
5578 5536
3266 3885
2066 8826
3717 3632
1210 3929
6022 7690
7930 2765
8016 2297
9940 2953
4461 5834
2916 2107
4324 9378
1480 3079
875 6840
6147 2116
5023 2165
4952 2663
2053 5100
6978 2005
9335 490
1472 5494
5158 2201
3009 9822
8050 237
7295 3888
3638 4268
3977 5097
1891 3328
2895 7531
4456 8165
1044 4166
4476 3873
5398 4980
7404 4738
7547 8938
3256 6848
8350 8233
9695 6841
1111 6742
4973 177
6177 1672
2660 9110
4151 6763
1401 166
4560 754
8671 9224
2046 2225
4792 693
3233 7357
6340 3528
8310 1699
8133 9170
648 6580
37 8032
4336 5730
8000 5884
8366 2515
8209 9447
8027 4538
3313 5056
1846 6343
3098 4272
2457 7932
6924 3622
1784 6804
893 392
4445 4837
7505 4185
1633 3805
1446 8041
7592 4173
940 847
5356 6242
8608 9835
1212 7310
5889 675
3695 7817
525 13
2514 5526
5163 8235
9077 6546
9170 6567
1265 6516
5683 6478
40 7813
5460 7340
1190 5043
9021 9987
8548 4145
9339 6674
3765 1840
2331 6883
2881 4682
8491 6742
4444 3436
8612 1433
3551 9841
3117 9609
9974 8870
2499 8319
406 6247
8968 319
3274 7534
4796 953
1715 3828
9750 6129
8711 6570
3646 7636
4455 8559
2662 2741
1184 3912
7741 6671
5633 4327
5370 4383
1060 3352
9130 4569
4448 5895
645 2680
122 659
2424 7429
526 1323
1250 9159
571 3880
5789 4407
5187 5904
6569 479
4537 9483
3244 2458
4004 7074
6291 3809
3818 2169
5549 9667
2511 7810
554 6706
7030 8566
7578 9899
1646 3195
9652 6398
6699 5824
8554 9327
4742 9718
3992 8213
7377 7286
6130 852
9489 3197
7390 2178
7465 9372
9022 4883
325 7731
1271 8601
6249 534
2977 8244
406 3327
2377 7632
5187 5819
9575 7772
626 603
8681 4161
8076 2341
8026 1519
3265 3982
8745 2735
3160 6254
2300 9910
1212 4604
7619 2039
6563 5718
682 5103
5893 3741
5240 9101
3166 8209
1520 15
2678 3983
1108 5805
6202 5981
5752 4157
8465 1942
4021 648
1740 5965
1942 6860
3158 4636
3481 4952
2047 7290
4928 4469
9738 5085
7135 4519
6280 3020
4237 1773
7937 7149
3835 4169
3400 1879
3979 7656
3575 5040
8232 1242
6396 8126
6206 4049
9201 8730
6479 9439
3266 8408
1568 956
9827 8629
75 2194
7509 5188
757 3992
8644 9753
9142 650
1947 2570
6374 8886
5082 3126
6130 8304
4039 897
8651 859
8791 7824
6567 6391
2264 5377
1910 6486
9775 4769
7981 9676
7627 1149
2554 1132
9403 337
8654 4880
1451 2922
5151 9227
5962 2945
3487 5387
4593 4837
8862 5435
2629 5614
8730 4699
859 1526
5418 9628
9139 8009
5646 3737
5073 6664
5702 9381
8381 492
8159 9727
2405 3418
9022 5205
2713 2570
7162 6824
4381 4029
5160 6739
9490 6214
8217 7456
8048 3666
9302 3795
4618 8767
4709 4604
362 2076
8943 2010
7767 1464
2922 5330
3416 6134
2369 7518
5454 6583
8361 9447
6757 2203
2836 3101
1441 2607
4799 3777
2446 6905
1419 3190
5815 4389
4835 7909
9342 1613
5883 9124
1243 6014
5415 3986
9192 2314
9200 6971
7842 2873
9057 6349
2621 9982
4560 4219
4254 271
7681 9822
6345 103
1037 2032
7054 2985
252 8195
2550 7563
2620 1968
3697 9391
8628 8958
8638 9225
5744 5366
1493 4865
2931 1347
7894 9503
1275 2791
8352 303
7966 7993
9149 3927
6046 5564
2119 4365
7150 7313
2387 8503
4699 7759
1338 9231
3156 3061
7489 5689
2970 3091
5615 7422
5101 531
3512 5827
9250 8278
292 4947
3319 7164
2522 4504
3466 1692
9473 7739
186 4566
4874 249
3638 2202
8276 5627
8507 2647
9557 722
268 645
8460 6889
9664 850
6344 4760
8433 7215
8664 7495
