100 2
902 48
810 23
399 114
238 553
603 216
534 276
196 422
867 276
276 655
404 530
32 774
364 213
835 168
595 116
331 552
782 234
600 593
257 0
708 495
553 311
711 88
588 908
510 455
184 787
111 588
317 144
363 682
357 198
850 952
314 182
504 97
416 105
691 674
105 399
169 659
711 881
747 299
790 257
755 974
45 866
563 362
11 927
44 368
125 895
320 440
78 825
537 495
931 228
169 36
628 339
695 339
220 443
639 10
701 395
985 746
262 549
108 273
476 153
641 601
49 961
41 127
787 579
622 718
808 792
754 437
131 450
776 351
894 415
362 595
810 347
341 73
896 450
346 372
604 987
974 654
949 16
781 736
596 404
454 404
196 209
841 327
660 618
679 554
34 41
149 845
389 491
918 286
942 264
658 547
251 633
201 201
649 983
937 245
388 391
650 584
600 492
912 260
110 592
815 145
634 965
