100 2
883 352
146 325
769 634
473 410
704 517
983 808
254 25
768 152
989 448
767 494
103 743
61 317
680 956
228 299
649 624
615 533
977 761
858 746
396 331
157 100
849 140
909 104
166 678
256 155
126 24
650 229
767 711
547 448
668 776
747 318
400 362
851 377
124 710
124 521
41 281
622 891
422 532
995 588
210 252
744 337
276 394
567 44
106 115
492 774
891 240
92 291
602 944
669 727
654 793
248 696
75 870
588 497
402 584
86 613
836 830
951 113
225 519
158 332
634 650
107 525
891 200
816 494
144 485
221 799
279 470
496 354
341 84
852 744
669 938
357 505
769 309
619 995
828 777
327 463
428 434
988 319
635 805
813 779
291 35
579 570
505 75
925 846
160 777
590 829
716 948
335 486
258 955
481 87
732 809
550 161
244 538
481 879
343 295
659 635
330 238
205 836
314 131
683 475
909 274
305 626
