100 2
838 198
116 696
327 992
789 374
597 97
414 583
310 279
828 801
71 57
29 565
30 187
230 937
188 141
181 361
572 878
952 410
76 68
107 404
61 896
779 659
993 193
243 304
473 72
106 544
129 135
109 159
323 340
96 512
481 278
873 54
156 825
464 233
894 571
637 956
467 416
615 461
610 859
766 83
931 872
627 60
8 737
220 331
77 316
844 559
595 717
613 752
543 77
985 437
649 623
393 117
40 9
579 650
868 345
733 800
217 361
860 225
99 80
557 176
397 401
736 992
119 349
744 662
427 730
100 77
353 494
194 393
503 773
44 372
119 778
172 336
139 33
562 239
114 120
416 511
522 152
504 641
502 249
304 930
979 404
7 333
898 202
727 402
975 771
775 94
549 948
431 689
981 994
928 95
114 344
606 637
497 111
278 999
360 582
929 339
987 937
672 886
139 399
288 115
171 64
210 720
