100 2
945 562
772 194
67 506
893 486
743 861
431 605
124 890
759 281
713 441
929 888
603 12
946 77
858 930
790 667
203 148
699 148
710 472
342 778
979 236
264 722
98 696
328 222
586 87
503 300
528 432
188 131
445 134
209 303
65 999
971 268
147 670
416 858
143 759
636 123
995 901
845 93
598 173
315 184
261 819
485 790
252 673
922 697
808 131
1 873
131 972
141 279
643 558
137 787
317 774
910 313
676 755
407 274
929 723
459 191
542 944
981 795
618 903
492 426
34 494
300 165
466 441
445 110
0 583
897 318
357 807
632 34
563 39
308 493
762 767
684 305
712 665
100 330
568 593
757 603
88 57
769 554
499 214
665 499
797 562
818 155
370 450
189 933
490 498
427 253
266 111
558 979
776 659
309 345
253 66
949 341
124 718
896 623
933 561
123 731
124 941
887 495
392 76
429 882
575 856
135 841
