100 2
243 615
704 726
943 919
209 366
45 233
487 230
118 267
860 964
257 885
280 887
473 709
742 543
326 332
475 107
591 323
65 835
938 770
562 882
690 771
249 735
5 736
966 124
3 826
88 261
712 368
149 186
77 892
729 404
224 205
511 816
528 576
652 466
346 214
349 36
986 598
772 991
334 738
115 338
565 204
600 277
573 749
463 650
642 193
54 866
398 566
682 926
142 334
393 489
549 742
525 535
340 298
526 675
36 642
13 601
846 614
878 419
364 342
70 6
535 125
872 933
691 555
860 834
890 253
323 439
995 849
974 336
147 501
11 183
144 25
784 991
639 663
410 3
6 481
10 541
607 882
475 299
437 335
133 327
589 456
767 585
306 742
921 453
244 933
637 388
958 422
379 598
86 790
602 92
272 612
633 879
494 109
179 932
444 312
260 33
769 28
619 75
770 540
529 14
473 167
403 432
