100 2
868 282
680 810
463 952
34 728
548 657
756 541
245 535
10 203
972 503
355 307
284 365
109 66
285 203
191 341
591 782
616 460
64 297
271 528
249 305
257 797
963 13
339 208
549 349
412 522
852 767
829 136
133 939
203 418
142 394
759 734
176 376
194 241
673 465
769 922
771 26
720 734
40 59
942 590
409 355
112 261
122 942
398 256
881 602
674 24
996 434
758 172
810 953
413 484
418 183
407 190
210 127
924 251
187 867
842 596
222 954
858 345
896 257
601 778
860 276
802 856
710 561
29 521
514 443
5 933
626 412
123 837
540 47
88 728
914 931
324 137
885 183
482 782
441 84
560 301
360 363
158 71
924 187
593 438
630 598
371 257
11 495
94 551
542 183
279 457
114 604
595 0
788 78
782 230
162 343
532 523
706 690
594 631
877 188
69 508
786 441
765 798
937 860
350 479
43 630
937 158
