100 2
461 400
758 667
328 322
27 736
514 464
980 844
746 324
323 784
98 701
762 324
453 673
321 485
887 523
355 482
514 713
295 975
114 54
643 443
376 670
179 891
135 160
735 881
484 59
665 582
760 428
907 213
102 228
699 990
752 55
472 266
769 768
241 883
823 884
327 199
554 506
91 689
667 826
571 151
885 236
734 646
665 642
860 767
871 559
757 623
615 230
889 384
999 131
268 823
16 595
22 570
102 113
260 769
940 831
921 826
68 656
473 734
298 333
501 170
893 259
793 508
490 683
893 490
815 161
313 831
757 336
402 859
450 663
628 390
495 549
217 563
205 690
297 504
24 799
674 917
59 468
426 549
151 319
40 967
481 353
798 238
689 200
98 139
864 726
530 359
276 747
923 482
437 220
986 461
20 661
379 79
129 805
629 281
125 669
248 607
23 47
845 712
247 944
852 112
670 382
471 947
