100 2
726 906
875 233
558 568
216 978
93 453
794 410
535 16
908 606
932 152
731 410
157 419
504 864
879 423
536 753
577 976
660 303
883 536
537 441
105 753
420 199
206 214
609 741
230 518
347 163
670 79
573 827
498 78
692 377
501 228
131 78
205 792
382 88
329 920
530 434
673 950
634 880
165 244
622 395
762 970
559 433
49 133
261 547
211 953
925 712
182 56
791 388
848 173
477 177
93 7
612 767
958 246
647 123
491 270
519 253
240 79
687 289
212 948
837 423
902 762
136 85
819 927
473 668
101 950
846 194
958 458
962 917
705 610
41 196
880 560
450 120
639 137
410 852
86 247
275 989
10 411
74 829
339 548
498 440
498 344
635 457
803 598
375 508
208 416
705 88
977 156
209 617
294 619
469 380
867 745
369 877
157 443
707 496
991 205
937 490
550 573
948 353
171 323
862 379
740 567
468 717
