100 2
762 215
343 459
90 929
724 946
919 565
597 150
523 926
119 785
185 658
59 576
891 638
323 525
37 147
26 748
969 683
751 732
899 95
191 989
24 915
936 943
481 533
94 4
460 213
789 645
872 849
221 763
488 545
288 526
692 314
274 662
997 25
394 896
120 585
885 144
501 822
88 982
355 183
986 816
396 776
461 268
626 683
31 114
228 320
641 921
634 915
583 631
941 978
527 61
564 413
206 65
235 295
48 591
478 35
407 875
811 869
144 438
552 175
553 781
496 194
703 130
110 286
761 51
265 289
112 829
703 319
894 939
614 943
530 92
978 938
967 790
808 111
228 361
287 781
142 783
976 845
913 86
132 675
137 397
965 250
226 668
569 121
608 184
64 139
276 43
78 244
833 886
355 61
247 643
843 390
427 820
235 341
906 368
17 44
766 982
295 993
651 864
114 259
48 179
398 325
222 476
