100 2
109 707
550 779
749 315
382 855
443 981
377 398
950 562
529 668
696 349
334 928
390 408
842 469
140 893
991 621
197 759
254 307
467 804
86 217
120 469
72 563
451 449
962 402
12 491
70 708
840 404
637 231
813 479
701 953
372 692
574 570
452 829
877 920
633 963
138 754
433 210
318 884
660 280
286 672
771 357
381 612
762 18
844 575
497 545
528 870
238 103
441 691
932 318
612 566
282 750
320 715
961 638
600 622
918 887
294 690
244 676
303 7
694 148
582 192
694 111
63 932
215 504
624 147
823 236
714 105
986 35
821 947
673 422
570 592
309 865
283 554
541 587
561 235
735 144
428 430
256 491
363 471
996 987
619 819
223 333
925 210
368 746
158 42
169 728
635 478
593 918
33 134
506 594
370 242
739 799
672 995
291 35
466 287
22 85
107 246
419 32
457 788
779 615
830 949
344 466
427 937
