100 2
255 111
222 919
450 693
315 228
809 446
223 866
862 351
563 370
140 164
354 317
916 11
867 918
766 170
137 914
500 340
89 755
451 312
675 901
5 991
130 815
438 353
681 300
704 244
671 845
409 25
163 325
37 30
244 804
201 381
719 702
721 809
457 173
121 133
75 127
124 206
942 562
559 623
863 264
868 535
110 277
561 273
603 598
304 847
403 505
229 122
207 951
931 665
124 53
798 200
180 923
406 122
486 966
745 350
231 613
885 341
891 446
614 494
45 918
342 448
424 572
570 631
523 502
297 648
555 96
848 735
20 255
857 506
222 603
857 453
217 742
794 109
189 409
603 235
328 946
683 753
518 254
385 41
757 682
690 312
779 539
48 799
794 905
305 17
509 163
470 727
906 265
836 95
674 440
330 3
386 14
756 904
269 142
946 26
824 636
339 603
176 387
403 970
293 709
987 802
872 458
