100 2
194 877
614 190
141 236
769 207
967 396
706 891
147 94
36 619
139 138
953 433
763 290
84 692
480 665
159 756
75 373
556 270
251 170
461 393
407 231
600 375
628 306
266 775
401 302
395 541
441 348
974 204
639 58
897 119
724 56
875 800
430 432
71 682
602 533
75 10
764 675
385 392
982 652
167 384
955 563
925 396
912 899
601 551
958 498
671 682
555 547
483 985
979 554
667 582
87 743
592 851
419 978
243 401
631 411
786 586
975 711
983 887
610 584
438 568
83 110
251 638
657 734
624 636
288 292
218 376
35 811
227 454
790 471
856 421
883 642
8 858
353 992
745 964
576 184
533 659
294 784
298 951
518 922
588 807
214 806
183 250
618 411
705 408
882 562
830 766
204 839
624 558
831 370
523 407
555 56
67 849
840 365
801 359
288 389
166 503
196 349
753 815
760 458
223 643
21 54
409 226
