100 2
230 681
28 843
879 331
748 511
230 543
527 867
801 103
396 777
218 976
295 832
221 267
424 268
557 42
193 323
528 797
372 758
479 401
601 358
733 350
870 963
894 398
831 695
501 227
473 719
204 768
552 425
36 976
694 593
18 887
916 546
684 289
305 163
690 906
522 424
257 392
388 151
790 219
847 292
446 320
12 651
89 564
77 126
541 771
719 560
658 636
107 343
925 412
507 616
319 29
40 576
422 428
728 213
648 576
506 95
897 518
746 987
83 823
113 624
595 832
184 253
468 291
597 394
704 104
11 23
134 51
600 556
480 328
770 129
905 276
224 802
795 971
789 878
794 902
503 390
734 687
643 203
979 241
597 683
345 608
706 480
660 306
37 141
635 807
270 540
84 495
343 879
466 132
757 261
34 260
651 769
948 295
973 928
536 570
612 882
179 319
362 840
626 400
982 261
208 253
802 292
