100 2
530 778
723 366
874 398
806 205
402 193
219 159
97 489
301 44
515 126
681 854
730 857
241 133
828 534
842 816
337 714
274 867
492 998
234 366
396 41
571 799
234 791
958 332
280 259
376 796
386 57
650 116
915 892
249 743
427 91
559 765
806 834
633 299
832 867
665 228
908 237
27 142
29 986
475 309
246 851
106 632
909 757
748 824
649 998
568 77
90 128
842 896
962 475
195 794
343 861
23 251
99 51
394 128
37 870
437 283
721 544
916 631
301 665
456 950
663 24
28 753
152 870
650 115
346 846
909 689
707 932
941 806
984 336
934 22
206 372
305 928
916 222
560 218
887 16
168 550
41 197
304 194
67 954
309 414
800 218
104 508
151 46
314 136
382 249
158 589
622 463
518 539
686 78
757 573
95 926
124 136
123 428
330 191
383 640
606 184
858 710
692 10
756 7
146 139
257 304
729 879
