100 2
112 443
836 375
535 917
658 577
33 726
739 737
908 344
589 297
966 271
115 357
319 260
700 34
446 689
266 386
48 177
562 161
621 398
536 156
316 194
733 349
920 473
86 829
818 676
127 784
947 242
142 267
503 842
301 949
532 567
335 580
745 898
742 366
297 278
522 613
473 256
962 394
730 48
223 548
725 350
333 672
593 475
939 96
318 241
45 850
809 381
431 554
279 173
920 576
452 443
190 925
700 152
319 431
201 543
980 926
893 313
599 486
789 538
582 108
780 628
958 589
9 390
144 288
563 65
865 15
508 55
941 209
208 261
640 410
804 620
336 698
934 935
185 724
474 767
832 254
396 791
844 405
181 989
694 745
54 560
761 562
616 702
772 825
963 413
235 768
33 571
466 968
507 651
692 982
419 525
237 816
316 81
221 498
70 916
243 125
477 4
688 93
707 460
919 671
873 154
440 907
