100 2
195 67
246 853
980 393
675 984
73 84
525 370
230 167
799 875
883 279
443 976
213 822
204 237
259 536
746 827
175 882
439 370
949 686
224 929
80 899
913 153
984 439
524 215
606 324
91 490
604 534
466 817
356 670
55 616
207 801
443 383
684 883
753 633
570 978
563 650
877 477
804 862
916 329
78 523
653 169
14 257
703 480
75 60
151 130
676 359
932 120
742 616
3 496
250 573
474 813
224 352
290 28
214 207
357 293
730 11
462 744
269 166
225 345
226 377
475 903
736 408
23 478
25 27
975 275
600 449
89 825
802 379
853 17
586 211
310 317
222 772
62 492
939 287
837 165
664 313
69 401
721 92
880 747
120 855
23 720
305 112
546 107
492 399
124 79
611 435
397 834
208 459
326 147
747 163
313 412
477 382
813 198
475 694
946 595
549 969
316 855
82 862
962 574
262 87
654 873
523 51
