100 2
744 424
956 911
781 641
183 222
492 399
967 259
258 135
129 818
911 761
13 434
645 602
143 993
392 111
771 286
582 128
44 326
552 1
238 334
643 422
557 135
821 524
394 80
660 524
899 571
285 912
5 931
515 149
924 907
261 695
194 843
824 239
170 377
241 409
711 884
831 268
20 653
793 415
733 453
939 632
25 224
545 30
155 60
180 79
968 441
775 162
285 599
402 456
976 643
865 688
527 697
957 547
350 750
962 84
204 901
717 229
126 262
260 282
323 440
362 291
882 138
454 168
737 856
624 714
499 490
402 27
187 359
574 538
110 537
622 315
439 339
544 566
601 805
848 925
246 211
216 128
349 671
297 86
527 922
800 27
413 203
54 600
563 629
139 673
166 761
988 605
100 533
171 702
338 20
628 584
231 844
713 580
515 11
667 43
933 468
70 346
671 124
947 234
753 86
908 920
848 897
