100 2
49 795
669 556
124 80
983 162
21 159
623 524
725 572
782 959
392 477
233 185
926 613
835 633
16 866
201 307
140 963
285 190
759 954
746 883
34 729
45 56
889 668
580 615
241 362
574 634
840 807
819 767
421 655
401 437
521 602
745 662
565 30
852 324
985 599
208 20
328 254
76 218
923 657
833 164
19 407
798 860
215 618
628 636
273 29
74 795
631 820
458 197
851 311
522 836
910 731
856 239
985 933
457 908
590 291
72 610
698 871
470 914
490 99
551 764
128 625
559 760
445 18
958 296
329 480
133 240
211 990
479 197
923 937
105 513
228 178
123 927
50 594
841 540
693 392
305 822
18 865
582 464
883 541
761 213
21 894
453 233
885 933
431 808
870 536
321 99
715 445
26 765
39 868
306 732
261 611
554 279
476 137
743 360
678 505
573 700
399 27
934 284
961 365
93 832
902 415
931 617
