100 2
748 145
172 215
278 930
476 312
190 128
82 139
423 55
68 960
626 680
842 806
999 205
647 625
606 630
887 814
883 690
107 632
836 279
847 114
209 324
427 400
453 510
539 876
565 608
837 192
288 680
998 288
885 646
914 491
276 802
306 160
492 413
792 329
692 640
443 901
965 871
301 418
381 841
295 947
449 132
139 738
812 138
26 698
785 940
190 61
742 496
221 235
909 14
564 602
654 8
503 619
879 805
37 261
647 333
208 97
465 348
835 277
487 861
975 272
802 166
334 545
662 556
780 572
570 345
174 225
353 678
845 233
483 883
495 131
216 704
228 681
52 63
959 540
925 935
813 728
101 148
273 763
704 54
336 275
400 510
500 754
188 346
987 672
229 483
804 445
187 32
127 240
96 86
781 22
21 594
750 123
742 24
887 447
79 223
723 479
733 223
233 922
570 221
595 799
704 399
245 892
