100 2
701 289
207 600
260 609
619 20
785 540
608 654
964 895
911 334
203 624
544 475
945 182
417 87
204 863
355 828
907 91
906 609
380 113
209 641
723 829
662 509
370 271
163 334
166 74
669 369
699 213
845 645
396 262
732 600
126 87
428 34
178 335
643 559
449 853
201 172
682 863
682 53
134 845
388 301
920 57
670 619
271 515
265 667
778 997
267 905
85 696
939 263
32 583
823 481
436 25
654 119
888 336
172 23
182 560
324 102
617 995
722 889
511 987
556 290
985 823
195 70
520 135
334 552
718 157
34 155
182 688
274 71
25 447
95 207
7 419
309 625
415 32
514 926
20 71
216 5
895 412
75 415
547 409
968 266
567 2
421 750
690 695
822 715
142 917
923 150
337 233
776 752
265 290
679 285
361 896
291 257
308 366
672 856
776 640
122 343
643 543
94 334
239 916
50 381
833 973
532 171
