100 2
781 41
564 123
425 639
425 612
319 26
396 860
565 264
11 389
145 545
148 889
871 950
378 326
85 119
692 618
140 110
94 922
152 659
45 577
298 471
190 617
497 587
478 63
852 489
453 997
35 602
886 906
552 265
233 638
384 926
257 525
36 352
447 188
11 493
766 309
964 957
927 462
545 405
526 397
895 980
395 931
582 281
838 134
547 71
773 932
998 30
457 35
382 905
223 393
399 990
702 364
947 630
826 492
36 353
890 931
333 285
863 915
567 701
50 115
773 823
47 771
853 505
806 235
411 30
629 810
20 332
174 968
962 1
460 998
354 351
930 688
637 793
603 205
494 654
320 267
477 368
39 331
874 845
567 285
875 196
95 895
529 270
863 491
271 324
489 626
676 420
314 313
213 918
519 708
572 839
975 50
208 14
382 82
860 949
367 735
146 463
631 675
734 495
167 5
820 656
632 497
