100 2
707 885
545 522
235 262
280 486
165 648
949 182
254 409
940 765
226 411
912 53
478 840
463 534
759 844
328 706
781 623
25 489
508 570
11 744
833 291
230 998
940 180
181 194
590 121
959 816
533 872
870 12
712 334
546 472
178 875
178 960
499 204
449 7
775 460
752 608
751 983
607 691
164 789
886 754
911 845
570 444
717 441
456 430
775 3
902 953
879 81
913 378
286 363
386 61
823 138
670 575
122 277
267 286
67 153
40 978
998 611
422 716
53 879
146 828
883 49
781 763
131 695
141 417
58 527
478 882
666 149
457 788
427 724
75 494
877 116
472 876
727 895
592 780
775 739
609 658
789 391
421 920
86 563
337 145
91 816
27 758
965 484
547 392
208 622
887 86
738 359
962 466
254 555
247 29
294 856
688 83
247 110
4 334
673 342
479 765
159 506
523 124
991 70
517 199
692 404
286 431
