100 2
569 906
341 177
760 787
5 316
340 807
29 171
559 406
0 43
566 240
146 754
683 423
123 798
524 412
290 369
934 768
802 504
674 143
682 434
931 687
751 272
495 780
444 54
187 444
98 753
685 245
508 368
668 631
167 192
43 457
562 978
226 364
483 900
508 165
335 440
853 86
712 348
867 156
403 54
601 502
808 286
747 316
655 416
947 823
608 991
280 171
970 506
536 453
407 44
619 743
485 473
829 198
821 697
355 225
752 956
728 560
243 476
877 899
892 825
722 500
816 2
671 787
509 207
241 917
252 860
660 738
334 490
936 155
187 291
381 940
247 109
501 491
585 378
390 477
203 112
978 20
115 650
807 625
858 48
542 111
909 203
849 243
693 785
399 881
77 781
821 325
890 322
816 476
700 206
954 904
318 933
924 434
583 732
59 442
781 602
553 690
805 402
934 498
188 333
379 266
114 201
