100 2
203 838
300 255
988 189
794 438
848 383
655 725
498 57
872 514
76 640
443 313
89 930
87 750
470 985
361 364
883 682
29 87
521 329
342 509
519 136
948 368
520 604
93 18
661 966
533 737
606 976
51 696
906 138
446 376
124 808
741 7
491 770
94 12
100 437
522 619
574 470
987 94
75 80
113 736
46 646
474 653
622 525
349 529
663 796
906 787
604 647
795 95
418 889
107 518
327 630
137 901
101 124
995 176
205 108
912 252
754 387
905 377
913 254
906 576
50 812
364 655
460 159
750 878
49 858
396 376
489 533
277 590
658 273
766 863
382 679
116 136
67 21
514 980
276 420
557 327
233 921
982 693
81 733
571 131
592 967
508 81
501 786
672 160
59 439
24 441
118 140
578 186
161 92
166 437
513 723
765 746
644 747
439 726
481 10
857 73
978 365
155 480
151 827
640 211
266 664
652 385
