100 2
805 231
571 966
323 737
404 837
461 170
583 106
917 22
832 398
33 689
472 12
55 627
493 207
455 134
418 721
799 71
107 604
303 679
571 627
417 976
464 878
146 47
984 63
70 816
462 104
506 934
117 562
562 610
770 17
744 189
739 543
260 846
148 564
526 719
191 943
695 655
822 841
703 806
905 773
623 367
878 130
302 995
692 864
606 462
881 351
652 620
895 912
467 43
476 993
762 668
937 457
323 759
299 26
565 204
800 189
572 679
319 874
675 12
738 281
475 619
633 127
240 528
40 707
571 517
701 334
185 638
792 508
397 91
535 963
296 336
153 868
16 472
742 691
485 480
973 960
100 606
88 340
134 128
48 706
645 749
41 831
388 833
340 786
925 875
750 222
212 903
90 228
376 833
919 861
314 892
822 414
499 910
755 634
39 804
340 684
554 382
515 942
215 855
729 141
731 479
363 944
