100 2
990 23
456 908
309 399
173 968
946 425
601 147
626 251
130 563
496 518
955 147
103 556
639 16
817 750
609 632
895 243
597 886
267 54
795 576
453 968
545 399
393 147
547 20
398 678
584 894
197 539
42 301
96 681
317 913
432 926
546 328
170 143
214 437
197 10
14 651
978 559
51 372
707 598
392 105
276 976
999 474
516 42
775 612
723 92
526 156
19 72
484 189
215 699
627 413
709 641
65 688
201 116
60 908
715 453
13 991
430 13
466 946
56 241
559 779
334 85
935 353
157 420
543 373
119 171
787 829
813 852
517 14
969 577
923 684
31 937
676 461
951 142
408 7
383 968
787 717
53 723
71 211
144 615
585 263
786 372
93 599
225 610
614 194
188 538
878 219
476 554
681 427
696 89
435 80
57 223
797 111
946 869
323 90
484 908
354 271
281 447
870 506
58 485
701 246
23 579
466 499
