100 2
29 722
261 658
908 36
876 316
987 547
596 16
433 596
497 537
777 645
373 275
425 954
638 845
611 556
771 898
352 207
23 381
929 284
39 838
321 916
155 308
463 751
325 897
347 823
435 124
468 808
400 894
762 39
739 374
595 510
273 947
718 296
329 648
581 368
486 902
284 641
211 748
393 537
646 740
360 81
865 829
889 265
723 652
304 462
27 900
972 300
848 691
596 177
339 177
546 825
80 831
467 291
580 860
829 226
601 189
307 466
19 197
732 742
850 37
205 877
938 178
177 786
869 774
964 208
952 511
34 32
343 502
324 923
363 153
150 964
343 458
431 362
655 163
105 505
201 310
382 139
488 560
926 357
334 891
566 286
402 600
319 745
102 643
669 465
797 819
430 140
277 861
503 933
25 608
438 226
918 821
366 407
382 293
764 716
184 330
3 586
931 322
332 33
966 2
499 763
821 929
