100 2
574 954
806 21
922 187
80 960
136 941
49 403
397 273
171 554
491 474
157 302
521 559
683 145
707 192
190 266
602 597
222 177
552 28
198 474
216 278
435 352
220 484
756 617
758 928
172 249
402 330
551 924
889 234
69 597
427 260
864 29
857 86
206 409
114 405
884 330
684 319
683 904
804 440
522 562
368 694
811 771
24 362
695 914
597 765
511 24
25 376
54 882
462 261
292 576
666 176
907 350
495 590
255 300
31 777
862 399
472 673
171 496
36 866
411 633
631 923
658 657
299 712
540 761
974 832
338 640
8 245
991 504
836 247
804 867
24 667
267 496
341 438
993 377
305 404
11 937
328 669
594 627
382 134
389 357
966 727
997 975
973 989
480 809
236 285
677 261
952 944
758 293
383 751
671 688
156 682
625 484
352 220
112 735
354 501
92 321
229 90
297 202
80 777
11 317
63 689
578 15
