100 2
737 380
843 155
489 373
917 977
314 565
493 376
813 309
56 902
609 188
573 648
585 42
690 960
710 848
201 281
981 334
139 719
715 982
874 204
356 792
181 670
358 675
47 171
985 103
74 595
292 647
243 877
690 934
837 400
782 39
682 763
373 821
482 88
804 357
292 160
150 474
831 508
150 878
679 135
981 753
730 274
401 973
151 92
908 989
493 691
28 176
454 401
997 937
489 802
295 782
962 445
256 794
953 406
672 633
542 654
387 272
928 789
246 79
882 155
68 375
846 97
551 301
498 549
239 988
351 534
771 314
980 28
108 934
435 780
568 977
434 956
249 362
746 496
442 628
651 511
3 497
608 555
798 107
104 37
96 455
572 867
770 553
895 878
487 330
659 56
307 93
12 557
456 758
53 898
386 705
409 390
202 18
945 1
125 50
39 221
506 612
88 276
165 984
154 652
314 813
709 622
