100 2
76 947
810 290
866 330
998 439
170 974
490 378
988 872
460 849
822 828
585 968
291 216
644 25
712 811
31 533
468 664
30 544
612 841
835 478
171 833
917 341
807 407
719 796
279 180
645 101
8 231
70 300
448 714
326 160
526 358
694 994
23 724
539 635
566 374
113 737
208 31
79 16
438 799
812 718
979 458
820 988
689 891
289 137
606 616
298 132
974 992
126 998
717 665
633 283
40 747
21 248
778 101
265 217
900 77
936 880
536 756
869 226
647 158
364 254
775 663
386 750
656 513
748 374
179 381
657 219
128 679
468 907
781 733
124 681
811 60
562 348
817 432
575 465
591 939
719 366
602 105
116 259
619 864
633 798
245 291
18 374
970 486
281 752
220 406
433 32
466 996
380 283
428 955
748 19
895 468
386 498
574 502
757 193
366 390
991 612
681 9
987 652
496 269
404 716
675 838
748 141
