100 2
928 83
822 232
477 329
347 315
396 494
56 956
601 144
99 596
821 711
746 874
328 560
792 887
553 965
555 168
782 322
128 711
406 950
943 883
279 291
198 676
786 255
632 387
400 732
984 222
444 730
96 772
291 889
660 844
854 216
12 637
539 140
348 945
91 291
829 370
582 28
46 369
284 679
756 684
412 741
906 857
471 3
630 762
892 290
607 746
506 619
384 46
760 732
991 851
24 820
222 607
849 269
976 133
949 733
817 362
474 723
219 945
726 849
708 619
140 315
366 647
935 750
693 695
482 684
547 507
505 769
114 355
39 91
488 988
824 306
350 298
29 570
244 756
419 952
375 560
267 742
207 202
492 900
898 975
585 445
482 91
215 597
446 255
688 934
243 512
240 594
811 270
165 55
27 584
7 403
144 275
145 352
478 637
252 376
613 838
822 96
929 38
693 375
293 382
310 537
894 550
