100 2
234 532
159 23
610 941
253 773
285 785
296 992
476 891
623 353
79 693
862 866
134 627
664 71
488 14
551 531
644 489
690 879
22 849
903 633
791 156
406 77
942 703
69 419
595 692
772 675
385 635
541 520
262 206
592 750
221 144
282 866
633 973
746 656
823 649
289 615
806 696
692 749
400 761
168 995
454 941
670 840
576 212
361 839
418 954
590 640
98 873
506 732
846 252
388 670
901 678
285 708
375 977
457 775
739 625
771 194
566 441
34 142
654 396
982 73
350 572
713 448
445 219
181 292
472 570
962 374
248 247
82 624
224 540
399 964
165 170
158 732
612 193
875 267
589 857
340 939
429 53
388 875
273 569
167 746
139 129
120 388
376 203
13 601
743 412
566 909
583 724
641 196
918 516
463 507
374 804
446 803
857 835
678 131
404 846
877 544
975 998
933 352
202 946
953 945
359 519
855 943
