100 2
904 98
791 407
31 816
15 470
43 934
292 410
342 674
703 106
391 887
437 394
474 369
717 807
403 683
809 902
446 630
832 350
729 623
758 761
440 774
232 484
708 524
894 51
199 598
157 590
486 595
985 960
964 702
768 367
385 577
270 832
208 102
183 938
726 941
700 167
715 932
651 424
457 546
475 657
145 633
247 631
229 232
592 194
935 360
562 321
938 832
153 147
935 337
85 662
279 785
829 995
718 481
420 175
28 895
832 173
529 80
805 759
313 397
953 249
758 516
570 696
349 724
843 284
61 929
947 341
715 776
336 433
258 756
609 286
652 442
459 182
522 265
941 836
662 895
85 420
411 655
117 761
380 961
46 441
890 993
783 606
770 119
39 28
876 648
315 528
90 775
710 613
40 652
450 702
547 535
123 959
191 241
721 571
202 767
13 93
760 796
699 531
915 739
560 791
387 875
320 478
