100 2
48 628
160 884
8 607
964 472
452 70
863 914
60 477
130 233
422 291
512 152
744 184
307 519
776 755
382 978
661 393
199 709
22 359
594 30
966 558
503 419
629 367
333 689
844 463
923 267
755 435
420 500
620 727
19 396
483 402
375 144
796 574
854 818
933 448
849 899
7 353
318 636
720 652
326 565
116 249
832 871
684 253
371 305
980 391
701 463
793 76
608 590
650 463
408 583
912 258
483 920
611 802
556 331
455 883
897 571
132 729
442 817
982 814
122 963
206 823
427 0
900 36
590 551
499 999
135 411
258 619
331 869
422 888
201 877
771 98
448 903
828 891
721 811
705 843
775 911
667 202
911 567
238 502
119 738
501 255
150 759
874 482
629 296
370 831
173 142
929 622
46 758
513 767
570 218
610 345
130 278
547 42
846 786
544 965
525 46
220 675
806 95
157 435
392 528
266 566
670 196
