100 2
548 129
776 257
685 419
256 579
907 292
9 572
835 444
356 815
29 698
128 399
247 195
479 907
404 685
70 943
840 730
964 388
860 740
646 545
159 902
125 67
195 135
640 31
580 996
847 609
695 975
8 943
171 488
850 575
173 921
519 14
651 483
403 512
224 49
57 384
952 183
451 147
318 91
178 899
88 26
508 783
1 517
726 172
6 577
748 180
499 267
194 151
751 598
663 975
648 721
359 600
904 810
748 223
902 927
122 990
953 631
774 955
148 501
128 154
79 876
335 578
144 529
729 896
128 392
871 776
114 231
377 19
42 125
243 944
53 365
935 6
997 709
962 146
211 90
301 290
967 636
868 112
166 598
8 294
991 879
70 105
110 447
124 152
573 367
97 626
733 32
633 730
742 595
877 954
686 178
244 653
814 112
765 980
711 773
275 702
653 345
807 764
793 931
916 367
299 14
993 32
