100 2
967 694
821 744
353 130
89 607
197 38
948 321
757 845
945 691
406 68
422 531
10 309
26 402
386 455
284 961
311 419
803 279
113 624
23 467
755 113
74 953
152 23
275 909
868 220
600 275
289 23
807 299
332 833
701 719
289 985
680 601
405 484
881 519
109 904
987 865
17 62
818 169
85 93
79 954
314 680
229 603
703 36
902 36
870 604
755 160
590 436
762 996
920 643
515 30
548 502
895 565
565 714
735 650
808 815
604 123
495 834
726 199
871 629
235 742
234 990
903 824
426 666
820 347
309 336
378 857
839 273
423 404
988 159
55 796
974 659
919 470
494 646
669 366
276 904
108 510
895 12
334 321
678 155
669 987
491 47
845 331
321 269
735 309
428 790
106 403
450 26
873 944
672 542
311 948
447 419
458 342
432 793
664 110
948 333
98 440
381 944
771 703
213 506
12 642
297 119
45 747
