100 2
731 434
20 448
301 362
183 263
586 695
60 301
772 577
869 504
771 240
572 381
462 157
835 918
113 448
675 108
85 176
95 817
611 116
265 913
479 449
176 65
145 237
366 918
814 236
422 586
477 994
967 940
152 802
858 265
251 534
373 336
710 469
154 321
586 420
234 65
869 411
131 14
648 498
933 463
735 355
49 212
350 16
152 502
819 11
767 70
545 141
407 256
610 562
578 196
982 813
262 852
224 393
867 873
891 800
337 627
156 386
839 506
403 992
8 222
3 776
293 549
917 701
806 528
263 384
724 246
197 986
99 422
380 966
296 272
767 633
899 923
20 739
430 423
731 439
646 735
216 939
285 133
640 91
661 904
476 386
150 674
373 249
96 753
216 393
26 984
27 925
908 47
664 338
470 395
778 116
131 994
56 416
128 697
507 789
601 983
176 752
657 549
1 754
303 218
148 329
203 175
