100 2
460 7
352 166
266 552
513 827
435 847
530 306
703 913
573 370
672 760
500 352
794 248
495 828
795 197
282 527
195 774
68 656
782 421
822 48
973 335
875 409
183 406
715 887
320 288
257 992
49 758
344 843
7 840
672 802
37 954
330 232
729 398
888 511
820 711
559 794
46 434
203 230
841 918
117 161
207 375
153 256
133 498
99 140
339 771
943 376
726 273
609 456
672 498
967 493
209 527
287 255
962 490
486 803
409 603
964 617
978 118
874 112
617 973
253 956
745 196
332 472
470 941
928 143
439 895
636 648
423 924
904 385
415 390
188 824
994 153
442 973
271 316
85 888
290 338
844 36
535 177
508 5
118 436
149 558
332 785
206 755
709 111
140 125
502 329
950 496
483 392
470 754
709 555
643 999
894 488
35 429
665 543
435 783
980 584
342 312
370 548
67 80
660 208
205 162
538 155
659 21
