100 2
395 635
678 187
952 321
391 330
341 48
619 979
466 297
997 647
581 249
850 532
953 917
689 510
281 207
771 901
429 792
917 824
428 595
12 381
916 403
712 258
451 331
237 918
629 235
566 210
485 416
742 438
334 432
949 615
640 720
516 69
512 433
893 941
29 905
322 945
309 34
204 761
365 442
679 995
677 245
205 163
662 948
602 996
380 551
611 20
271 128
90 784
562 983
725 591
889 48
537 199
82 741
960 448
183 640
444 861
886 649
24 548
598 626
544 979
178 155
0 449
284 90
234 846
73 960
437 963
8 974
162 91
715 123
540 899
763 984
760 650
634 785
198 233
411 742
212 589
898 212
39 182
302 273
29 376
234 467
339 242
441 502
334 157
625 875
57 389
860 817
39 494
602 238
728 14
980 940
604 879
153 644
62 456
918 91
832 152
558 172
395 0
674 730
158 300
605 215
690 465
