100 2
767 942
653 3
887 358
918 739
424 12
785 284
135 231
41 112
317 592
620 15
26 377
782 760
841 777
997 240
338 106
123 106
49 777
110 937
135 28
676 560
40 461
844 176
692 885
289 10
478 909
25 504
287 808
265 129
586 262
370 924
368 493
31 418
271 141
355 406
169 31
966 210
492 811
386 185
697 675
195 175
585 221
679 872
30 944
1 616
206 371
541 575
865 572
994 136
713 349
543 882
381 510
92 874
321 479
59 18
154 255
194 740
477 873
612 507
818 614
124 25
985 665
601 851
237 595
987 950
945 531
833 326
41 926
200 363
405 260
382 560
516 576
300 994
450 913
501 268
527 626
293 513
291 895
364 528
490 352
479 435
883 312
762 925
238 963
289 644
223 672
204 740
249 505
734 699
418 236
968 945
862 262
458 153
157 822
682 647
174 161
83 58
474 845
983 713
808 273
357 32
