100 2
364 719
42 817
637 511
846 896
996 884
275 908
66 764
958 324
592 689
634 336
555 999
461 982
516 60
406 164
522 413
963 886
133 5
704 770
517 551
667 514
435 942
422 502
707 380
827 299
70 461
636 625
460 98
608 977
158 14
141 680
427 105
567 561
110 272
332 628
823 999
142 259
942 565
761 649
946 589
949 17
50 585
643 511
683 251
488 842
265 630
523 693
736 90
255 846
362 587
475 186
586 618
445 529
184 207
178 130
796 127
148 847
713 791
359 397
42 848
239 308
479 762
2 215
853 257
62 216
844 538
403 431
156 849
960 340
57 139
471 854
266 619
702 980
410 61
377 453
910 617
761 389
380 763
605 234
20 667
450 864
205 854
296 362
703 256
702 760
395 173
614 662
792 316
642 203
378 20
656 288
637 418
678 18
181 283
252 202
951 703
67 156
557 363
518 260
620 221
21 15
