100 2
444 693
916 742
338 174
920 811
49 580
718 689
436 171
927 920
691 616
38 181
440 296
108 66
371 875
529 477
163 407
99 607
100 16
349 439
191 269
250 240
849 969
929 286
140 857
207 831
474 245
13 914
541 121
981 913
997 510
391 160
917 491
767 18
507 117
457 699
387 707
939 237
677 868
523 817
726 730
649 200
976 663
114 517
785 96
431 782
606 822
942 524
313 710
542 821
828 0
520 215
707 460
452 385
329 976
203 55
707 853
256 683
516 370
201 301
467 632
84 73
455 26
598 768
737 140
590 565
141 110
780 849
570 233
234 899
209 437
955 916
290 211
600 807
582 801
108 49
433 193
123 888
220 721
657 957
862 247
523 3
358 304
852 929
537 86
829 747
524 784
663 814
996 264
621 578
65 730
627 499
924 750
388 144
471 45
102 334
293 625
337 651
929 189
581 466
275 410
213 800
