100 2
569 55
363 925
117 610
569 961
0 996
781 236
337 688
605 354
733 371
337 28
365 988
893 479
248 942
659 647
267 881
123 837
937 487
762 55
97 332
16 98
328 798
335 666
487 941
21 220
313 358
249 678
347 142
158 595
84 817
243 352
699 367
189 636
854 952
692 952
284 708
51 613
507 386
279 995
328 301
216 641
659 465
320 7
608 478
602 693
295 845
45 994
213 235
631 67
188 323
19 472
32 70
86 540
457 366
535 785
667 751
427 327
217 747
334 825
225 936
518 520
782 564
515 995
799 146
63 987
469 82
460 502
153 546
42 610
913 577
396 580
329 823
907 546
570 241
371 795
178 890
316 961
454 832
957 254
978 20
241 448
103 702
950 256
248 992
867 162
570 263
742 899
86 650
445 656
892 817
452 70
708 769
32 163
601 989
417 580
10 659
28 114
361 979
371 610
972 238
772 542
