100 2
764 248
897 18
803 145
48 98
1 736
182 249
846 186
583 520
529 62
285 688
569 808
813 560
879 330
760 571
735 46
3 499
295 900
518 98
45 566
197 47
303 379
296 150
566 880
671 95
942 956
784 511
765 597
72 644
928 832
216 663
879 219
163 174
120 682
273 166
249 471
213 553
850 510
703 417
390 374
513 333
331 297
845 96
894 917
741 822
750 957
486 629
176 650
804 297
332 78
463 581
549 677
134 400
187 838
818 578
213 331
911 544
628 756
641 522
674 382
345 424
339 831
54 516
481 859
813 814
937 277
395 487
954 530
888 141
368 706
719 581
37 631
126 665
387 767
188 61
150 533
486 490
364 540
6 846
400 820
660 338
97 56
825 51
586 714
193 955
420 913
537 457
544 663
123 932
431 311
993 581
845 480
71 210
21 78
56 421
898 717
759 996
773 585
48 360
299 241
316 719
