100 2
384 460
72 891
55 443
133 794
242 805
790 534
841 256
822 864
342 929
111 762
962 568
550 742
183 381
691 527
847 119
465 232
580 537
123 635
981 256
430 224
62 220
758 904
477 580
768 819
510 880
581 473
448 131
216 632
513 907
159 360
27 625
592 607
163 715
243 144
972 673
368 35
894 126
940 371
707 709
190 218
589 772
691 37
904 908
669 417
815 829
777 843
454 370
450 617
86 694
762 59
367 130
94 262
257 34
633 965
743 824
183 332
596 875
370 501
783 39
918 599
869 696
443 324
66 894
942 152
588 704
211 955
835 306
218 93
341 851
58 85
675 242
418 272
118 788
773 902
828 692
502 697
388 945
22 455
839 964
608 428
669 820
384 504
126 602
597 468
453 656
553 129
899 971
402 18
759 176
921 588
868 423
286 257
369 308
712 209
272 321
637 941
141 22
446 268
624 44
736 77
