100 2
428 967
903 571
454 216
79 356
897 525
560 847
18 640
865 331
297 868
283 497
233 445
275 985
439 881
141 529
268 781
375 697
749 279
269 204
496 348
560 393
874 121
240 893
761 106
225 58
974 508
556 208
954 832
194 393
713 335
923 982
117 299
679 867
579 949
71 75
297 632
469 172
754 710
65 515
816 290
574 791
798 130
0 753
963 195
146 676
531 70
658 649
369 338
516 948
287 588
24 585
221 493
757 975
203 823
491 20
113 65
812 912
196 812
665 160
8 812
836 539
883 495
188 252
834 705
201 122
294 225
707 515
718 465
490 922
288 981
942 402
47 755
315 244
568 981
404 576
794 241
116 677
736 305
930 571
10 131
693 305
356 401
820 75
867 311
998 156
292 941
558 340
696 874
585 264
856 990
841 650
231 957
328 968
262 259
539 273
390 232
578 747
633 399
823 501
710 821
657 3
