100 2
134 147
927 830
237 363
911 295
586 709
406 533
578 730
623 63
638 978
334 920
426 205
426 484
691 127
731 714
707 197
214 841
345 142
672 582
506 583
877 92
292 284
625 871
14 249
934 653
228 269
573 654
475 0
139 166
128 870
881 835
68 96
677 414
238 349
996 744
933 874
837 226
159 463
97 174
712 32
827 940
302 401
595 777
401 734
944 530
605 825
365 673
921 43
88 160
393 84
905 326
959 743
553 119
206 651
293 919
684 120
860 986
522 455
764 924
190 708
454 795
534 820
468 456
863 557
616 256
641 522
583 601
265 136
720 471
788 13
390 472
134 251
459 657
706 224
581 896
933 35
691 467
855 160
923 719
717 540
975 359
62 559
961 327
696 682
799 484
696 190
957 831
441 416
488 148
640 69
44 573
104 736
41 960
897 964
679 615
504 654
975 567
214 936
894 911
619 693
395 315
