100 2
589 783
30 675
573 632
767 846
244 401
726 739
510 905
672 955
217 933
989 987
961 608
63 731
148 593
746 622
760 149
54 349
933 84
25 506
717 793
353 962
194 79
701 705
985 374
660 203
307 649
190 269
257 254
0 405
847 747
27 607
897 82
957 830
166 983
337 883
776 690
846 971
770 548
676 755
922 336
958 230
985 149
499 242
403 500
648 250
247 676
858 144
758 815
974 924
798 312
808 575
2 654
546 772
202 222
528 125
558 486
356 543
635 855
786 38
356 434
289 603
110 147
748 869
963 723
794 761
35 603
336 38
257 883
811 460
105 339
586 663
825 942
207 461
798 993
500 154
428 790
758 539
937 506
408 900
230 203
662 266
806 999
304 63
882 115
524 988
455 111
651 281
53 859
742 851
853 243
6 281
33 764
821 971
270 230
871 501
433 534
767 239
534 71
303 417
187 828
405 642
