100 2
33 730
960 636
968 688
651 949
629 255
829 782
900 891
238 818
983 71
971 542
243 366
543 918
96 701
218 701
917 908
167 951
639 127
587 607
815 238
556 444
494 385
227 394
277 466
213 261
538 184
803 781
550 346
699 647
48 918
349 966
827 516
917 466
643 505
74 459
743 630
904 238
16 131
632 294
598 846
555 136
30 359
918 581
706 618
228 755
536 577
721 364
94 639
830 737
144 904
196 887
535 101
126 552
233 759
847 831
605 402
968 635
762 886
217 468
504 446
223 41
24 945
406 118
584 237
856 729
142 53
617 678
154 743
230 387
502 78
218 107
481 187
743 243
73 960
712 578
407 935
620 431
881 26
549 466
263 405
195 405
458 812
83 612
555 314
0 57
392 219
165 874
406 909
117 479
869 829
58 276
765 678
708 647
704 257
113 968
663 308
373 121
121 457
734 676
772 734
734 164
