100 2
525 948
430 697
651 769
717 279
353 949
124 67
530 640
78 197
683 12
666 754
359 338
878 306
572 632
393 481
552 241
378 78
190 808
775 841
577 493
121 931
442 246
999 972
887 77
170 571
90 836
325 449
174 204
756 747
836 149
228 388
390 607
467 580
416 242
422 994
736 544
925 178
791 925
151 678
3 322
249 93
159 574
542 333
778 298
81 615
448 310
4 838
917 471
418 334
713 841
328 450
385 254
628 176
179 780
854 182
103 104
276 262
679 819
596 458
118 677
73 566
988 77
404 906
549 823
240 263
664 569
713 50
823 342
227 3
122 82
185 226
186 462
488 865
281 84
324 399
762 397
965 751
475 369
657 24
193 898
287 858
467 0
909 291
343 136
294 465
218 480
692 405
942 180
271 223
265 595
622 27
993 588
779 468
958 436
493 151
334 780
10 802
781 919
93 124
56 388
590 275
