100 2
707 731
511 33
878 258
197 191
671 674
574 484
873 50
179 819
645 728
789 962
583 871
824 546
446 87
634 100
960 157
152 667
888 663
701 767
922 899
959 593
573 533
78 447
584 257
266 229
985 56
192 569
927 16
116 374
104 751
475 64
908 627
732 797
290 434
564 212
333 524
805 906
58 883
353 642
141 620
872 126
676 64
696 604
81 813
978 185
564 453
249 472
81 982
270 371
416 834
584 749
359 390
656 417
273 10
59 415
631 931
542 308
995 238
913 76
51 892
262 616
346 512
88 427
494 359
799 911
194 383
661 553
773 318
970 47
329 29
462 960
961 4
269 956
243 182
33 295
74 296
911 420
808 0
847 302
359 647
214 553
30 875
106 804
193 77
851 522
106 314
483 67
318 752
24 562
935 58
857 9
354 768
430 163
769 278
466 128
925 680
682 955
555 788
759 749
865 611
272 972
