100 2
293 281
95 586
22 496
536 389
506 725
479 608
74 517
670 658
831 729
12 474
79 30
677 951
432 762
443 270
747 885
731 41
166 826
627 189
323 164
578 829
889 58
438 964
575 109
623 407
838 635
882 917
666 559
868 98
322 312
369 69
197 100
111 363
927 738
553 250
902 131
80 792
189 519
757 765
628 380
173 467
16 56
384 682
616 253
781 938
565 150
8 763
251 119
127 179
857 680
430 760
811 510
553 1
30 310
767 659
690 941
126 707
997 510
389 614
764 171
552 329
322 560
93 573
680 220
752 538
900 182
298 712
693 851
714 724
162 481
383 852
423 509
559 421
20 949
35 784
120 587
114 442
148 207
16 828
427 769
367 327
952 665
40 646
517 754
370 679
236 753
532 659
262 92
80 283
41 116
67 162
703 182
605 852
389 621
681 817
390 48
145 343
714 185
989 231
940 359
911 176
