100 2
907 721
180 363
480 234
262 867
939 672
257 142
690 203
144 815
253 183
37 759
795 125
36 961
109 190
614 424
4 323
47 911
44 227
275 525
461 538
392 400
211 650
543 901
853 687
717 107
870 754
867 666
880 903
627 990
94 241
415 98
565 462
10 610
689 286
135 150
825 527
551 36
178 94
937 32
781 655
139 652
410 7
319 291
911 947
281 6
189 696
105 754
159 115
364 848
402 499
999 227
27 550
263 205
644 201
237 426
857 377
78 267
385 398
558 296
345 840
303 534
537 408
288 696
524 653
544 926
153 543
154 181
94 417
386 738
619 624
164 476
2 243
743 387
641 302
684 987
142 987
521 679
395 810
375 920
464 920
846 617
464 1
798 558
418 185
296 38
809 461
514 811
705 258
199 347
561 883
334 703
870 855
383 266
666 758
187 130
679 33
748 143
34 546
701 453
731 998
492 541
