100 2
818 758
31 678
416 730
194 828
535 616
572 213
245 859
613 348
277 421
558 872
255 238
111 40
896 578
699 41
836 260
692 655
19 723
333 436
454 527
265 990
144 837
203 389
696 817
737 974
239 296
846 495
535 958
536 431
536 235
473 373
496 166
28 516
889 362
952 344
889 217
334 34
55 537
424 751
355 161
725 594
458 572
90 994
530 626
425 67
861 899
440 358
65 469
874 955
831 827
299 721
45 633
755 100
171 179
852 527
341 577
122 800
150 212
794 680
838 220
748 699
119 188
58 184
658 932
139 489
760 438
211 805
72 967
905 244
147 757
771 489
335 893
289 485
105 83
166 943
303 914
643 423
103 701
607 762
634 747
251 394
186 463
200 258
430 105
502 578
863 273
67 198
167 357
684 272
440 851
215 744
766 858
168 870
560 775
632 194
523 884
589 709
347 789
967 778
894 470
356 758
