100 2
650 30
92 691
683 542
393 231
77 517
191 269
758 912
840 961
679 853
55 440
649 755
971 565
494 531
357 882
407 677
361 57
708 453
748 392
996 142
623 73
660 814
343 419
726 183
380 406
37 436
846 687
192 818
252 686
350 610
569 757
288 931
815 996
385 564
388 381
707 12
455 367
826 798
786 553
981 167
959 18
604 806
706 796
624 958
483 974
569 52
732 857
984 547
854 369
112 242
750 819
255 205
187 81
4 973
634 985
141 594
4 745
400 710
541 25
669 24
999 238
77 732
96 62
280 950
431 392
193 181
212 448
387 399
529 391
373 164
377 515
759 382
260 159
93 802
184 763
827 184
2 905
917 98
967 197
48 398
590 242
580 802
690 968
201 220
360 575
385 738
90 144
121 351
303 214
153 488
978 981
673 980
887 590
79 854
787 128
253 377
370 834
180 60
803 382
281 163
957 666
