100 2
835 129
425 264
85 174
283 980
642 669
478 216
172 235
409 538
626 401
151 307
410 138
960 906
407 365
623 83
203 372
224 39
502 650
303 587
824 587
567 467
257 46
683 429
282 93
968 908
494 119
216 905
258 177
812 666
542 435
750 746
808 974
785 310
625 88
897 449
676 465
917 933
511 600
362 793
694 330
701 189
450 918
94 709
95 907
376 637
342 126
384 151
101 169
461 726
258 359
176 934
824 93
867 335
694 230
129 388
561 831
578 12
749 672
722 845
579 98
482 922
225 867
73 326
36 535
53 295
894 230
230 718
323 98
54 18
328 183
406 890
14 985
902 764
657 624
609 237
723 92
160 948
959 234
275 996
769 329
291 664
559 522
383 882
620 437
900 949
621 307
839 635
292 741
400 950
366 9
188 89
102 349
38 61
583 314
58 353
643 350
18 202
872 401
84 492
838 985
441 460
