100 2
154 853
177 698
517 301
631 949
612 624
530 458
105 602
668 126
680 725
548 579
442 308
575 216
893 623
577 193
865 893
913 19
747 91
718 265
392 349
214 5
974 745
463 80
347 131
206 27
856 755
607 299
63 183
516 957
807 93
150 672
986 64
692 734
155 411
999 547
761 214
552 736
959 16
816 306
147 23
334 4
778 941
304 842
125 820
799 932
913 950
605 900
14 297
634 169
709 634
716 470
848 269
206 807
285 23
114 433
46 448
438 825
390 742
667 515
562 467
447 475
417 52
376 432
350 10
601 60
645 318
530 494
588 737
302 873
760 416
307 807
864 745
632 254
487 299
769 49
767 217
525 184
270 901
616 621
912 218
681 558
536 212
52 124
949 354
998 710
770 306
517 635
51 149
889 539
449 659
589 217
876 114
401 146
16 18
767 928
237 449
487 773
661 539
898 610
894 897
321 664
