100 2
723 677
334 17
297 804
398 164
549 768
42 707
212 750
204 204
956 141
694 506
715 643
859 886
967 722
266 707
289 734
425 13
412 760
31 709
564 430
874 114
198 917
821 410
668 25
614 624
167 309
131 882
952 991
769 920
713 35
627 3
769 52
16 181
812 48
891 377
478 765
491 676
683 313
87 351
339 701
975 507
11 107
389 963
98 159
884 812
194 511
815 964
564 832
145 377
880 37
754 359
802 246
36 485
560 123
836 900
825 812
407 836
919 797
800 18
956 684
831 151
196 646
115 760
478 260
138 359
298 892
719 100
139 755
586 700
879 423
600 704
235 8
540 155
805 340
174 762
25 5
913 221
652 28
982 131
289 120
490 587
13 210
688 152
965 274
853 844
697 453
549 933
461 89
89 267
430 264
30 456
269 943
677 921
971 659
52 261
779 543
848 792
754 537
945 719
811 798
564 509
