100 2
747 649
381 193
25 392
219 375
888 829
119 857
731 344
229 392
62 585
756 914
554 601
893 751
478 402
198 859
959 966
904 707
616 285
901 642
677 121
17 566
950 136
423 682
481 653
75 544
239 831
458 793
433 352
544 911
755 743
771 714
710 675
422 326
961 323
968 638
444 986
205 395
122 629
78 603
282 153
148 521
985 607
314 418
959 859
330 715
602 101
430 312
777 852
639 738
175 608
377 620
594 582
15 717
211 93
320 494
247 469
15 232
76 330
650 36
190 981
751 792
82 181
105 860
34 744
598 210
353 976
830 947
559 846
664 771
939 985
265 186
454 281
419 530
612 70
566 802
51 318
595 134
500 700
994 534
445 593
745 798
569 575
746 128
421 410
899 361
396 165
548 850
446 967
381 58
37 948
861 89
267 456
223 767
157 217
302 602
811 47
401 380
623 148
509 45
559 409
406 955
