100 2
939 57
923 993
916 666
845 769
909 851
51 943
615 873
914 886
103 786
387 536
321 154
776 855
226 79
272 414
907 677
56 846
734 980
840 651
647 685
421 556
536 473
500 151
346 414
37 449
201 425
986 522
580 762
378 806
841 650
221 749
328 278
596 63
258 436
715 905
121 136
462 657
609 963
809 955
378 847
405 579
272 391
102 852
154 480
659 995
131 880
744 459
158 340
523 417
776 238
322 898
374 785
556 984
748 365
940 126
213 346
706 485
737 808
338 892
289 997
887 420
877 632
880 36
973 403
453 750
641 776
648 16
562 204
1 310
570 941
437 783
287 143
269 25
952 607
917 241
604 805
662 482
438 542
519 411
945 972
161 587
749 810
604 311
15 605
622 586
547 59
369 835
203 639
861 156
246 778
397 851
584 60
334 22
602 853
433 547
826 595
135 575
405 739
886 421
345 508
7 892
