100 2
639 187
194 246
643 759
766 531
838 911
682 384
649 441
445 86
611 577
922 866
836 969
814 38
59 875
481 763
410 735
616 50
923 810
296 567
569 63
98 408
974 781
792 624
222 238
710 833
815 633
700 652
602 514
691 662
390 173
425 801
908 41
851 832
852 148
399 422
211 498
830 186
279 622
810 501
860 521
334 676
155 35
329 757
549 20
420 940
193 845
741 102
887 593
935 739
742 335
161 954
833 992
140 112
615 951
614 476
473 949
152 628
984 482
386 534
503 807
474 696
652 216
799 540
810 735
279 552
70 441
506 904
433 647
17 48
599 631
524 72
580 677
701 565
160 88
99 663
895 574
360 548
791 159
88 601
894 368
153 965
810 659
869 243
307 886
292 906
517 817
978 98
495 680
664 656
768 763
319 664
338 679
212 129
839 301
730 733
669 883
698 479
543 568
723 850
454 16
756 972
