100 2
940 643
101 603
485 200
691 341
158 185
397 424
613 723
970 420
938 50
72 223
682 103
206 813
739 510
196 186
36 928
356 976
572 457
579 58
658 271
399 816
456 797
241 70
520 211
491 458
262 563
682 944
667 888
758 406
398 954
592 435
883 949
411 456
406 991
514 64
262 914
881 719
711 122
790 231
334 281
690 597
845 372
542 512
261 300
919 660
255 512
96 138
461 507
594 868
499 109
933 761
23 814
481 734
937 271
966 272
553 657
869 398
29 411
911 291
712 830
952 967
343 48
105 804
556 700
673 55
810 606
816 834
421 298
569 359
569 535
631 122
192 501
521 222
913 432
514 625
263 466
592 606
515 698
411 71
399 85
126 210
692 943
44 113
241 613
473 810
148 105
933 341
606 455
564 519
887 79
145 151
545 738
758 61
436 170
132 836
255 258
46 947
201 90
61 443
703 534
254 852
