100 2
634 336
309 17
88 980
706 244
662 332
729 15
552 842
750 907
344 843
229 573
933 527
775 13
304 787
330 368
476 909
383 110
245 692
128 333
673 834
578 335
167 308
351 720
150 101
628 495
944 857
68 878
384 844
892 689
631 222
57 108
132 441
218 377
134 346
711 807
181 290
142 349
599 494
69 750
595 697
245 540
555 313
419 939
157 311
629 789
533 687
897 666
128 116
43 262
463 755
70 644
46 213
994 645
707 63
395 302
761 640
843 316
954 262
256 112
573 886
901 107
573 799
773 702
915 817
965 378
573 35
23 619
248 17
264 955
81 660
258 842
301 102
159 255
364 415
367 938
301 269
46 875
68 820
577 984
638 543
362 211
578 386
831 826
403 96
782 484
756 40
327 57
143 486
312 507
902 680
446 204
949 492
79 18
313 657
2 951
200 365
162 778
751 993
605 155
89 387
640 846
