100 2
12 641
409 993
636 338
88 751
682 695
388 179
806 667
179 167
250 109
506 237
46 179
123 185
579 412
300 750
476 510
471 488
152 881
481 789
219 570
541 902
266 929
82 73
596 261
240 847
370 747
84 417
926 208
603 506
620 903
257 97
414 728
585 567
610 67
357 829
638 898
732 904
827 815
977 424
76 218
271 447
965 356
865 892
564 468
398 185
372 655
282 786
384 868
354 994
935 711
824 574
609 557
478 437
372 456
862 449
675 134
897 640
490 762
532 55
230 931
241 602
586 524
389 971
392 744
965 328
456 790
902 65
347 381
503 719
838 365
168 513
500 66
154 991
828 686
46 59
618 288
662 205
812 52
176 204
796 142
532 252
932 435
318 280
816 821
999 654
187 168
168 688
234 322
679 63
9 726
122 627
14 784
832 826
836 9
31 633
151 563
885 84
999 204
364 815
26 363
470 214
