100 2
5 121
893 821
56 473
459 203
408 586
818 792
604 192
395 107
342 303
108 623
221 939
389 412
764 340
905 579
449 130
688 454
251 582
276 308
55 735
512 464
322 330
256 927
522 652
34 865
956 143
488 178
82 878
590 846
218 496
426 668
626 115
122 878
697 399
187 753
134 699
217 457
29 474
384 552
127 419
417 83
562 906
261 644
784 851
491 2
348 918
671 974
34 793
853 731
192 40
485 327
739 702
784 769
177 169
321 304
588 738
387 151
644 649
795 429
501 287
432 849
205 103
824 239
896 677
971 89
718 456
416 458
159 201
227 337
371 548
641 960
287 29
111 932
678 907
361 179
194 793
29 400
897 853
640 793
531 611
883 249
68 300
707 228
501 934
565 873
483 206
833 771
235 944
704 914
851 66
94 46
860 123
446 757
976 86
550 507
698 434
757 766
734 464
995 236
399 560
109 882
