100 2
432 372
132 528
458 913
550 480
508 301
603 251
325 490
698 404
713 421
883 447
645 117
370 215
338 965
15 43
365 260
935 798
632 68
326 91
981 877
571 490
178 175
741 503
666 440
908 379
861 791
827 507
908 198
723 247
164 738
290 529
999 225
327 632
294 654
723 275
531 295
765 710
470 507
213 136
947 122
516 808
913 344
316 822
542 39
69 706
778 360
236 778
586 564
410 880
218 134
156 750
430 921
460 901
429 674
38 376
796 555
185 710
899 501
532 442
541 602
148 320
963 385
98 549
949 509
429 168
644 586
918 74
508 379
975 937
54 13
313 851
568 498
561 468
0 94
910 541
697 59
861 660
444 960
209 394
469 639
563 113
225 482
188 733
861 163
670 916
177 984
767 746
482 328
214 482
423 125
24 120
185 885
780 630
845 990
24 315
629 587
429 855
69 617
589 931
780 259
847 958
