100 2
860 957
383 900
826 690
632 87
302 187
367 778
325 110
139 4
615 713
705 15
740 639
300 702
5 393
534 907
809 465
525 669
423 909
569 249
599 202
337 901
390 704
680 716
815 819
720 431
532 425
447 273
65 747
976 70
141 510
978 950
976 504
620 399
413 190
649 12
392 987
914 783
691 594
499 507
414 220
938 947
646 385
221 711
133 197
782 274
708 760
225 684
265 846
84 678
36 734
690 429
721 605
212 413
200 712
920 614
933 858
562 579
244 783
290 377
981 73
652 689
834 878
373 99
724 458
777 760
192 468
190 914
73 402
327 273
115 247
888 48
106 450
627 350
234 918
728 215
991 380
904 826
259 278
925 983
736 703
744 929
171 934
843 245
337 171
519 452
418 407
501 525
858 129
876 92
47 604
308 39
985 212
865 245
491 791
228 228
494 972
157 665
907 1
911 244
172 430
696 591
