100 2
981 297
733 424
753 142
457 558
886 98
928 830
979 570
132 55
622 94
211 27
809 368
955 617
358 796
167 429
562 516
435 544
813 168
968 567
311 425
125 197
524 54
27 503
624 160
559 247
254 770
274 64
139 230
681 498
26 848
927 589
364 362
133 178
531 102
746 842
528 871
40 52
926 67
556 551
227 115
798 482
886 72
546 25
302 228
523 329
77 451
918 442
813 52
620 344
155 366
187 683
238 227
736 164
295 293
715 523
408 514
5 294
586 552
320 889
780 843
219 858
294 138
300 108
190 921
453 346
287 640
30 526
868 766
691 163
59 407
686 468
921 692
763 508
244 83
397 25
927 616
883 222
754 184
331 945
105 784
291 393
425 321
919 293
88 610
456 148
18 143
616 939
835 380
447 80
463 845
105 391
461 989
613 216
173 945
161 278
729 453
671 154
774 591
448 863
202 905
11 220
