100 2
111 132
589 44
618 627
8 255
513 786
869 849
448 54
831 532
450 760
5 484
759 631
192 463
680 627
726 214
646 756
835 757
889 425
802 507
52 811
763 566
597 632
415 46
686 246
578 137
6 584
622 766
215 814
230 895
441 956
109 88
713 945
845 602
370 648
109 423
459 872
990 56
505 406
103 191
652 682
329 659
266 951
425 482
766 655
377 208
612 487
296 325
433 142
927 804
790 37
227 249
910 218
306 415
624 409
607 277
91 937
936 358
888 362
840 654
18 217
863 630
705 159
956 138
301 883
942 91
921 170
341 831
388 647
247 13
57 855
290 149
792 227
507 680
589 348
335 608
565 199
239 271
358 195
410 660
79 352
752 1
523 93
832 912
741 80
925 799
935 215
948 727
442 456
408 32
804 744
641 370
943 880
641 302
76 51
962 156
404 714
157 928
808 990
840 549
70 766
348 5
