100 2
591 5
523 407
482 224
613 437
129 932
370 54
367 953
786 426
395 567
28 949
258 833
352 192
332 540
526 711
806 641
913 398
646 436
805 129
661 419
566 790
352 936
844 719
890 631
145 286
199 174
235 457
8 587
650 340
128 176
52 935
817 965
333 464
402 138
593 64
558 159
854 910
96 699
629 986
331 775
272 530
950 507
988 958
95 638
299 223
815 351
158 633
316 492
97 719
630 691
783 189
851 638
99 947
338 729
934 669
505 206
200 455
714 188
414 809
827 713
33 642
65 191
276 382
683 373
101 314
65 885
504 916
523 603
864 862
333 798
531 838
5 732
294 719
920 709
529 748
423 562
390 488
754 666
870 438
40 972
753 106
857 257
23 381
861 887
243 194
686 774
33 691
506 328
411 427
37 940
175 461
503 566
949 257
233 820
695 274
792 449
380 650
706 403
31 567
291 274
762 977
