100 2
492 275
295 339
539 272
89 594
672 623
898 379
867 717
648 145
429 371
955 277
353 929
436 507
737 628
954 992
703 447
676 196
723 972
535 262
244 624
857 917
248 756
296 115
474 945
261 903
316 216
181 670
146 617
177 883
246 131
876 949
579 552
145 302
525 680
564 770
305 422
687 553
178 983
669 652
928 930
555 244
147 736
914 294
354 92
177 600
224 54
549 803
607 694
105 132
375 670
902 680
92 589
234 270
572 903
922 501
834 478
745 982
215 660
276 569
752 454
170 977
508 719
780 115
414 886
248 789
556 150
470 649
740 704
920 312
608 842
814 443
321 560
425 537
220 702
107 973
156 277
950 665
997 731
781 412
618 29
202 174
180 672
824 920
377 744
233 985
587 47
428 908
607 854
446 828
556 553
801 712
830 752
377 828
484 159
240 102
188 442
277 368
115 101
289 492
845 522
477 432
