100 2
244 496
140 162
13 603
669 387
408 116
191 266
952 870
397 356
716 275
901 692
273 835
44 475
782 997
421 142
517 276
85 762
773 225
924 787
829 594
174 237
711 366
504 663
237 901
20 954
177 922
646 450
757 690
926 540
688 348
682 206
625 767
968 398
993 893
185 823
487 360
61 199
727 565
863 964
466 884
918 643
806 564
94 564
255 21
104 943
369 786
149 995
553 118
393 547
11 579
370 499
940 431
699 667
996 562
632 462
446 551
106 253
116 201
817 371
222 921
315 592
707 465
587 261
583 981
808 595
560 179
94 501
610 793
169 606
355 801
69 802
352 176
55 468
377 872
840 600
794 155
192 502
620 779
763 204
761 572
799 321
751 893
823 362
687 992
968 43
794 38
846 146
215 901
615 592
774 456
193 568
611 385
71 232
165 834
436 926
407 236
248 159
130 71
521 817
64 490
861 858
