100 2
954 900
38 360
809 156
840 679
986 898
956 752
576 664
399 281
921 512
249 585
821 623
706 943
80 441
620 852
176 354
17 130
255 56
490 64
213 331
744 199
229 700
951 805
364 351
87 286
864 336
871 686
959 578
629 40
20 249
893 196
604 910
327 859
967 818
924 180
149 668
380 379
369 332
185 733
683 272
20 547
608 892
233 568
470 863
609 491
112 502
688 716
413 15
575 380
834 500
561 984
168 941
363 538
273 548
271 957
820 292
504 429
184 738
998 655
602 607
146 714
109 834
430 522
850 6
903 684
506 464
668 675
405 31
213 679
579 485
636 400
778 141
829 962
880 827
617 482
434 764
196 544
599 627
67 449
633 970
134 140
435 803
816 841
835 30
520 415
516 156
815 294
297 645
257 177
472 875
660 907
639 856
452 238
483 519
688 117
490 823
258 926
626 75
767 462
105 287
877 622
