100 2
206 308
924 472
599 603
757 961
499 49
218 808
415 890
664 191
531 787
535 175
330 629
509 569
546 559
951 380
532 484
551 738
792 475
210 391
79 968
352 579
17 571
387 433
462 52
625 993
839 161
169 170
791 678
740 337
237 692
717 769
176 269
508 969
744 719
360 824
688 713
403 706
284 791
139 746
843 765
740 683
926 909
854 717
587 595
55 825
287 773
594 464
42 103
433 787
822 793
611 511
507 14
217 792
805 357
538 649
123 279
333 50
189 188
768 777
783 823
602 71
596 197
535 638
300 968
426 123
762 37
634 270
52 852
62 857
210 601
507 333
881 841
383 70
30 151
847 813
975 449
885 572
646 420
211 946
389 637
70 152
674 705
422 726
557 485
584 768
87 92
101 968
933 485
38 963
637 885
777 613
335 662
185 981
83 396
928 473
33 999
625 708
704 48
434 262
534 19
30 621
