100 2
768 247
419 454
326 176
28 421
103 152
557 226
581 888
418 964
528 24
149 387
734 841
397 491
849 544
630 106
849 360
986 617
607 405
72 933
582 101
354 686
253 912
912 835
800 331
800 329
355 949
716 90
791 114
582 640
658 213
747 508
573 734
126 181
140 198
114 722
300 469
408 553
381 321
389 182
652 189
511 8
138 228
99 929
342 682
570 1
895 317
509 468
51 635
650 191
834 764
914 134
234 323
688 616
645 77
798 298
267 310
306 406
539 406
335 881
88 906
883 984
224 393
453 275
29 103
467 864
867 382
998 102
705 687
718 350
765 517
648 33
828 955
439 367
362 775
249 451
681 133
435 905
526 888
181 556
991 649
420 859
31 419
961 737
106 680
87 872
197 736
905 26
692 344
393 54
119 643
505 801
776 941
706 303
829 888
859 821
537 279
680 568
699 642
306 805
322 394
678 520
