100 2
223 640
112 481
595 594
569 328
403 119
490 648
657 971
527 1
267 187
636 598
425 842
435 740
973 118
215 883
393 520
509 617
161 622
98 757
216 668
86 620
787 576
268 445
548 796
446 816
983 83
414 409
926 849
149 900
968 365
783 361
886 292
978 47
915 77
805 131
745 891
752 533
468 21
978 16
817 425
832 801
508 247
211 434
97 360
334 65
726 118
427 612
411 406
660 326
484 465
458 230
357 210
763 825
231 741
842 49
166 675
851 675
922 62
110 19
423 445
85 149
563 513
762 974
919 423
301 403
889 759
634 246
969 397
72 201
139 914
250 305
589 101
981 512
163 91
532 586
536 618
736 100
131 499
75 50
922 376
454 811
135 88
58 104
486 130
305 625
44 556
931 634
658 912
146 822
4 679
409 541
297 145
641 428
644 716
479 567
92 934
379 227
23 437
332 509
567 638
135 612
