100 2
477 625
435 708
959 868
16 484
818 495
78 932
400 985
805 247
465 202
931 759
715 149
427 460
728 73
266 876
926 698
128 404
324 564
113 283
432 129
768 250
625 847
183 26
832 989
273 298
191 205
58 907
355 486
367 84
559 633
961 486
332 89
890 656
653 3
940 86
133 708
336 758
556 520
784 388
509 58
687 700
264 745
608 619
231 975
703 790
609 665
276 942
754 167
598 408
171 538
494 304
247 830
63 803
350 847
191 860
906 879
561 170
624 169
790 855
145 494
646 754
159 923
697 913
91 295
322 262
833 816
567 81
647 630
884 998
477 76
858 384
955 419
554 580
588 344
435 733
838 82
488 998
6 185
912 97
481 234
360 315
51 927
396 698
557 280
697 35
357 555
419 312
975 974
892 564
319 328
298 158
411 786
156 417
972 68
514 453
303 874
768 354
802 165
52 359
445 749
395 803
