100 2
571 857
978 729
532 509
673 270
606 182
335 876
691 225
62 36
775 608
426 625
663 638
654 463
719 762
403 294
920 184
937 491
41 915
220 574
425 894
845 31
77 180
907 768
405 970
805 181
578 232
806 241
870 461
705 590
224 109
884 144
293 822
635 335
738 856
909 163
750 754
194 827
934 102
596 340
73 401
522 651
634 328
893 504
790 599
95 14
708 980
159 1
802 794
336 541
650 245
704 401
0 899
228 934
1 824
274 74
226 797
726 860
126 620
365 916
219 461
931 927
441 90
929 244
885 265
785 536
511 489
937 511
389 166
446 390
990 721
465 217
518 192
77 644
812 443
560 31
904 492
959 345
583 888
589 468
154 375
5 665
865 942
177 254
108 623
645 99
344 111
316 862
303 394
506 115
837 67
147 741
559 106
87 143
995 677
611 149
52 616
814 917
559 992
172 667
615 817
767 959
