100 2
145 919
692 817
462 3
766 909
423 225
252 855
18 916
966 967
250 64
407 631
8 179
334 221
686 347
864 983
466 910
731 612
829 424
430 292
428 196
202 851
421 454
707 440
370 673
408 620
737 816
252 746
995 587
968 681
935 832
665 402
742 397
14 572
821 445
864 249
641 66
101 63
521 809
504 891
482 912
512 220
728 765
966 724
353 934
406 288
767 71
691 509
469 705
82 291
150 947
540 792
14 642
856 535
452 360
427 935
273 939
155 2
705 122
726 58
57 132
347 825
204 38
335 673
744 417
964 895
365 505
687 379
148 544
915 600
905 342
535 178
282 691
180 987
814 907
45 872
39 393
697 244
431 33
917 175
451 882
70 816
388 758
195 536
303 110
137 208
453 672
386 735
364 567
722 179
474 768
52 514
161 749
758 593
783 676
768 234
558 839
50 946
598 246
483 901
357 620
109 810
