100 2
568 377
728 771
16 589
928 263
367 326
115 952
386 450
974 988
304 407
536 130
3 671
705 409
411 592
830 756
101 838
649 669
216 377
441 233
966 369
497 334
695 612
286 81
63 260
69 367
668 605
497 671
277 203
81 688
795 912
444 897
750 94
566 966
471 7
200 438
376 697
772 71
309 58
153 373
319 222
740 987
828 237
659 105
441 740
794 237
652 239
134 403
333 700
370 805
708 570
243 84
267 15
156 577
73 310
950 393
532 691
380 361
929 40
467 370
780 261
607 433
500 742
837 833
442 207
638 151
778 881
235 46
897 392
624 971
702 575
364 235
266 744
597 195
785 64
565 565
325 173
999 826
915 836
659 358
44 298
509 822
180 745
869 78
138 493
49 841
68 413
77 335
158 674
530 943
738 96
509 64
270 508
890 186
345 550
545 389
849 55
212 29
800 81
107 939
574 157
780 643
