100 2
528 707
5 744
609 621
336 383
77 530
952 688
915 23
921 81
858 358
7 265
594 256
424 724
327 946
542 391
436 404
250 965
111 255
709 720
876 46
103 953
576 56
642 491
80 564
573 938
922 580
204 517
836 628
242 164
574 784
556 11
188 806
976 300
62 685
20 939
732 124
892 308
181 535
800 261
99 373
199 22
954 403
539 791
32 781
955 607
566 512
619 755
319 595
55 381
281 76
320 13
200 213
321 382
749 122
643 849
495 843
871 449
246 411
241 279
193 197
887 759
709 506
515 28
102 570
410 383
647 731
396 847
945 718
230 695
840 873
544 336
716 416
786 963
828 27
243 21
224 130
781 933
637 296
962 739
866 373
122 514
105 519
361 50
237 591
746 77
465 290
413 181
707 199
145 535
227 388
556 451
519 338
385 156
634 347
896 501
721 18
15 826
538 377
877 775
969 623
853 434
