100 2
914 267
616 621
467 761
157 694
149 714
145 668
52 530
825 686
878 721
187 599
740 202
426 278
580 303
54 549
927 907
983 841
174 600
463 641
361 620
336 511
334 481
180 386
11 5
73 889
726 260
489 467
463 915
745 43
219 800
592 146
707 576
988 882
176 451
524 538
72 860
49 407
342 229
794 354
234 867
243 961
127 733
429 591
648 175
634 867
975 227
14 683
803 2
565 980
454 90
518 527
951 567
934 293
797 728
647 31
595 891
993 723
624 422
314 273
597 948
141 573
175 155
256 979
158 822
960 612
912 478
139 864
46 73
158 843
802 805
875 397
697 869
120 322
291 434
596 889
383 737
462 559
892 718
539 51
541 499
663 453
978 803
318 24
877 476
868 679
282 744
77 980
613 197
302 905
632 898
794 16
636 257
575 529
976 114
580 517
614 244
971 592
47 289
617 924
766 486
604 48
