100 2
532 638
902 767
960 581
830 969
307 952
597 321
737 429
148 574
438 179
208 590
743 94
674 742
298 38
558 324
402 28
538 934
667 441
701 628
22 531
597 330
484 194
652 222
624 800
797 63
980 5
653 723
99 327
466 397
365 25
722 767
54 261
702 721
702 403
349 725
935 947
55 420
142 707
642 766
508 439
830 488
445 483
212 544
810 678
942 176
704 664
944 758
925 646
479 628
50 829
353 986
776 408
406 919
116 49
686 624
489 516
112 934
999 324
479 810
3 421
987 708
86 932
466 12
578 946
640 629
775 993
615 552
402 21
471 518
71 158
142 560
674 255
494 674
580 973
484 583
394 472
291 480
404 758
493 983
704 133
612 479
127 228
32 529
250 504
48 321
662 190
881 337
446 375
11 26
349 496
610 744
968 901
225 372
660 718
355 364
851 968
844 979
196 877
508 447
381 556
768 44
