100 2
47 627
763 789
223 640
743 909
818 988
563 633
101 328
614 812
102 889
514 755
234 322
519 28
254 436
395 553
451 389
586 498
16 349
288 240
990 31
149 809
20 712
442 121
41 56
933 143
945 447
899 180
769 419
209 23
855 604
577 306
993 163
805 10
513 93
250 503
125 400
312 145
112 755
266 154
812 199
298 757
647 197
938 417
616 147
441 472
751 18
779 745
182 584
756 695
677 6
199 802
406 511
947 519
267 214
674 79
413 972
837 61
169 775
478 786
922 919
259 674
938 38
420 120
623 176
816 300
183 15
103 590
527 51
110 794
265 785
874 679
757 711
740 927
486 218
714 409
138 973
84 77
11 505
198 634
682 15
935 866
30 39
457 558
91 567
352 357
352 227
36 110
938 776
38 425
995 752
835 134
725 920
212 737
425 411
372 108
426 308
974 456
347 431
14 439
999 367
796 352
