100 2
305 815
116 280
789 8
845 109
337 143
267 748
930 423
166 902
492 680
356 795
555 125
149 357
290 202
717 736
952 112
540 257
928 656
538 717
665 383
826 2
527 94
751 457
518 917
360 10
598 716
806 154
842 956
511 133
159 229
870 111
342 410
369 270
66 907
988 732
291 815
734 818
909 486
275 428
404 636
438 2
352 245
156 195
202 668
329 361
898 199
472 240
610 841
511 677
749 499
409 41
315 144
860 225
630 136
653 35
772 92
37 125
337 194
320 539
863 649
900 761
849 373
2 459
215 514
137 965
14 546
6 329
690 867
554 321
3 207
356 775
299 394
900 637
589 221
176 452
871 77
214 720
451 217
180 667
731 317
632 745
864 639
75 555
506 629
877 510
837 234
285 137
628 186
774 218
408 951
671 279
29 886
0 480
103 180
147 835
498 780
581 362
419 656
918 926
286 795
436 124
