100 2
130 583
547 823
928 941
878 48
584 383
849 361
325 556
664 154
444 524
975 981
804 656
550 503
299 856
309 622
250 987
142 381
571 690
204 499
631 82
547 216
466 397
577 792
953 242
946 397
767 922
379 571
579 930
75 878
786 384
500 37
372 643
419 943
333 624
443 965
707 991
181 174
388 759
966 341
2 913
739 770
835 118
342 415
49 417
294 835
802 794
873 174
438 292
117 772
917 560
737 624
551 919
798 939
679 764
281 682
677 20
453 513
139 795
929 188
213 223
24 15
18 898
189 456
191 306
228 108
867 966
732 418
886 530
358 566
295 640
249 973
661 702
487 800
497 416
989 710
639 14
726 657
912 915
114 103
222 342
211 89
309 944
508 196
474 866
762 770
507 12
743 168
714 230
969 212
647 958
923 287
973 649
944 885
564 58
989 786
401 200
876 711
145 384
907 619
251 670
390 758
