100 2
152 352
639 669
583 334
466 344
782 960
635 719
157 657
755 123
498 837
908 149
122 373
578 261
59 362
389 991
711 801
450 863
153 89
532 737
424 999
82 206
959 718
925 117
375 681
240 873
518 149
22 640
522 601
902 581
963 292
572 674
93 22
538 247
112 70
984 536
70 67
743 29
785 668
146 160
349 387
34 867
536 56
508 59
658 410
641 622
702 213
297 795
236 835
43 349
906 27
886 976
95 629
6 880
297 153
40 646
540 74
514 77
131 22
136 789
433 777
412 135
991 709
931 228
545 975
577 451
3 463
428 98
93 434
978 390
587 19
37 128
93 552
205 225
575 341
15 8
119 427
144 110
137 76
338 682
51 916
133 54
380 561
152 473
996 131
864 583
150 901
712 243
453 917
469 29
259 484
37 378
912 181
489 49
258 827
731 309
744 865
364 124
427 517
598 423
648 462
7 798
