100 2
501 515
441 587
165 887
244 57
705 697
128 413
466 160
576 67
150 993
647 161
653 676
275 14
655 646
624 627
884 397
170 386
912 611
973 77
499 218
134 204
915 262
617 381
423 194
449 573
188 96
734 841
773 10
855 429
656 480
56 541
877 226
927 789
838 900
867 337
119 1
541 34
264 159
415 687
353 864
261 541
961 996
382 735
6 238
164 662
719 221
203 597
448 131
386 286
31 254
624 150
256 166
185 520
325 600
208 679
465 470
220 427
466 603
163 472
842 327
134 561
548 338
159 996
469 545
283 501
799 908
652 56
74 837
576 399
438 785
79 904
256 299
332 722
903 495
194 746
822 329
308 371
668 467
368 138
13 651
639 813
560 292
869 634
130 446
34 569
231 113
474 487
413 806
210 317
301 404
63 124
734 372
496 402
839 864
540 852
516 180
665 76
473 534
710 604
981 745
173 212
