100 2
131 706
821 296
761 848
881 768
251 26
44 397
378 522
35 631
899 648
469 721
744 398
759 437
774 53
819 84
590 714
635 722
420 457
18 182
305 900
951 557
927 995
954 305
517 989
937 416
637 406
138 382
805 898
820 579
951 639
664 542
354 299
264 775
756 283
957 62
183 908
620 111
903 574
416 421
564 354
838 202
760 977
584 566
875 404
145 827
44 810
370 399
110 634
174 867
918 131
929 101
40 549
212 943
124 629
365 688
983 204
891 744
181 475
310 57
880 456
885 925
266 255
324 377
889 498
244 807
630 173
909 670
723 122
614 847
752 979
536 736
183 427
481 365
903 791
422 784
248 307
709 515
562 33
892 452
532 136
260 163
310 170
833 33
293 448
881 46
428 418
782 611
846 263
977 750
55 399
534 303
706 243
819 269
277 711
722 810
848 982
973 158
153 807
192 446
255 74
493 683
