100 2
382 454
172 759
287 92
620 601
985 442
16 484
353 772
119 392
576 459
77 131
841 592
74 57
448 803
199 180
282 562
124 665
16 297
424 304
390 45
906 375
488 922
860 841
695 979
233 272
439 311
403 281
903 477
339 352
280 538
533 563
101 657
228 117
955 653
422 345
698 328
721 186
250 582
27 946
561 261
218 1
572 622
282 476
99 622
829 380
160 362
944 261
20 172
379 976
826 801
321 524
129 43
711 380
625 738
327 187
0 545
188 573
168 471
50 267
93 879
648 254
242 592
515 262
765 895
238 592
697 560
116 826
604 827
207 229
566 534
417 567
80 605
140 248
77 190
516 171
69 165
425 311
758 941
574 523
837 813
115 534
373 232
361 977
60 568
207 626
103 624
193 184
230 334
432 308
524 949
479 594
114 905
906 872
846 480
396 683
293 512
218 667
745 579
645 805
147 853
432 251
