100 2
252 114
443 714
203 532
981 634
796 11
90 66
955 768
987 927
428 40
188 208
584 37
1 338
574 946
58 386
745 623
895 997
737 339
712 941
871 693
576 668
705 667
734 660
435 722
588 863
762 776
72 347
814 73
686 389
20 744
775 765
367 671
763 105
10 475
46 882
169 622
550 875
289 285
536 725
7 124
589 770
901 661
117 715
735 803
104 755
548 880
521 916
551 285
21 562
761 68
444 930
690 995
806 980
280 342
706 287
466 296
58 367
957 176
83 693
980 187
448 528
67 970
444 619
255 466
182 16
534 626
947 225
622 753
206 902
96 912
190 562
208 249
930 166
425 13
859 405
201 308
934 269
278 378
888 534
845 70
551 379
697 499
604 320
252 810
222 348
723 413
911 931
663 841
98 88
855 958
494 56
266 428
325 545
806 214
80 651
285 631
31 983
130 635
303 383
446 526
732 169
