100 2
188 717
955 701
484 525
920 95
870 51
373 418
93 219
205 638
185 730
684 406
405 491
502 563
926 894
91 193
460 761
390 648
478 345
350 963
871 270
59 742
321 433
160 414
653 366
53 838
97 738
245 502
229 747
65 156
641 156
349 102
918 740
750 397
86 100
361 957
371 420
699 692
853 860
107 507
227 160
346 324
898 591
826 128
339 892
284 981
49 634
83 968
374 834
365 460
934 727
418 305
147 118
998 1
978 105
508 206
266 854
530 165
446 357
293 785
249 577
766 299
211 850
268 586
684 633
47 618
360 465
924 508
584 922
510 563
28 18
769 295
873 299
460 319
656 753
105 906
331 872
206 543
722 474
130 407
108 177
26 469
643 950
977 227
873 487
791 902
506 560
197 379
859 657
699 516
411 805
422 743
677 628
287 400
102 417
807 210
595 834
679 239
784 657
467 658
145 258
561 651
