100 2
893 34
784 724
405 308
132 960
364 200
810 205
566 612
565 854
1 731
357 198
81 111
13 842
570 237
486 591
292 896
817 185
931 602
910 336
910 42
297 275
242 108
481 808
720 46
663 722
778 21
921 860
132 935
702 702
172 189
293 464
85 111
650 16
713 560
353 624
602 651
899 845
760 381
654 480
427 318
203 206
339 124
66 471
59 769
174 232
958 467
697 43
579 347
60 292
908 414
917 511
66 817
356 826
198 11
307 626
329 510
832 668
635 898
140 695
667 314
928 625
782 625
669 361
973 730
654 881
144 571
393 210
388 749
36 586
761 343
212 90
854 44
759 490
943 899
186 610
213 114
236 995
740 905
357 713
636 11
595 780
582 988
991 970
738 27
557 500
371 769
590 226
814 350
716 758
250 903
368 463
17 605
459 757
511 816
471 147
827 67
927 409
55 919
380 794
947 937
294 318
