100 2
603 256
175 199
922 144
944 933
604 652
868 931
144 4
961 285
909 359
91 846
392 365
897 733
620 135
919 167
876 500
741 480
757 916
679 679
61 624
612 666
276 481
597 420
485 559
706 395
918 798
241 310
163 138
44 783
273 963
950 150
464 691
630 222
608 310
901 669
934 514
336 210
995 933
631 481
493 338
876 411
136 117
722 299
256 767
83 530
730 34
680 195
726 311
417 334
622 319
4 556
833 340
767 829
274 398
310 767
736 186
179 873
304 901
172 560
669 256
91 399
291 772
595 17
84 12
352 706
331 357
262 165
698 29
994 972
428 304
740 165
490 919
38 795
821 211
356 490
468 447
890 759
220 485
776 304
497 129
10 829
486 272
995 184
302 989
157 731
293 897
896 784
816 935
579 637
146 935
127 614
383 17
373 603
502 150
907 0
280 917
830 766
190 825
951 493
815 108
224 108
