100 2
129 394
429 567
615 415
29 636
76 409
715 206
215 345
487 340
15 735
948 38
782 794
751 30
738 603
142 408
986 614
356 116
8 785
683 623
201 713
259 278
122 975
484 338
321 971
678 336
707 627
375 490
421 126
520 159
730 663
568 716
277 924
832 286
710 516
910 911
230 170
189 353
145 673
691 467
645 370
804 352
997 179
842 418
306 363
577 36
26 146
752 304
70 585
590 781
101 500
692 332
670 881
685 816
555 376
283 200
746 87
553 743
267 396
161 573
759 739
609 786
885 362
90 956
947 681
737 49
181 430
381 852
312 67
669 867
443 953
68 189
40 622
933 308
18 94
881 777
834 491
564 720
853 654
677 801
335 415
851 517
845 233
370 157
300 39
25 744
992 94
933 33
716 867
341 734
961 223
512 796
714 76
516 568
731 194
370 67
609 222
585 454
455 955
612 756
995 637
500 987
