100 2
858 647
700 272
454 910
589 756
315 653
880 49
25 377
452 865
241 993
718 757
174 383
834 647
918 545
252 899
290 425
112 149
73 813
422 528
723 12
284 39
665 165
89 691
542 541
557 783
534 275
541 709
659 375
356 577
921 609
477 211
35 590
361 108
403 783
636 127
795 921
166 461
86 255
152 629
797 709
412 332
985 954
41 644
330 398
222 251
7 699
463 42
290 824
151 694
607 788
821 402
709 988
863 796
244 16
425 42
726 838
374 711
793 415
355 123
814 577
375 821
277 838
864 567
662 15
261 269
803 83
672 513
72 535
310 316
552 735
358 278
574 733
990 367
148 345
491 963
923 866
784 201
704 648
769 366
664 31
636 468
114 308
981 186
844 291
503 396
27 862
675 601
595 665
969 744
11 460
707 934
326 492
136 30
141 905
397 805
936 33
273 51
341 255
237 185
546 741
581 573
