100 2
683 133
926 397
364 895
610 12
854 533
299 827
183 243
713 748
302 702
535 704
903 411
416 48
796 324
668 47
994 58
805 677
192 732
75 557
628 685
569 482
219 868
310 403
112 23
151 415
725 687
120 628
98 536
677 895
860 345
942 855
404 748
533 596
480 608
154 108
294 723
591 514
592 901
917 705
925 69
120 650
756 240
279 855
777 956
750 637
302 693
492 706
441 25
303 922
634 458
31 928
181 622
443 774
524 361
479 449
430 600
100 187
841 380
43 618
337 793
255 639
487 748
346 928
774 650
850 408
108 882
337 290
505 780
64 29
141 544
479 572
145 580
759 986
961 802
605 298
596 860
938 83
609 284
12 383
934 863
791 43
745 129
333 250
910 398
280 51
942 760
624 88
341 384
75 302
187 680
600 783
541 539
867 150
823 880
534 758
743 326
801 489
455 135
740 365
533 21
417 476
