100 2
595 832
463 533
609 501
959 605
253 794
739 978
714 952
715 140
363 87
248 789
395 223
246 743
655 261
182 654
629 978
7 224
811 470
757 420
972 716
25 225
511 765
204 226
717 920
366 81
7 615
870 403
839 117
147 494
378 330
149 7
309 156
231 120
627 989
540 599
706 566
825 217
332 29
443 49
949 810
131 957
426 1
361 265
118 509
759 497
839 908
504 148
65 736
269 693
725 810
293 432
376 118
649 708
148 93
758 97
904 889
55 330
891 416
595 10
925 355
507 765
264 12
913 329
749 182
23 474
992 316
907 369
435 556
78 583
650 837
681 554
726 736
885 618
152 480
628 78
835 136
843 99
149 757
429 898
939 453
373 932
769 280
302 205
837 381
788 488
218 470
42 945
206 927
563 359
408 192
437 244
329 281
343 479
38 773
377 978
226 751
911 996
32 213
201 870
594 990
358 813
