100 2
925 756
40 244
509 65
806 444
123 664
454 478
432 884
641 202
163 107
330 88
788 12
44 344
801 804
93 667
416 366
639 341
122 680
586 632
745 393
76 869
57 531
347 490
416 989
692 579
97 22
668 885
35 713
230 836
518 324
504 934
690 144
276 813
824 862
445 570
255 522
439 312
54 787
803 470
776 495
50 874
517 719
759 553
432 989
390 950
313 894
884 4
38 161
818 863
23 264
433 279
787 872
592 841
660 395
312 436
890 362
310 408
81 70
961 514
60 352
464 374
246 349
379 285
510 197
149 534
461 582
814 249
455 406
90 115
802 402
552 693
765 863
102 847
934 64
362 995
416 827
369 663
176 749
948 687
947 98
222 408
681 36
658 137
443 748
253 246
151 805
939 917
669 41
765 603
105 127
598 521
954 968
185 131
718 134
819 665
232 41
74 913
78 732
50 522
481 304
768 632
