100 2
834 735
71 329
415 735
986 184
499 305
849 837
984 62
966 824
363 696
557 32
580 256
512 123
825 235
973 279
252 730
252 86
465 324
416 881
59 402
66 558
707 915
395 692
977 362
516 341
59 74
374 639
331 886
763 157
122 737
437 374
467 689
461 933
13 877
814 73
280 880
631 988
796 27
681 774
390 198
115 449
273 489
89 604
376 852
762 498
589 199
873 56
888 335
989 902
212 804
976 493
685 608
481 481
635 162
256 26
360 371
476 633
861 565
238 237
417 0
736 6
199 610
63 88
945 53
991 158
857 967
651 542
575 133
24 211
295 281
237 656
653 714
290 514
279 529
752 696
530 489
703 730
99 767
819 45
820 810
203 678
778 854
221 353
988 246
565 283
527 803
940 180
517 231
695 796
760 447
493 291
936 197
21 36
965 840
81 785
651 284
464 429
139 685
783 127
931 348
411 459
