100 2
249 362
771 314
165 984
928 789
609 188
489 373
150 474
307 93
506 612
256 794
88 276
314 813
96 455
846 97
690 934
568 977
917 977
435 780
573 648
843 155
108 934
139 719
690 960
895 878
709 622
409 390
243 877
997 937
962 445
74 595
239 988
672 633
151 92
551 301
651 511
434 956
659 56
47 171
154 652
482 88
292 160
373 821
39 221
608 555
295 782
981 334
386 705
831 508
980 28
314 565
782 39
908 989
874 204
498 549
493 376
882 155
53 898
356 792
981 753
454 401
442 628
542 654
585 42
150 878
12 557
985 103
746 496
387 272
401 973
770 553
679 135
945 1
730 274
28 176
358 675
572 867
246 79
953 406
202 18
487 330
68 375
56 902
292 647
125 50
715 982
351 534
737 380
710 848
798 107
837 400
201 281
493 691
804 357
489 802
456 758
181 670
104 37
813 309
3 497
682 763
