100 2
690 960
831 508
249 362
387 272
243 877
39 221
981 753
358 675
771 314
498 549
551 301
874 204
746 496
659 56
151 92
68 375
150 474
150 878
679 135
489 373
506 612
837 400
962 445
125 50
239 988
435 780
28 176
56 902
843 155
710 848
709 622
292 160
882 155
456 758
908 989
895 878
493 376
108 934
181 670
651 511
373 821
585 42
256 794
770 553
74 595
945 1
202 18
482 88
782 39
715 982
609 188
672 633
980 28
813 309
104 37
568 977
307 93
246 79
573 648
572 867
737 380
351 534
47 171
88 276
690 934
798 107
442 628
542 654
292 647
997 937
96 455
154 652
139 719
730 274
953 406
356 792
928 789
434 956
985 103
314 813
487 330
314 565
846 97
201 281
295 782
608 555
981 334
917 977
3 497
682 763
53 898
165 984
493 691
489 802
401 973
409 390
386 705
804 357
12 557
454 401
