100 2
737 380
804 357
151 92
962 445
572 867
314 813
487 330
125 50
489 802
239 988
68 375
295 782
813 309
489 373
314 565
74 595
715 982
493 376
985 103
292 160
895 878
246 79
434 956
104 37
243 877
292 647
981 753
435 780
928 789
150 878
482 88
709 622
373 821
710 848
28 176
831 508
690 960
542 654
351 534
387 272
401 973
150 474
409 390
47 171
181 670
980 28
154 652
358 675
782 39
953 406
874 204
837 400
608 555
506 612
917 977
609 188
165 984
843 155
249 362
96 455
456 758
846 97
651 511
997 937
659 56
454 401
746 496
3 497
256 794
672 633
908 989
56 902
770 553
585 42
88 276
682 763
551 301
679 135
981 334
498 549
568 977
882 155
202 18
139 719
12 557
307 93
108 934
39 221
798 107
771 314
53 898
730 274
945 1
356 792
386 705
201 281
442 628
493 691
573 648
690 934
