100 2
201 281
710 848
181 670
409 390
434 956
314 565
985 103
358 675
256 794
573 648
568 977
928 789
154 652
482 88
730 274
442 628
74 595
292 160
672 633
551 301
651 511
506 612
981 753
746 496
56 902
980 28
68 375
401 973
715 982
454 401
53 898
239 988
165 984
489 802
908 989
981 334
493 376
690 934
690 960
542 654
953 406
96 455
997 937
456 758
771 314
498 549
737 380
874 204
150 878
782 39
770 553
386 705
39 221
609 188
356 792
373 821
139 719
351 534
846 97
487 330
882 155
151 92
307 93
125 50
28 176
895 878
493 691
962 445
3 497
831 508
150 474
104 37
292 647
917 977
679 135
585 42
295 782
243 877
435 780
804 357
246 79
572 867
843 155
945 1
608 555
659 56
88 276
314 813
108 934
202 18
489 373
837 400
387 272
249 362
709 622
47 171
798 107
682 763
12 557
813 309
