100 2
690 960
239 988
442 628
243 877
659 56
608 555
981 753
831 508
953 406
770 553
715 982
202 18
154 652
292 647
980 28
292 160
373 821
387 272
74 595
585 42
804 357
456 758
489 802
945 1
68 375
454 401
104 37
737 380
542 654
609 188
435 780
682 763
493 376
3 497
874 204
96 455
746 496
882 155
434 956
846 97
928 789
47 171
710 848
843 155
28 176
386 705
813 309
568 977
165 984
108 934
917 977
295 782
356 792
256 794
771 314
573 648
307 93
401 973
985 103
489 373
201 281
672 633
409 390
125 50
651 511
679 135
493 691
997 937
139 719
798 107
249 362
150 474
690 934
551 301
314 813
908 989
53 898
962 445
482 88
314 565
150 878
181 670
88 276
572 867
837 400
12 557
730 274
981 334
782 39
351 534
498 549
246 79
358 675
39 221
895 878
151 92
709 622
506 612
487 330
56 902
