100 2
12 557
981 753
434 956
962 445
928 789
953 406
690 960
609 188
874 204
585 42
551 301
456 758
679 135
442 628
831 508
104 37
454 401
292 160
746 496
493 691
3 497
493 376
737 380
249 362
945 1
154 652
572 867
68 375
356 792
659 56
47 171
108 934
125 50
682 763
387 272
409 390
314 565
239 988
573 648
74 595
201 281
489 802
56 902
386 705
798 107
295 782
53 898
139 719
256 794
981 334
314 813
165 984
917 977
985 103
980 28
770 553
651 511
351 534
487 330
690 934
96 455
150 474
837 400
150 878
151 92
730 274
39 221
715 982
608 555
181 670
710 848
202 18
401 973
908 989
882 155
813 309
435 780
782 39
373 821
672 633
307 93
489 373
804 357
771 314
28 176
846 97
498 549
358 675
997 937
246 79
506 612
843 155
88 276
709 622
542 654
482 88
292 647
895 878
243 877
568 977
