100 2
108 934
154 652
651 511
710 848
709 622
672 633
551 301
387 272
573 648
456 758
997 937
846 97
150 878
56 902
542 654
798 107
53 898
249 362
737 380
746 496
487 330
585 42
782 39
401 973
442 628
730 274
356 792
874 204
980 28
307 93
962 445
454 401
151 92
506 612
68 375
659 56
715 982
96 455
125 50
770 553
493 376
434 956
981 334
568 977
831 508
945 1
679 135
489 802
843 155
953 406
435 780
181 670
804 357
292 160
489 373
295 782
314 813
386 705
771 314
246 79
139 719
813 309
39 221
882 155
150 474
12 557
608 555
493 691
74 595
908 989
165 984
917 977
243 877
837 400
690 960
482 88
47 171
981 753
104 37
895 878
256 794
201 281
373 821
498 549
928 789
88 276
985 103
202 18
314 565
239 988
609 188
28 176
351 534
409 390
690 934
3 497
358 675
682 763
292 647
572 867
