100 2
246 79
53 898
690 934
165 984
150 474
493 376
980 28
181 670
831 508
68 375
454 401
201 281
239 988
295 782
292 647
358 675
609 188
928 789
151 92
843 155
804 357
373 821
506 612
108 934
489 373
709 622
895 878
12 557
962 445
3 497
493 691
813 309
243 877
249 362
985 103
682 763
498 549
292 160
690 960
356 792
737 380
434 956
47 171
997 937
672 633
150 878
28 176
435 780
256 794
585 42
351 534
551 301
573 648
489 802
651 511
487 330
139 719
917 977
710 848
568 977
387 272
125 50
730 274
482 88
314 813
456 758
782 39
608 555
770 553
874 204
908 989
442 628
74 595
953 406
746 496
798 107
846 97
307 93
96 455
154 652
981 753
386 705
409 390
679 135
981 334
542 654
202 18
314 565
88 276
104 37
56 902
837 400
771 314
715 982
882 155
39 221
659 56
945 1
572 867
401 973
