100 2
314 813
125 50
895 878
498 549
651 511
12 557
782 39
908 989
659 56
201 281
542 654
387 272
962 445
39 221
771 314
837 400
256 794
882 155
679 135
96 455
456 758
487 330
104 37
980 28
56 902
47 171
150 878
831 508
746 496
573 648
493 376
985 103
74 595
672 633
88 276
572 867
981 334
28 176
239 988
737 380
843 155
981 753
151 92
246 79
454 401
482 88
295 782
181 670
917 977
846 97
709 622
435 780
493 691
373 821
53 898
690 934
874 204
292 160
489 802
356 792
568 977
953 406
386 705
434 956
997 937
165 984
68 375
307 93
139 719
710 848
813 309
770 553
551 301
489 373
715 982
243 877
682 763
202 18
409 390
609 188
154 652
249 362
358 675
150 474
804 357
314 565
108 934
945 1
585 42
928 789
401 973
730 274
3 497
506 612
442 628
608 555
798 107
690 960
351 534
292 647
