100 2
573 648
679 135
489 373
96 455
181 670
962 445
659 56
409 390
874 204
843 155
928 789
387 272
351 534
256 794
813 309
609 188
690 960
88 276
710 848
651 511
895 878
442 628
572 867
771 314
246 79
125 50
154 652
56 902
980 28
831 508
608 555
585 42
551 301
3 497
386 705
243 877
981 334
53 898
568 977
47 171
108 934
12 557
837 400
690 934
782 39
730 274
798 107
456 758
489 802
804 357
165 984
139 719
202 18
151 92
292 647
487 330
39 221
682 763
295 782
401 973
249 362
434 956
770 553
482 88
493 376
981 753
150 474
985 103
356 792
709 622
104 37
28 176
314 565
672 633
945 1
150 878
997 937
953 406
846 97
314 813
746 496
908 989
882 155
506 612
201 281
454 401
542 654
917 977
435 780
307 93
737 380
373 821
68 375
358 675
498 549
292 160
493 691
715 982
239 988
74 595
