100 2
715 982
104 37
710 848
837 400
672 633
47 171
150 878
690 934
489 373
12 557
489 802
295 782
493 376
373 821
151 92
3 497
434 956
682 763
28 176
585 42
256 794
243 877
356 792
908 989
746 496
770 553
74 595
798 107
843 155
387 272
846 97
542 654
125 50
435 780
482 88
690 960
314 813
409 390
737 380
609 188
981 753
139 719
68 375
456 758
56 902
980 28
108 934
292 647
608 555
651 511
53 898
679 135
997 937
493 691
945 1
568 977
202 18
895 878
249 362
874 204
506 612
730 274
351 534
150 474
39 221
953 406
962 445
386 705
985 103
401 973
498 549
831 508
804 357
487 330
88 276
201 281
239 988
292 160
928 789
917 977
181 670
454 401
882 155
782 39
307 93
154 652
246 79
573 648
771 314
659 56
551 301
709 622
358 675
572 867
314 565
442 628
96 455
813 309
981 334
165 984
