100 2
917 977
68 375
609 188
572 867
985 103
882 155
715 982
435 780
139 719
542 654
782 39
387 272
125 50
908 989
489 802
3 497
837 400
770 553
295 782
831 508
434 956
307 93
356 792
651 511
154 652
88 276
709 622
442 628
962 445
56 902
351 534
150 474
953 406
249 362
150 878
314 565
710 848
201 281
28 176
493 376
243 877
12 557
108 934
454 401
482 88
813 309
386 705
292 647
895 878
690 960
401 973
256 794
843 155
151 92
997 937
39 221
945 1
730 274
551 301
202 18
608 555
498 549
874 204
104 37
487 330
489 373
239 988
679 135
981 753
981 334
846 97
659 56
771 314
47 171
165 984
672 633
798 107
409 390
74 595
568 977
456 758
493 691
746 496
980 28
682 763
928 789
246 79
573 648
358 675
585 42
690 934
373 821
804 357
506 612
53 898
181 670
292 160
737 380
96 455
314 813
