100 2
771 314
150 474
542 654
843 155
980 28
435 780
962 445
314 565
882 155
770 553
813 309
307 93
506 612
456 758
585 42
953 406
908 989
672 633
782 39
489 802
108 934
96 455
493 376
351 534
568 977
434 956
292 160
682 763
442 628
68 375
659 56
3 497
928 789
74 595
551 301
651 511
746 496
28 176
246 79
139 719
690 960
804 357
39 221
874 204
56 902
482 88
710 848
295 782
201 281
690 934
608 555
798 107
981 753
401 973
292 647
572 867
125 50
239 988
487 330
709 622
202 18
104 37
53 898
356 792
154 652
985 103
981 334
837 400
373 821
165 984
454 401
243 877
715 982
917 977
493 691
895 878
498 549
737 380
489 373
997 937
47 171
679 135
730 274
387 272
573 648
151 92
249 362
314 813
831 508
150 878
945 1
609 188
181 670
12 557
358 675
386 705
88 276
846 97
256 794
409 390
