100 2
715 982
401 973
609 188
108 934
181 670
151 92
295 782
672 633
709 622
690 934
358 675
202 18
568 977
3 497
487 330
908 989
314 813
831 508
746 496
12 557
985 103
585 42
409 390
953 406
150 474
730 274
874 204
843 155
292 160
679 135
962 445
651 511
928 789
682 763
690 960
386 705
292 647
882 155
154 652
74 595
249 362
798 107
573 648
770 553
846 97
456 758
96 455
165 984
39 221
442 628
125 50
917 977
28 176
201 281
737 380
373 821
314 565
56 902
139 719
150 878
804 357
981 753
88 276
710 848
997 937
771 314
246 79
837 400
387 272
551 301
256 794
239 988
53 898
47 171
572 867
104 37
493 376
243 877
307 93
356 792
608 555
659 56
945 1
68 375
506 612
435 780
434 956
782 39
981 334
482 88
895 878
498 549
542 654
489 373
454 401
351 534
493 691
980 28
489 802
813 309
