100 2
585 42
256 794
401 973
307 93
782 39
154 652
770 553
945 1
373 821
710 848
506 612
150 878
493 691
386 705
482 88
139 719
837 400
108 934
68 375
981 334
874 204
165 984
181 670
608 555
12 557
798 107
454 401
435 780
813 309
609 188
3 497
882 155
53 898
249 362
351 534
771 314
846 97
88 276
679 135
456 758
356 792
489 373
498 549
74 595
908 989
150 474
573 648
804 357
239 988
917 977
314 813
151 92
47 171
96 455
895 878
487 330
358 675
980 28
672 633
709 622
442 628
962 445
246 79
489 802
125 50
737 380
831 508
201 281
409 390
243 877
690 934
843 155
387 272
659 56
715 982
39 221
985 103
651 511
292 160
572 867
690 960
292 647
928 789
953 406
551 301
568 977
202 18
997 937
542 654
56 902
746 496
981 753
104 37
28 176
314 565
493 376
682 763
730 274
434 956
295 782
