100 2
709 622
356 792
387 272
56 902
608 555
307 93
239 988
68 375
12 557
980 28
715 982
690 934
295 782
710 848
454 401
53 898
690 960
981 334
846 97
373 821
771 314
39 221
88 276
165 984
314 565
837 400
292 160
493 691
487 330
874 204
928 789
201 281
985 103
672 633
493 376
730 274
243 877
737 380
798 107
256 794
409 390
908 989
679 135
551 301
96 455
542 654
997 937
249 362
843 155
386 705
401 973
139 719
435 780
609 188
150 878
945 1
181 670
434 956
782 39
573 648
358 675
746 496
202 18
292 647
28 176
770 553
651 511
882 155
895 878
47 171
813 309
568 977
246 79
351 534
659 56
314 813
3 497
482 88
151 92
125 50
804 357
572 867
442 628
917 977
456 758
104 37
154 652
962 445
506 612
682 763
498 549
489 373
108 934
831 508
981 753
585 42
489 802
150 474
953 406
74 595
