100 2
882 155
831 508
843 155
493 691
351 534
387 272
651 511
358 675
945 1
104 37
401 973
709 622
150 878
456 758
243 877
28 176
125 50
256 794
74 595
150 474
710 848
88 276
609 188
928 789
154 652
572 867
981 334
746 496
498 549
434 956
837 400
314 565
895 878
47 171
435 780
962 445
139 719
953 406
442 628
917 977
201 281
715 982
181 670
249 362
151 92
846 97
770 553
56 902
489 802
568 977
542 654
771 314
239 988
487 330
690 960
165 984
690 934
730 274
482 88
202 18
981 753
672 633
551 301
68 375
246 79
804 357
874 204
573 648
53 898
659 56
292 160
108 934
295 782
373 821
3 497
506 612
314 813
980 28
813 309
997 937
798 107
454 401
737 380
782 39
307 93
292 647
96 455
356 792
409 390
908 989
682 763
585 42
493 376
12 557
608 555
679 135
39 221
489 373
985 103
386 705
