100 2
88 276
585 42
154 652
682 763
928 789
746 496
981 334
246 79
831 508
506 612
917 977
837 400
672 633
74 595
53 898
985 103
882 155
139 719
813 309
243 877
292 160
798 107
573 648
730 274
442 628
68 375
409 390
150 878
980 28
28 176
572 867
181 670
493 691
239 988
981 753
489 373
201 281
104 37
651 511
386 705
39 221
202 18
314 565
493 376
659 56
456 758
435 780
679 135
356 792
690 960
12 557
690 934
56 902
165 984
542 654
715 982
487 330
782 39
482 88
351 534
609 188
387 272
454 401
770 553
953 406
151 92
895 878
307 93
314 813
3 497
292 647
962 445
373 821
47 171
843 155
710 848
997 937
96 455
256 794
551 301
249 362
945 1
358 675
434 956
804 357
150 474
295 782
846 97
125 50
489 802
874 204
908 989
498 549
709 622
737 380
771 314
568 977
108 934
401 973
608 555
