100 2
201 281
917 977
139 719
798 107
96 455
489 802
928 789
895 878
181 670
831 508
165 984
104 37
351 534
150 474
690 934
314 565
493 691
435 780
39 221
386 705
53 898
246 79
813 309
387 272
456 758
770 553
837 400
487 330
498 549
843 155
356 792
659 56
68 375
489 373
256 794
243 877
442 628
239 988
88 276
730 274
314 813
434 956
409 390
746 496
985 103
782 39
953 406
679 135
980 28
981 753
154 652
609 188
373 821
573 648
715 982
690 960
846 97
108 934
12 557
682 763
945 1
874 204
908 989
295 782
307 93
981 334
454 401
608 555
997 937
47 171
551 301
709 622
401 973
882 155
568 977
151 92
482 88
737 380
125 50
292 647
771 314
202 18
672 633
542 654
493 376
150 878
292 160
585 42
651 511
506 612
249 362
3 497
358 675
962 445
74 595
56 902
28 176
572 867
804 357
710 848
