100 2
882 155
239 988
434 956
573 648
243 877
104 37
710 848
181 670
928 789
139 719
804 357
846 97
151 92
165 984
487 330
401 973
945 1
908 989
387 272
985 103
47 171
68 375
249 362
568 977
608 555
74 595
709 622
295 782
39 221
981 334
108 934
730 274
498 549
672 633
292 160
690 960
874 204
356 792
28 176
88 276
358 675
3 497
314 813
782 39
351 534
493 376
917 977
435 780
201 281
150 474
489 802
202 18
609 188
256 794
682 763
150 878
980 28
53 898
409 390
895 878
962 445
56 902
585 42
690 934
542 654
493 691
373 821
981 753
314 565
125 50
442 628
154 652
997 937
506 612
715 982
953 406
843 155
659 56
96 455
837 400
746 496
770 553
489 373
737 380
551 301
572 867
307 93
771 314
386 705
246 79
482 88
798 107
12 557
651 511
831 508
454 401
292 647
679 135
813 309
456 758
