100 2
895 878
715 982
542 654
165 984
498 549
202 18
356 792
608 555
651 511
39 221
568 977
572 867
243 877
493 376
125 50
154 652
981 753
53 898
74 595
307 93
804 357
12 557
837 400
679 135
493 691
292 160
874 204
239 988
104 37
917 977
96 455
151 92
506 612
945 1
150 878
730 274
3 497
387 272
928 789
573 648
690 960
139 719
150 474
256 794
489 373
456 758
882 155
28 176
482 88
88 276
846 97
181 670
295 782
710 848
709 622
770 553
746 496
798 107
373 821
201 281
962 445
246 79
690 934
351 534
609 188
454 401
386 705
434 956
409 390
551 301
771 314
585 42
953 406
314 813
672 633
682 763
489 802
908 989
314 565
358 675
68 375
980 28
997 937
401 973
56 902
435 780
108 934
782 39
47 171
292 647
981 334
843 155
442 628
737 380
813 309
659 56
985 103
487 330
249 362
831 508
