100 2
358 675
356 792
493 691
139 719
831 508
895 878
874 204
908 989
165 984
709 622
150 878
482 88
56 902
256 794
659 56
409 390
980 28
917 977
506 612
201 281
568 977
573 648
651 511
295 782
710 848
997 937
843 155
74 595
373 821
981 753
798 107
672 633
981 334
239 988
487 330
608 555
442 628
489 373
837 400
551 301
962 445
715 982
953 406
3 497
53 898
782 39
292 647
125 50
12 557
882 155
386 705
314 565
690 934
150 474
730 274
770 553
690 960
39 221
737 380
47 171
945 1
985 103
202 18
292 160
609 188
88 276
542 654
585 42
846 97
249 362
434 956
928 789
401 973
572 867
108 934
679 135
489 802
96 455
746 496
307 93
456 758
28 176
243 877
387 272
498 549
314 813
804 357
771 314
813 309
493 376
154 652
104 37
181 670
68 375
246 79
682 763
454 401
435 780
151 92
351 534
