100 2
895 878
690 934
314 565
249 362
985 103
981 334
715 982
908 989
771 314
74 595
165 984
917 977
239 988
709 622
568 977
295 782
108 934
435 780
608 555
981 753
351 534
798 107
962 445
953 406
489 373
104 37
442 628
150 878
256 794
682 763
150 474
88 276
572 867
493 691
782 39
945 1
456 758
770 553
489 802
659 56
813 309
493 376
125 50
837 400
928 789
56 902
551 301
573 648
679 135
139 719
846 97
542 654
454 401
997 937
12 557
356 792
181 670
154 652
737 380
3 497
292 160
487 330
804 357
96 455
243 877
47 171
980 28
609 188
39 221
672 633
710 848
831 508
506 612
201 281
409 390
292 647
746 496
246 79
28 176
386 705
482 88
151 92
498 549
651 511
874 204
314 813
68 375
401 973
387 272
690 960
843 155
730 274
373 821
202 18
434 956
307 93
358 675
53 898
882 155
585 42
