100 2
895 878
150 878
358 675
96 455
351 534
709 622
679 135
292 647
730 274
56 902
435 780
151 92
715 982
980 28
917 977
928 789
487 330
139 719
202 18
434 956
387 272
945 1
12 557
572 867
356 792
307 93
28 176
201 281
493 691
489 802
882 155
874 204
409 390
737 380
108 934
690 934
908 989
489 373
813 309
456 758
609 188
386 705
682 763
39 221
568 977
585 42
246 79
292 160
710 848
985 103
846 97
454 401
997 937
243 877
573 648
401 973
782 39
47 171
746 496
608 555
551 301
962 445
314 813
53 898
651 511
314 565
3 497
843 155
506 612
981 753
104 37
831 508
239 988
498 549
482 88
837 400
542 654
181 670
771 314
953 406
770 553
690 960
154 652
249 362
442 628
68 375
256 794
373 821
74 595
798 107
981 334
659 56
165 984
88 276
125 50
150 474
804 357
493 376
672 633
295 782
