100 2
454 401
981 334
804 357
356 792
651 511
442 628
104 37
434 956
435 780
201 281
386 705
771 314
682 763
56 902
895 878
980 28
181 670
746 496
945 1
307 93
737 380
154 652
997 937
125 50
165 984
96 455
908 989
351 534
542 654
568 977
202 18
409 390
88 276
981 753
710 848
715 982
487 330
882 155
401 973
608 555
917 977
690 934
150 474
358 675
831 508
387 272
243 877
74 595
813 309
292 160
456 758
843 155
679 135
239 988
28 176
709 622
782 39
770 553
489 802
493 376
68 375
249 362
573 648
47 171
672 633
150 878
314 813
690 960
798 107
489 373
837 400
246 79
314 565
373 821
585 42
295 782
572 867
609 188
846 97
292 647
506 612
953 406
139 719
985 103
928 789
659 56
256 794
12 557
482 88
53 898
874 204
730 274
498 549
151 92
551 301
962 445
3 497
39 221
493 691
108 934
