100 2
659 56
28 176
730 274
243 877
47 171
249 362
985 103
181 670
980 28
568 977
908 989
292 160
506 612
843 155
154 652
746 496
401 973
928 789
239 988
682 763
482 88
813 309
917 977
435 780
256 794
373 821
981 753
150 474
489 802
442 628
962 445
672 633
585 42
202 18
351 534
358 675
12 557
201 281
489 373
307 93
314 565
846 97
88 276
837 400
125 50
104 37
165 984
53 898
945 1
68 375
493 691
454 401
804 357
573 648
246 79
651 511
356 792
782 39
770 553
409 390
150 878
798 107
771 314
3 497
690 934
493 376
498 549
295 782
434 956
710 848
542 654
139 719
292 647
874 204
690 960
679 135
96 455
831 508
953 406
39 221
882 155
609 188
386 705
56 902
997 937
895 878
572 867
715 982
737 380
387 272
608 555
981 334
151 92
456 758
108 934
74 595
314 813
551 301
487 330
709 622
