100 2
151 92
53 898
813 309
493 376
243 877
104 37
798 107
489 373
981 753
68 375
108 934
239 988
831 508
307 93
39 221
551 301
782 39
980 28
715 982
690 960
314 813
139 719
542 654
249 362
874 204
682 763
454 401
746 496
997 937
945 1
846 97
456 758
659 56
981 334
843 155
125 50
373 821
3 497
498 549
493 691
572 867
985 103
928 789
150 878
292 647
962 445
88 276
487 330
585 42
47 171
401 973
202 18
12 557
292 160
608 555
358 675
96 455
837 400
165 984
737 380
28 176
672 633
351 534
730 274
651 511
434 956
386 705
409 390
690 934
56 902
908 989
435 780
953 406
770 553
150 474
895 878
882 155
609 188
489 802
74 595
804 357
295 782
314 565
154 652
506 612
201 281
256 794
356 792
710 848
442 628
573 648
679 135
246 79
387 272
181 670
771 314
709 622
482 88
917 977
568 977
