100 2
493 691
249 362
585 42
307 93
181 670
770 553
246 79
608 555
985 103
409 390
243 877
679 135
837 400
506 612
154 652
962 445
150 474
498 549
804 357
690 934
551 301
96 455
690 960
292 160
165 984
125 50
56 902
28 176
108 934
782 39
401 973
387 272
831 508
651 511
917 977
434 956
981 753
798 107
256 794
68 375
730 274
895 878
456 758
981 334
493 376
489 802
572 867
292 647
239 988
980 28
710 848
88 276
104 37
682 763
709 622
715 982
813 309
573 648
454 401
386 705
314 813
151 92
3 497
874 204
314 565
356 792
659 56
201 281
882 155
202 18
435 780
53 898
39 221
295 782
482 88
997 937
928 789
74 595
737 380
373 821
150 878
746 496
351 534
12 557
945 1
442 628
489 373
47 171
843 155
568 977
609 188
139 719
771 314
542 654
487 330
953 406
358 675
908 989
672 633
846 97
