100 2
401 973
498 549
47 171
489 802
843 155
928 789
292 647
981 334
154 652
68 375
568 977
292 160
387 272
165 984
980 28
409 390
435 780
442 628
150 474
125 50
201 281
314 565
28 176
202 18
710 848
96 455
506 612
837 400
737 380
53 898
56 902
730 274
487 330
358 675
256 794
813 309
243 877
454 401
608 555
3 497
356 792
314 813
12 557
874 204
609 188
150 878
715 982
351 534
39 221
945 1
295 782
771 314
782 39
572 867
373 821
307 93
139 719
798 107
181 670
74 595
962 445
770 553
985 103
831 508
690 960
908 989
846 97
746 496
108 934
672 633
239 988
682 763
804 357
573 648
917 977
246 79
104 37
585 42
542 654
651 511
997 937
151 92
386 705
489 373
882 155
679 135
981 753
493 376
482 88
88 276
551 301
493 691
895 878
249 362
690 934
953 406
434 956
709 622
456 758
659 56
