100 2
498 549
487 330
307 93
154 652
771 314
314 565
292 160
953 406
482 88
843 155
39 221
568 977
351 534
358 675
88 276
104 37
454 401
12 557
730 274
690 934
243 877
489 802
239 988
585 42
74 595
980 28
489 373
813 309
165 984
493 376
715 982
679 135
314 813
139 719
895 878
804 357
917 977
608 555
981 753
945 1
985 103
47 171
401 973
386 705
874 204
770 553
409 390
456 758
928 789
837 400
831 508
710 848
997 937
981 334
96 455
387 272
108 934
798 107
682 763
125 50
295 782
962 445
746 496
292 647
435 780
846 97
201 281
53 898
442 628
150 878
572 867
434 956
551 301
672 633
659 56
737 380
782 39
202 18
908 989
573 648
56 902
609 188
249 362
246 79
882 155
373 821
181 670
151 92
3 497
493 691
28 176
690 960
256 794
651 511
506 612
709 622
542 654
356 792
68 375
150 474
