100 2
837 400
434 956
125 50
679 135
53 898
150 878
295 782
506 612
482 88
953 406
243 877
39 221
715 982
981 334
96 455
181 670
151 92
771 314
489 802
542 654
454 401
401 973
710 848
573 648
386 705
980 28
672 633
843 155
68 375
798 107
585 42
804 357
737 380
292 160
47 171
746 496
150 474
568 977
882 155
908 989
962 445
682 763
917 977
690 934
608 555
3 497
651 511
489 373
108 934
239 988
356 792
387 272
358 675
609 188
201 281
139 719
56 902
487 330
154 652
442 628
551 301
997 937
572 867
249 362
202 18
782 39
314 565
659 56
730 274
493 376
307 93
28 176
373 821
846 97
246 79
435 780
945 1
493 691
351 534
74 595
256 794
498 549
874 204
831 508
928 789
292 647
770 553
813 309
690 960
12 557
456 758
314 813
895 878
981 753
709 622
165 984
985 103
409 390
104 37
88 276
