100 2
387 272
813 309
202 18
154 652
358 675
551 301
201 281
456 758
985 103
442 628
125 50
837 400
804 357
482 88
846 97
314 813
373 821
997 937
3 497
386 705
874 204
981 753
572 867
454 401
679 135
981 334
74 595
608 555
108 934
39 221
96 455
256 794
771 314
715 982
493 691
246 79
843 155
56 902
295 782
150 878
730 274
249 362
151 92
798 107
682 763
307 93
139 719
487 330
493 376
928 789
895 878
104 37
243 877
770 553
962 445
831 508
88 276
953 406
181 670
782 39
945 1
351 534
609 188
292 647
690 960
434 956
409 390
672 633
573 648
356 792
292 160
690 934
710 848
165 984
980 28
314 565
737 380
651 511
568 977
542 654
239 988
489 802
435 780
882 155
746 496
908 989
12 557
401 973
498 549
47 171
489 373
585 42
28 176
150 474
917 977
53 898
659 56
506 612
709 622
68 375
