100 2
454 401
201 281
487 330
358 675
442 628
682 763
239 988
746 496
498 549
585 42
47 171
690 934
709 622
551 301
202 18
651 511
435 780
715 982
314 565
846 97
672 633
401 973
782 39
150 474
104 37
945 1
608 555
981 334
68 375
981 753
831 508
659 56
125 50
74 595
908 989
88 276
150 878
108 934
804 357
493 376
980 28
572 867
489 373
482 88
3 497
292 160
843 155
12 557
314 813
813 309
56 902
962 445
710 848
53 898
679 135
386 705
181 670
409 390
928 789
165 984
249 362
292 647
96 455
256 794
387 272
882 155
568 977
874 204
771 314
953 406
895 878
506 612
39 221
356 792
997 937
542 654
154 652
243 877
489 802
737 380
493 691
295 782
730 274
456 758
798 107
28 176
837 400
246 79
307 93
690 960
434 956
151 92
985 103
770 553
573 648
139 719
373 821
609 188
917 977
351 534
