100 2
651 511
573 648
358 675
882 155
782 39
47 171
201 281
709 622
151 92
928 789
837 400
373 821
980 28
690 934
3 497
454 401
292 160
165 984
292 647
846 97
409 390
498 549
771 314
150 474
387 272
506 612
256 794
96 455
493 376
679 135
672 633
39 221
487 330
831 508
125 50
489 802
609 188
181 670
108 934
981 753
489 373
74 595
746 496
985 103
737 380
804 357
249 362
356 792
314 813
246 79
150 878
843 155
401 973
456 758
295 782
139 719
68 375
962 445
482 88
243 877
239 988
568 977
386 705
945 1
435 780
56 902
314 565
997 937
104 37
493 691
608 555
351 534
551 301
572 867
28 176
542 654
442 628
917 977
434 956
908 989
710 848
202 18
981 334
307 93
813 309
53 898
715 982
12 557
154 652
88 276
798 107
682 763
874 204
585 42
730 274
895 878
770 553
659 56
953 406
690 960
