100 2
249 362
981 753
28 176
139 719
104 37
746 496
165 984
88 276
307 93
125 50
682 763
12 557
837 400
181 670
456 758
608 555
493 376
985 103
917 977
572 867
68 375
730 274
542 654
482 88
401 973
770 553
39 221
154 652
506 612
243 877
493 691
981 334
314 565
150 878
813 309
831 508
108 934
651 511
843 155
292 160
47 171
882 155
962 445
997 937
804 357
953 406
96 455
672 633
201 281
53 898
487 330
74 595
659 56
3 497
798 107
782 39
846 97
585 42
442 628
609 188
373 821
386 705
295 782
246 79
314 813
489 802
908 989
256 794
710 848
945 1
409 390
771 314
715 982
358 675
387 272
434 956
435 780
737 380
150 474
454 401
980 28
551 301
690 934
679 135
895 878
690 960
709 622
351 534
489 373
56 902
498 549
239 988
292 647
151 92
573 648
874 204
202 18
568 977
356 792
928 789
