100 2
256 794
568 977
68 375
292 160
945 1
150 474
804 357
201 281
715 982
798 107
39 221
454 401
202 18
493 376
782 39
96 455
690 934
542 654
682 763
401 973
165 984
709 622
997 937
373 821
917 977
770 553
846 97
874 204
573 648
435 780
108 934
690 960
351 534
314 565
307 93
12 557
151 92
246 79
47 171
243 877
150 878
837 400
980 28
710 848
498 549
730 274
386 705
125 50
28 176
249 362
608 555
442 628
53 898
679 135
409 390
813 309
953 406
609 188
843 155
434 956
746 496
981 753
882 155
908 989
572 867
314 813
489 802
651 511
551 301
895 878
489 373
962 445
358 675
292 647
181 670
356 792
831 508
506 612
585 42
672 633
74 595
387 272
88 276
985 103
56 902
104 37
487 330
659 56
771 314
139 719
737 380
928 789
154 652
981 334
239 988
482 88
493 691
456 758
295 782
3 497
