100 2
831 508
771 314
981 334
151 92
981 753
997 937
139 719
256 794
434 956
908 989
493 376
154 652
715 982
125 50
506 612
435 780
846 97
314 565
487 330
882 155
493 691
74 595
249 362
150 878
96 455
895 878
56 902
150 474
608 555
917 977
292 647
351 534
710 848
690 934
292 160
874 204
651 511
798 107
39 221
104 37
498 549
659 56
386 705
609 188
246 79
239 988
307 93
813 309
746 496
165 984
489 802
456 758
679 135
985 103
730 274
88 276
53 898
843 155
454 401
482 88
709 622
295 782
837 400
181 670
47 171
542 654
572 867
358 675
980 28
928 789
68 375
962 445
568 977
201 281
770 553
202 18
356 792
585 42
243 877
489 373
409 390
3 497
672 633
314 813
737 380
804 357
373 821
108 934
682 763
28 176
12 557
945 1
387 272
953 406
690 960
442 628
782 39
401 973
551 301
573 648
