100 2
882 155
154 652
908 989
770 553
53 898
928 789
68 375
243 877
813 309
295 782
88 276
985 103
373 821
798 107
506 612
945 1
837 400
771 314
568 977
56 902
435 780
608 555
690 934
874 204
125 50
782 39
572 867
679 135
314 565
401 973
456 758
74 595
181 670
730 274
165 984
690 960
709 622
843 155
573 648
489 373
487 330
3 497
246 79
387 272
542 654
953 406
292 647
482 88
307 93
493 691
609 188
150 474
585 42
356 792
737 380
12 557
28 176
442 628
981 753
202 18
715 982
249 362
292 160
358 675
682 763
454 401
139 719
409 390
746 496
314 813
39 221
47 171
672 633
651 511
104 37
551 301
434 956
386 705
256 794
895 878
150 878
980 28
804 357
659 56
96 455
351 534
151 92
962 445
489 802
917 977
108 934
997 937
239 988
846 97
981 334
831 508
493 376
710 848
201 281
498 549
