100 2
690 934
798 107
53 898
730 274
442 628
3 497
108 934
246 79
154 652
489 373
256 794
953 406
409 390
295 782
239 988
659 56
292 647
482 88
945 1
358 675
243 877
314 813
981 753
962 445
125 50
542 654
104 37
651 511
489 802
874 204
690 960
151 92
498 549
356 792
568 977
68 375
454 401
771 314
47 171
585 42
351 534
307 93
831 508
314 565
487 330
746 496
782 39
997 937
981 334
843 155
679 135
609 188
201 281
39 221
895 878
165 984
804 357
434 956
456 758
96 455
292 160
928 789
386 705
551 301
181 670
12 557
493 691
715 982
572 867
56 902
573 648
709 622
373 821
435 780
682 763
608 555
150 474
837 400
980 28
710 848
985 103
493 376
139 719
387 272
882 155
917 977
88 276
28 176
506 612
908 989
737 380
672 633
770 553
249 362
401 973
813 309
74 595
150 878
202 18
846 97
