100 2
690 960
997 937
201 281
314 565
709 622
295 782
96 455
482 88
710 848
487 330
672 633
846 97
917 977
53 898
715 982
659 56
358 675
139 719
292 160
3 497
804 357
551 301
401 973
985 103
493 691
434 956
953 406
882 155
442 628
568 977
573 648
608 555
108 934
12 557
572 867
981 334
243 877
202 18
585 42
351 534
387 272
456 758
679 135
746 496
28 176
831 508
386 705
356 792
181 670
314 813
307 93
813 309
39 221
74 595
609 188
770 553
837 400
88 276
154 652
908 989
150 878
980 28
56 902
737 380
730 274
895 878
489 802
682 763
962 445
489 373
798 107
981 753
928 789
542 654
246 79
47 171
498 549
239 988
506 612
874 204
454 401
292 647
945 1
782 39
151 92
843 155
493 376
373 821
651 511
150 474
435 780
690 934
165 984
104 37
249 362
125 50
256 794
68 375
409 390
771 314
