100 2
506 612
139 719
882 155
771 314
837 400
151 92
846 97
874 204
239 988
56 902
307 93
295 782
962 445
68 375
568 977
895 878
454 401
651 511
672 633
165 984
690 934
201 281
730 274
843 155
782 39
572 867
945 1
3 497
493 376
292 160
386 705
88 276
434 956
953 406
96 455
798 107
256 794
202 18
489 373
314 565
442 628
292 647
690 960
682 763
489 802
917 977
981 753
980 28
908 989
679 135
770 553
493 691
356 792
387 272
659 56
709 622
104 37
498 549
813 309
108 934
985 103
981 334
487 330
715 982
608 555
737 380
710 848
804 357
314 813
609 188
573 648
181 670
373 821
246 79
150 474
154 652
28 176
542 654
125 50
243 877
482 88
358 675
39 221
249 362
53 898
150 878
435 780
928 789
351 534
401 973
831 508
12 557
47 171
585 42
997 937
746 496
74 595
409 390
456 758
551 301
