100 2
442 628
489 802
682 763
981 334
150 474
917 977
651 511
28 176
256 794
572 867
953 406
928 789
997 937
154 652
314 813
551 301
573 648
356 792
710 848
690 934
108 934
246 79
493 376
386 705
125 50
454 401
730 274
489 373
373 821
846 97
895 878
56 902
358 675
962 445
945 1
401 973
568 977
292 160
165 984
314 565
542 654
709 622
493 691
307 93
435 780
690 960
292 647
243 877
659 56
150 878
68 375
74 595
672 633
804 357
981 753
139 719
202 18
798 107
12 557
151 92
487 330
409 390
39 221
295 782
782 39
239 988
585 42
813 309
96 455
351 534
843 155
679 135
249 362
609 188
882 155
608 555
980 28
498 549
387 272
104 37
746 496
88 276
181 670
434 956
715 982
737 380
53 898
831 508
837 400
482 88
47 171
3 497
771 314
456 758
506 612
908 989
985 103
770 553
201 281
874 204
