100 2
56 902
804 357
572 867
985 103
981 753
314 565
493 376
831 508
882 155
608 555
125 50
737 380
246 79
243 877
96 455
435 780
28 176
154 652
770 553
409 390
746 496
837 400
715 982
314 813
551 301
679 135
874 204
434 956
498 549
12 557
489 802
798 107
358 675
672 633
690 960
782 39
953 406
917 977
506 612
454 401
68 375
387 272
307 93
292 647
295 782
908 989
980 28
249 362
568 977
239 988
710 848
709 622
401 973
108 934
487 330
493 691
690 934
442 628
843 155
895 878
181 670
585 42
456 758
386 705
104 37
47 171
351 534
981 334
201 281
88 276
730 274
139 719
150 474
846 97
813 309
489 373
609 188
150 878
682 763
356 792
659 56
53 898
997 937
373 821
771 314
542 654
165 984
151 92
482 88
292 160
945 1
256 794
962 445
3 497
573 648
651 511
39 221
202 18
74 595
928 789
