100 2
813 309
28 176
358 675
125 50
386 705
47 171
108 934
489 373
456 758
249 362
295 782
837 400
651 511
831 508
442 628
908 989
997 937
201 281
506 612
895 878
585 42
730 274
104 37
572 867
928 789
609 188
96 455
292 647
843 155
256 794
292 160
56 902
682 763
608 555
771 314
981 334
690 960
846 97
3 497
746 496
387 272
454 401
980 28
770 553
679 135
489 802
409 390
314 813
314 565
356 792
672 633
882 155
737 380
74 595
962 445
243 877
435 780
709 622
373 821
804 357
715 982
482 88
782 39
150 474
434 956
154 652
953 406
710 848
246 79
945 1
68 375
151 92
202 18
53 898
150 878
181 670
874 204
88 276
498 549
659 56
798 107
917 977
568 977
542 654
981 753
165 984
493 691
12 557
493 376
39 221
307 93
351 534
985 103
487 330
690 934
139 719
573 648
551 301
239 988
401 973
