100 2
981 334
249 362
201 281
813 309
730 274
150 878
442 628
843 155
908 989
985 103
409 390
243 877
358 675
573 648
387 272
489 802
746 496
804 357
568 977
454 401
150 474
498 549
3 497
154 652
314 813
125 50
882 155
945 1
837 400
181 670
356 792
715 982
737 380
74 595
953 406
831 508
139 719
928 789
56 902
292 647
709 622
47 171
506 612
292 160
434 956
962 445
690 960
608 555
246 79
895 878
572 867
874 204
373 821
104 37
295 782
53 898
980 28
435 780
609 188
997 937
256 794
456 758
88 276
489 373
68 375
782 39
493 376
151 92
682 763
12 557
314 565
482 88
679 135
770 553
585 42
771 314
542 654
401 973
202 18
659 56
386 705
672 633
307 93
917 977
798 107
239 988
487 330
39 221
551 301
28 176
690 934
651 511
351 534
96 455
846 97
108 934
165 984
710 848
981 753
493 691
