100 2
295 782
690 934
3 497
895 878
551 301
68 375
997 937
609 188
710 848
843 155
12 557
108 934
181 670
837 400
239 988
962 445
980 28
709 622
358 675
608 555
804 357
409 390
985 103
454 401
243 877
981 334
679 135
651 511
953 406
249 362
493 691
498 549
442 628
874 204
482 88
314 565
682 763
573 648
125 50
782 39
690 960
542 654
882 155
813 309
292 647
386 705
96 455
659 56
47 171
908 989
770 553
150 878
150 474
351 534
730 274
314 813
88 276
928 789
572 867
292 160
56 902
165 984
585 42
672 633
356 792
945 1
53 898
401 973
506 612
981 753
489 373
917 977
28 176
202 18
435 780
846 97
487 330
798 107
139 719
151 92
771 314
373 821
74 595
715 982
746 496
456 758
737 380
434 956
256 794
493 376
154 652
387 272
246 79
104 37
489 802
831 508
307 93
39 221
568 977
201 281
