100 2
292 160
74 595
804 357
3 497
489 802
243 877
246 79
435 780
945 1
962 445
295 782
489 373
150 878
651 511
682 763
895 878
96 455
108 934
181 670
771 314
151 92
104 37
409 390
482 88
12 557
953 406
442 628
981 753
715 982
843 155
88 276
39 221
798 107
831 508
709 622
154 652
908 989
150 474
770 553
690 960
730 274
125 50
746 496
202 18
386 705
356 792
201 281
874 204
737 380
585 42
980 28
710 848
882 155
307 93
139 719
373 821
56 902
292 647
782 39
672 633
493 691
454 401
256 794
609 188
239 988
28 176
928 789
679 135
314 813
981 334
53 898
568 977
487 330
358 675
572 867
985 103
659 56
917 977
542 654
997 937
314 565
434 956
456 758
498 549
165 984
573 648
846 97
68 375
351 534
249 362
47 171
401 973
387 272
813 309
506 612
837 400
608 555
493 376
551 301
690 934
