100 2
997 937
39 221
737 380
831 508
493 376
672 633
709 622
314 813
150 878
28 176
882 155
307 93
609 188
256 794
151 92
454 401
181 670
715 982
506 612
771 314
568 977
387 272
489 802
843 155
243 877
493 691
953 406
165 984
74 595
679 135
249 362
690 960
351 534
551 301
837 400
917 977
498 549
981 753
895 878
981 334
96 455
373 821
651 511
690 934
201 281
770 553
139 719
104 37
962 445
782 39
68 375
53 898
356 792
585 42
56 902
928 789
3 497
88 276
908 989
386 705
292 647
442 628
573 648
487 330
125 50
489 373
730 274
659 56
608 555
154 652
314 565
435 780
401 973
985 103
710 848
542 654
246 79
12 557
980 28
682 763
292 160
798 107
108 934
150 474
239 988
813 309
804 357
456 758
572 867
358 675
409 390
482 88
434 956
945 1
874 204
295 782
202 18
47 171
846 97
746 496
