100 2
181 670
493 691
837 400
487 330
256 794
295 782
165 984
88 276
997 937
314 813
292 160
151 92
568 977
201 281
953 406
813 309
154 652
771 314
710 848
672 633
981 334
442 628
104 37
659 56
74 595
56 902
202 18
108 934
551 301
489 802
980 28
908 989
917 977
28 176
506 612
682 763
435 780
573 648
454 401
373 821
798 107
882 155
542 654
498 549
928 789
804 357
770 553
434 956
690 934
962 445
12 557
831 508
401 973
386 705
358 675
456 758
47 171
39 221
409 390
609 188
243 877
150 474
945 1
387 272
737 380
356 792
489 373
292 647
314 565
585 42
246 79
608 555
874 204
249 362
690 960
53 898
307 93
985 103
651 511
125 50
482 88
679 135
572 867
730 274
68 375
3 497
895 878
746 496
239 988
846 97
96 455
139 719
843 155
150 878
715 982
709 622
782 39
981 753
493 376
351 534
