100 2
659 56
165 984
493 376
249 362
104 37
908 989
962 445
125 50
837 400
292 160
181 670
771 314
585 42
239 988
356 792
373 821
68 375
917 977
981 334
96 455
770 553
243 877
314 565
746 496
256 794
202 18
307 93
28 176
150 474
88 276
895 878
201 281
715 982
782 39
3 497
928 789
487 330
498 549
292 647
493 691
151 92
798 107
568 977
682 763
882 155
730 274
813 309
672 633
456 758
985 103
679 135
295 782
980 28
435 780
506 612
690 960
358 675
710 848
409 390
846 97
831 508
945 1
843 155
108 934
709 622
690 934
737 380
442 628
74 595
551 301
351 534
651 511
572 867
246 79
150 878
542 654
53 898
387 272
489 373
47 171
56 902
434 956
139 719
386 705
874 204
39 221
314 813
154 652
608 555
454 401
401 973
489 802
573 648
804 357
953 406
609 188
12 557
997 937
981 753
482 88
