100 2
358 675
782 39
730 274
307 93
401 973
770 553
295 782
373 821
487 330
292 160
945 1
493 691
997 937
150 878
804 357
356 792
709 622
386 705
771 314
690 960
456 758
202 18
28 176
908 989
831 508
551 301
506 612
746 496
150 474
292 647
256 794
435 780
710 848
201 281
409 390
985 103
659 56
715 982
434 956
928 789
498 549
239 988
981 753
12 557
39 221
572 867
154 652
573 648
651 511
3 497
690 934
568 977
798 107
542 654
882 155
96 455
47 171
679 135
874 204
489 373
608 555
962 445
454 401
585 42
243 877
843 155
56 902
980 28
682 763
981 334
609 188
108 934
489 802
249 362
737 380
387 272
672 633
246 79
151 92
314 565
813 309
895 878
165 984
88 276
314 813
181 670
104 37
493 376
837 400
917 977
74 595
442 628
125 50
482 88
953 406
53 898
846 97
351 534
68 375
139 719
