100 2
895 878
572 867
585 42
434 956
435 780
151 92
104 37
981 334
442 628
573 648
456 758
201 281
454 401
542 654
409 390
837 400
12 557
165 984
96 455
746 496
730 274
498 549
356 792
690 934
609 188
292 160
737 380
690 960
493 691
243 877
981 753
125 50
782 39
487 330
150 878
256 794
53 898
47 171
249 362
506 612
682 763
493 376
962 445
108 934
945 1
68 375
882 155
314 565
154 652
651 511
150 474
672 633
387 272
997 937
568 977
804 357
843 155
489 373
928 789
831 508
953 406
373 821
3 497
74 595
401 973
985 103
295 782
28 176
139 719
798 107
386 705
39 221
482 88
314 813
181 670
358 675
874 204
917 977
846 97
770 553
679 135
88 276
202 18
56 902
980 28
908 989
771 314
715 982
709 622
246 79
292 647
659 56
608 555
307 93
710 848
551 301
351 534
489 802
239 988
813 309
