100 2
151 92
47 171
690 960
358 675
201 281
489 373
928 789
39 221
387 272
804 357
150 474
846 97
895 878
314 565
356 792
782 39
88 276
997 937
150 878
351 534
981 334
542 654
139 719
292 647
690 934
843 155
12 557
28 176
456 758
489 802
771 314
3 497
568 977
434 956
181 670
651 511
493 691
56 902
506 612
837 400
908 989
246 79
386 705
239 988
442 628
980 28
679 135
715 982
307 93
917 977
585 42
710 848
730 274
659 56
202 18
487 330
74 595
256 794
498 549
292 160
154 652
882 155
125 50
770 553
746 496
953 406
454 401
249 362
962 445
737 380
813 309
831 508
874 204
482 88
493 376
551 301
435 780
798 107
672 633
981 753
53 898
243 877
709 622
608 555
573 648
572 867
401 973
409 390
165 984
314 813
609 188
295 782
945 1
68 375
108 934
682 763
104 37
985 103
96 455
373 821
