100 2
386 705
551 301
917 977
782 39
125 50
154 652
585 42
874 204
201 281
895 878
981 753
573 648
659 56
737 380
690 934
358 675
568 977
28 176
997 937
572 867
487 330
104 37
53 898
498 549
239 988
746 496
682 763
435 780
493 691
770 553
387 272
981 334
672 633
307 93
150 474
56 902
953 406
292 160
165 984
434 956
710 848
88 276
506 612
456 758
651 511
108 934
709 622
39 221
139 719
74 595
96 455
985 103
314 565
3 497
542 654
798 107
373 821
243 877
295 782
401 973
771 314
831 508
493 376
908 989
181 670
314 813
454 401
980 28
150 878
690 960
846 97
945 1
68 375
715 982
843 155
608 555
356 792
679 135
804 357
928 789
962 445
730 274
882 155
813 309
246 79
256 794
609 188
489 373
482 88
12 557
202 18
47 171
249 362
351 534
837 400
151 92
292 647
442 628
409 390
489 802
