100 2
489 373
572 867
746 496
843 155
409 390
928 789
551 301
493 376
243 877
798 107
831 508
679 135
804 357
908 989
568 977
980 28
493 691
813 309
435 780
542 654
139 719
108 934
314 813
12 557
47 171
292 160
3 497
682 763
737 380
454 401
401 973
150 474
351 534
39 221
74 595
917 977
295 782
709 622
770 553
154 652
201 281
837 400
358 675
487 330
882 155
997 937
442 628
373 821
608 555
506 612
651 511
715 982
962 445
498 549
771 314
96 455
659 56
56 902
249 362
672 633
434 956
690 960
28 176
386 705
710 848
985 103
125 50
981 753
239 988
573 648
202 18
585 42
53 898
782 39
314 565
150 878
482 88
489 802
165 984
953 406
88 276
945 1
246 79
256 794
895 878
456 758
730 274
690 934
104 37
609 188
307 93
151 92
981 334
846 97
387 272
68 375
356 792
181 670
874 204
292 647
