100 2
314 813
3 497
295 782
28 176
88 276
608 555
150 878
981 334
831 508
843 155
709 622
246 79
551 301
202 18
314 565
981 753
53 898
997 937
256 794
239 988
386 705
715 982
609 188
498 549
356 792
770 553
151 92
442 628
104 37
39 221
882 155
813 309
493 691
401 973
307 93
489 802
985 103
746 496
434 956
74 595
373 821
874 204
572 867
154 652
489 373
351 534
690 934
456 758
962 445
945 1
165 984
782 39
672 633
454 401
679 135
804 357
243 877
846 97
435 780
506 612
568 977
96 455
292 647
56 902
730 274
493 376
980 28
798 107
358 675
12 557
387 272
409 390
659 56
953 406
249 362
125 50
928 789
487 330
908 989
181 670
542 654
150 474
68 375
573 648
585 42
108 934
482 88
292 160
771 314
651 511
201 281
690 960
682 763
895 878
837 400
917 977
737 380
47 171
710 848
139 719
