100 2
28 176
493 691
770 553
690 934
249 362
679 135
435 780
401 973
843 155
551 301
874 204
39 221
96 455
715 982
243 877
139 719
962 445
434 956
981 753
150 474
542 654
202 18
980 28
981 334
498 549
387 272
201 281
917 977
292 647
12 557
88 276
709 622
672 633
651 511
151 92
730 274
493 376
108 934
882 155
813 309
489 373
908 989
608 555
804 357
456 758
737 380
442 628
568 977
572 867
997 937
585 42
798 107
837 400
487 330
945 1
373 821
246 79
125 50
409 390
295 782
846 97
239 988
256 794
292 160
358 675
53 898
47 171
68 375
928 789
710 848
56 902
682 763
454 401
690 960
165 984
953 406
573 648
74 595
314 813
746 496
831 508
386 705
985 103
307 93
104 37
351 534
154 652
356 792
506 612
771 314
895 878
482 88
609 188
489 802
150 878
782 39
3 497
314 565
181 670
659 56
