100 2
730 274
498 549
608 555
489 373
651 511
487 330
798 107
928 789
908 989
573 648
139 719
401 973
39 221
201 281
12 557
104 37
53 898
482 88
295 782
771 314
249 362
243 877
672 633
108 934
239 988
493 691
709 622
386 705
715 982
434 956
307 93
351 534
542 654
246 79
154 652
150 878
945 1
292 160
917 977
679 135
47 171
895 878
442 628
456 758
882 155
88 276
804 357
3 497
314 565
843 155
813 309
74 595
387 272
846 97
782 39
489 802
181 670
997 937
962 445
710 848
151 92
690 960
770 553
314 813
551 301
165 984
68 375
292 647
96 455
572 867
746 496
659 56
690 934
356 792
831 508
682 763
56 902
409 390
256 794
358 675
609 188
981 334
837 400
585 42
980 28
493 376
125 50
737 380
874 204
28 176
373 821
953 406
454 401
150 474
985 103
981 753
435 780
568 977
506 612
202 18
