100 2
243 877
771 314
609 188
435 780
672 633
690 934
150 474
68 375
249 362
798 107
962 445
659 56
3 497
256 794
710 848
151 92
498 549
314 565
690 960
608 555
442 628
181 670
53 898
201 281
917 977
730 274
292 647
104 37
292 160
837 400
88 276
682 763
908 989
307 93
239 988
165 984
980 28
482 88
96 455
843 155
846 97
945 1
551 301
782 39
953 406
506 612
679 135
154 652
997 937
12 557
28 176
981 334
770 553
295 782
831 508
985 103
358 675
47 171
928 789
356 792
737 380
981 753
202 18
572 867
150 878
813 309
895 878
39 221
882 155
454 401
351 534
542 654
493 376
139 719
487 330
874 204
246 79
489 802
709 622
568 977
409 390
456 758
108 934
715 982
573 648
401 973
74 595
314 813
489 373
56 902
387 272
651 511
125 50
804 357
585 42
746 496
434 956
373 821
386 705
493 691
