100 2
307 93
690 934
770 553
498 549
771 314
506 612
746 496
88 276
108 934
386 705
568 977
292 160
256 794
831 508
882 155
609 188
442 628
150 878
401 973
356 792
39 221
489 373
837 400
908 989
843 155
551 301
56 902
980 28
659 56
47 171
249 362
96 455
28 176
682 763
798 107
314 813
874 204
409 390
201 281
53 898
997 937
572 867
373 821
358 675
181 670
737 380
782 39
846 97
151 92
387 272
493 376
434 956
12 557
489 802
981 334
953 406
456 758
709 622
246 79
928 789
74 595
679 135
917 977
710 848
239 988
139 719
651 511
945 1
585 42
68 375
690 960
292 647
435 780
715 982
672 633
202 18
482 88
985 103
730 274
493 691
454 401
608 555
351 534
295 782
154 652
962 445
813 309
125 50
3 497
487 330
573 648
165 984
804 357
150 474
895 878
104 37
314 565
981 753
243 877
542 654
