100 2
165 984
609 188
573 648
493 691
730 274
608 555
243 877
292 647
68 375
962 445
246 79
493 376
239 988
3 497
506 612
307 93
314 565
981 753
409 390
804 357
679 135
843 155
997 937
895 878
154 652
928 789
770 553
882 155
846 97
585 42
981 334
201 281
945 1
434 956
568 977
39 221
874 204
690 934
551 301
108 934
150 474
373 821
314 813
837 400
88 276
908 989
980 28
28 176
442 628
454 401
387 272
295 782
798 107
56 902
651 511
917 977
125 50
47 171
542 654
709 622
489 802
351 534
489 373
386 705
659 56
151 92
737 380
256 794
139 719
710 848
104 37
482 88
150 878
435 780
782 39
202 18
985 103
249 362
487 330
746 496
682 763
672 633
181 670
358 675
690 960
292 160
12 557
74 595
953 406
498 549
771 314
356 792
456 758
96 455
715 982
53 898
572 867
813 309
831 508
401 973
