100 2
386 705
798 107
28 176
962 445
498 549
3 497
813 309
895 878
125 50
746 496
489 373
243 877
239 988
493 376
154 652
487 330
672 633
489 802
874 204
572 867
981 753
201 281
945 1
181 670
843 155
442 628
882 155
47 171
256 794
737 380
831 508
139 719
690 934
56 902
981 334
682 763
151 92
782 39
651 511
928 789
249 362
401 973
314 565
12 557
609 188
985 103
804 357
482 88
659 56
356 792
980 28
292 647
690 960
39 221
730 274
679 135
608 555
506 612
709 622
493 691
456 758
74 595
104 37
542 654
53 898
108 934
771 314
715 982
551 301
409 390
573 648
434 956
351 534
246 79
568 977
307 93
435 780
953 406
292 160
373 821
997 937
710 848
88 276
358 675
150 474
202 18
295 782
68 375
585 42
150 878
387 272
165 984
770 553
454 401
96 455
917 977
314 813
837 400
908 989
846 97
