100 2
487 330
690 934
715 982
493 376
358 675
314 565
682 763
435 780
573 648
56 902
295 782
843 155
96 455
679 135
165 984
908 989
672 633
434 956
782 39
249 362
895 878
292 647
709 622
985 103
314 813
454 401
243 877
139 719
150 474
68 375
387 272
489 373
981 334
181 670
928 789
608 555
12 557
53 898
953 406
770 553
945 1
39 221
239 988
710 848
981 753
104 37
551 301
409 390
201 281
47 171
3 497
506 612
804 357
962 445
74 595
489 802
572 867
498 549
246 79
108 934
997 937
609 188
980 28
256 794
307 93
771 314
373 821
874 204
659 56
917 977
542 654
568 977
292 160
442 628
125 50
651 511
798 107
837 400
202 18
730 274
151 92
737 380
846 97
482 88
401 973
456 758
690 960
813 309
831 508
28 176
356 792
493 691
585 42
386 705
150 878
88 276
882 155
746 496
351 534
154 652
