100 2
292 647
125 50
770 553
843 155
831 508
150 878
771 314
401 973
659 56
104 37
895 878
239 988
28 176
846 97
985 103
489 373
181 670
585 42
917 977
493 376
256 794
3 497
314 565
928 789
295 782
314 813
39 221
980 28
165 984
454 401
12 557
609 188
997 937
373 821
837 400
150 474
151 92
962 445
953 406
710 848
387 272
542 654
56 902
456 758
506 612
493 691
88 276
651 511
139 719
572 867
435 780
498 549
489 802
68 375
690 960
249 362
47 171
96 455
882 155
243 877
679 135
292 160
108 934
201 281
409 390
709 622
672 633
386 705
908 989
715 982
154 652
981 753
487 330
568 977
202 18
74 595
782 39
682 763
737 380
945 1
874 204
981 334
813 309
53 898
246 79
690 934
351 534
358 675
730 274
551 301
307 93
573 648
434 956
442 628
356 792
482 88
746 496
608 555
798 107
804 357
