100 2
679 135
150 878
895 878
489 373
746 496
882 155
651 511
351 534
246 79
493 376
572 867
202 18
659 56
356 792
88 276
771 314
409 390
165 984
96 455
813 309
482 88
980 28
843 155
608 555
151 92
908 989
737 380
201 281
962 445
874 204
256 794
456 758
489 802
804 357
386 705
243 877
609 188
74 595
981 334
442 628
249 362
798 107
709 622
68 375
846 97
730 274
454 401
487 330
125 50
672 633
831 508
493 691
542 654
917 977
150 474
314 565
568 977
435 780
506 612
985 103
39 221
585 42
292 160
53 898
108 934
139 719
782 39
3 497
710 848
154 652
573 648
181 670
551 301
928 789
28 176
387 272
837 400
770 553
434 956
953 406
358 675
690 960
498 549
56 902
292 647
314 813
239 988
307 93
12 557
401 973
981 753
47 171
690 934
682 763
373 821
997 937
295 782
945 1
715 982
104 37
