100 2
837 400
246 79
608 555
710 848
434 956
151 92
945 1
651 511
572 867
104 37
96 455
68 375
962 445
798 107
730 274
12 557
737 380
295 782
3 497
88 276
202 18
771 314
489 373
690 934
351 534
307 93
125 50
314 565
980 28
150 474
846 97
917 977
154 652
442 628
568 977
47 171
456 758
358 675
482 88
573 648
387 272
715 982
985 103
672 633
108 934
551 301
908 989
882 155
409 390
690 960
373 821
770 553
831 508
493 691
487 330
401 973
39 221
53 898
782 39
981 753
804 357
659 56
746 496
498 549
201 281
292 647
74 595
506 612
435 780
953 406
709 622
165 984
292 160
981 334
386 705
239 988
874 204
28 176
679 135
493 376
895 878
813 309
454 401
181 670
489 802
928 789
249 362
256 794
139 719
314 813
585 42
243 877
997 937
56 902
843 155
682 763
356 792
542 654
609 188
150 878
