100 2
489 373
981 753
401 973
682 763
487 330
895 878
434 956
239 988
125 50
981 334
295 782
608 555
782 39
659 56
28 176
798 107
307 93
246 79
151 92
104 37
482 88
846 97
498 549
985 103
672 633
53 898
314 565
837 400
690 934
573 648
804 357
442 628
139 719
737 380
980 28
387 272
962 445
710 848
551 301
47 171
249 362
730 274
690 960
12 557
874 204
68 375
997 937
746 496
493 376
74 595
609 188
56 902
150 474
373 821
585 42
435 780
953 406
831 508
351 534
314 813
356 792
813 309
292 647
679 135
945 1
181 670
651 511
96 455
3 497
108 934
150 878
165 984
202 18
908 989
386 705
493 691
88 276
770 553
358 675
542 654
771 314
506 612
882 155
454 401
928 789
39 221
568 977
489 802
243 877
154 652
917 977
256 794
715 982
409 390
572 867
843 155
456 758
292 160
201 281
709 622
