100 2
928 789
74 595
454 401
837 400
489 802
482 88
442 628
651 511
953 406
585 42
104 37
150 474
782 39
239 988
68 375
151 92
609 188
846 97
981 334
945 1
804 357
307 93
730 274
737 380
573 648
387 272
3 497
356 792
358 675
47 171
487 330
39 221
386 705
746 496
56 902
489 373
679 135
165 984
139 719
154 652
498 549
771 314
456 758
980 28
710 848
201 281
813 309
409 390
150 878
874 204
246 79
401 973
256 794
542 654
709 622
917 977
243 877
908 989
249 362
843 155
373 821
985 103
108 934
997 937
981 753
568 977
798 107
292 160
690 960
690 934
12 557
292 647
608 555
659 56
435 780
314 565
506 612
28 176
295 782
125 50
572 867
895 878
314 813
202 18
962 445
88 276
882 155
493 376
351 534
715 982
672 633
434 956
682 763
181 670
53 898
551 301
96 455
770 553
493 691
831 508
