100 2
181 670
409 390
568 977
401 973
837 400
295 782
804 357
28 176
679 135
573 648
908 989
53 898
442 628
246 79
150 878
292 160
373 821
292 647
980 28
771 314
928 789
709 622
435 780
104 37
551 301
387 272
962 445
659 56
482 88
798 107
239 988
88 276
489 373
356 792
314 565
651 511
813 309
307 93
585 42
782 39
3 497
151 92
985 103
74 595
154 652
249 362
846 97
108 934
843 155
917 977
434 956
165 984
981 753
997 937
493 376
493 691
358 675
498 549
96 455
672 633
125 50
139 719
945 1
981 334
202 18
746 496
882 155
386 705
47 171
489 802
542 654
454 401
39 221
715 982
690 934
572 867
256 794
56 902
314 813
506 612
730 274
609 188
953 406
150 474
874 204
682 763
68 375
710 848
831 508
12 557
690 960
737 380
201 281
608 555
895 878
456 758
351 534
243 877
487 330
770 553
