100 2
804 357
962 445
125 50
682 763
690 960
715 982
139 719
945 1
487 330
771 314
243 877
737 380
351 534
917 977
498 549
482 88
730 274
882 155
672 633
201 281
74 595
568 977
953 406
709 622
39 221
442 628
493 376
572 867
710 848
28 176
292 160
997 937
551 301
96 455
165 984
239 988
56 902
154 652
454 401
88 276
246 79
782 39
307 93
489 802
356 792
314 565
690 934
895 878
456 758
202 18
985 103
837 400
874 204
181 670
846 97
292 647
798 107
608 555
47 171
908 989
659 56
401 973
435 780
746 496
573 648
651 511
295 782
12 557
256 794
108 934
506 612
150 878
358 675
928 789
104 37
981 334
770 553
981 753
68 375
249 362
679 135
3 497
53 898
493 691
585 42
980 28
373 821
813 309
409 390
843 155
386 705
542 654
609 188
150 474
831 508
489 373
387 272
151 92
434 956
314 813
