100 2
434 956
409 390
386 705
307 93
442 628
39 221
690 934
292 647
358 675
746 496
435 780
608 555
239 988
551 301
908 989
843 155
356 792
487 330
980 28
506 612
804 357
837 400
295 782
201 281
489 802
498 549
12 557
730 274
568 977
150 474
53 898
846 97
373 821
104 37
542 654
985 103
68 375
314 565
314 813
96 455
572 867
997 937
609 188
981 334
831 508
710 848
139 719
945 1
782 39
387 272
672 633
47 171
953 406
928 789
401 973
165 984
489 373
659 56
895 878
246 79
585 42
573 648
874 204
882 155
454 401
181 670
3 497
770 553
154 652
256 794
88 276
798 107
981 753
813 309
151 92
679 135
715 982
108 934
74 595
690 960
917 977
493 691
243 877
771 314
351 534
493 376
28 176
456 758
125 50
150 878
682 763
292 160
709 622
482 88
962 445
202 18
249 362
651 511
737 380
56 902
