100 2
710 848
679 135
154 652
770 553
542 654
28 176
201 281
846 97
3 497
690 934
882 155
139 719
358 675
506 612
837 400
609 188
373 821
442 628
39 221
47 171
709 622
962 445
980 28
771 314
573 648
985 103
493 376
434 956
387 272
108 934
88 276
672 633
314 813
945 1
454 401
585 42
928 789
314 565
568 977
151 92
53 898
386 705
482 88
498 549
831 508
981 334
435 780
715 982
682 763
165 984
953 406
292 160
181 670
746 496
798 107
256 794
249 362
292 647
12 557
401 973
895 878
456 758
150 474
608 555
981 753
243 877
843 155
782 39
908 989
659 56
737 380
295 782
572 867
489 373
690 960
489 802
104 37
874 204
239 988
56 902
651 511
96 455
307 93
551 301
74 595
246 79
997 937
730 274
804 357
813 309
487 330
68 375
202 18
351 534
917 977
409 390
356 792
150 878
125 50
493 691
