100 2
96 455
487 330
746 496
962 445
837 400
730 274
239 988
314 565
573 648
314 813
104 37
874 204
542 654
682 763
482 88
249 362
442 628
846 97
953 406
246 79
709 622
551 301
659 56
980 28
56 902
435 780
798 107
782 39
386 705
672 633
256 794
39 221
608 555
690 934
981 334
434 956
609 188
151 92
489 373
74 595
373 821
715 982
47 171
997 937
493 691
356 792
770 553
985 103
928 789
690 960
3 497
737 380
493 376
771 314
387 272
498 549
165 984
201 281
813 309
295 782
710 848
585 42
139 719
506 612
882 155
181 670
568 977
651 511
351 534
572 867
125 50
401 973
456 758
307 93
292 160
489 802
292 647
108 934
88 276
202 18
908 989
804 357
895 878
831 508
981 753
28 176
409 390
243 877
68 375
358 675
150 878
917 977
679 135
150 474
12 557
945 1
53 898
154 652
454 401
843 155
