100 2
962 445
981 753
608 555
980 28
246 79
154 652
387 272
151 92
314 565
292 647
981 334
679 135
782 39
409 390
53 898
435 780
150 878
690 960
3 497
837 400
489 802
551 301
125 50
945 1
846 97
47 171
746 496
249 362
572 867
771 314
243 877
895 878
715 982
651 511
813 309
542 654
401 973
202 18
659 56
568 977
917 977
307 93
487 330
74 595
108 934
104 37
489 373
165 984
292 160
908 989
68 375
96 455
874 204
139 719
690 934
28 176
737 380
882 155
88 276
953 406
493 376
201 281
239 988
351 534
798 107
710 848
456 758
482 88
181 670
356 792
709 622
39 221
56 902
434 956
609 188
804 357
928 789
498 549
573 648
682 763
373 821
358 675
150 474
997 937
672 633
295 782
843 155
585 42
770 553
442 628
314 813
386 705
985 103
12 557
493 691
730 274
831 508
454 401
256 794
506 612
