100 2
201 281
482 88
837 400
125 50
506 612
249 362
608 555
246 79
659 56
358 675
28 176
435 780
493 691
551 301
980 28
12 557
997 937
715 982
56 902
846 97
489 373
679 135
151 92
843 155
356 792
542 654
3 497
401 973
202 18
945 1
985 103
730 274
895 878
154 652
96 455
813 309
672 633
434 956
307 93
798 107
165 984
962 445
150 878
831 508
456 758
68 375
88 276
771 314
386 705
314 813
981 334
314 565
568 977
243 877
493 376
651 511
74 595
256 794
47 171
682 763
498 549
139 719
874 204
351 534
690 960
150 474
409 390
746 496
981 753
292 647
487 330
709 622
908 989
737 380
387 272
782 39
573 648
572 867
953 406
292 160
39 221
489 802
917 977
181 670
690 934
295 782
104 37
928 789
770 553
239 988
454 401
804 357
609 188
373 821
53 898
585 42
710 848
882 155
442 628
108 934
