100 2
782 39
104 37
292 160
895 878
945 1
908 989
108 934
572 867
139 719
498 549
386 705
243 877
88 276
609 188
506 612
307 93
151 92
493 691
813 309
997 937
709 622
154 652
710 848
917 977
96 455
150 878
125 50
980 28
442 628
981 334
435 780
690 934
493 376
74 595
3 497
202 18
770 553
843 155
542 654
659 56
356 792
295 782
568 977
150 474
68 375
962 445
882 155
953 406
804 357
573 648
487 330
771 314
608 555
585 42
246 79
181 670
682 763
981 753
672 633
201 281
798 107
746 496
292 647
482 88
715 982
837 400
928 789
28 176
551 301
249 362
730 274
358 675
489 373
456 758
401 973
434 956
846 97
239 988
387 272
690 960
351 534
874 204
985 103
737 380
314 813
47 171
489 802
679 135
56 902
53 898
831 508
454 401
12 557
39 221
165 984
409 390
651 511
314 565
256 794
373 821
