100 2
715 982
387 272
798 107
249 362
53 898
151 92
771 314
874 204
435 780
981 334
980 28
572 867
487 330
804 357
409 390
202 18
908 989
737 380
489 373
125 50
813 309
489 802
356 792
39 221
3 497
434 956
74 595
456 758
108 934
981 753
442 628
292 160
953 406
165 984
96 455
962 445
659 56
690 934
651 511
68 375
573 648
482 88
985 103
782 39
181 670
746 496
709 622
401 973
831 508
895 878
386 705
88 276
672 633
679 135
150 474
243 877
493 691
239 988
139 719
690 960
506 612
542 654
770 553
12 557
585 42
609 188
292 647
373 821
928 789
104 37
997 937
47 171
710 848
568 977
28 176
493 376
358 675
882 155
945 1
307 93
314 813
154 652
351 534
256 794
843 155
314 565
682 763
917 977
498 549
454 401
608 555
551 301
295 782
201 281
150 878
730 274
246 79
56 902
846 97
837 400
