100 2
74 595
489 802
608 555
651 511
487 330
746 496
980 28
56 902
150 474
798 107
542 654
874 204
239 988
68 375
151 92
47 171
690 960
831 508
39 221
962 445
295 782
895 878
813 309
314 813
846 97
981 334
568 977
945 1
3 497
246 79
572 867
401 973
454 401
442 628
917 977
292 160
387 272
202 18
928 789
356 792
882 155
493 691
435 780
28 176
682 763
249 362
108 934
585 42
730 274
373 821
715 982
493 376
409 390
358 675
351 534
498 549
551 301
953 406
672 633
154 652
165 984
710 848
256 794
307 93
12 557
709 622
985 103
837 400
997 937
125 50
659 56
843 155
573 648
292 647
104 37
489 373
243 877
690 934
386 705
482 88
201 281
771 314
434 956
908 989
609 188
804 357
506 612
53 898
679 135
456 758
88 276
737 380
139 719
770 553
782 39
981 753
181 670
314 565
96 455
150 878
