100 2
573 648
292 647
387 272
542 654
151 92
679 135
493 376
585 42
659 56
434 956
482 88
771 314
813 309
386 705
980 28
246 79
39 221
945 1
568 977
150 474
307 93
572 867
709 622
962 445
351 534
139 719
953 406
489 373
730 274
843 155
489 802
292 160
295 782
456 758
981 334
908 989
498 549
104 37
154 652
53 898
243 877
651 511
239 988
202 18
314 565
47 171
672 633
435 780
895 878
493 691
804 357
997 937
487 330
608 555
609 188
882 155
874 204
442 628
710 848
506 612
28 176
125 50
314 813
88 276
56 902
373 821
770 553
356 792
68 375
551 301
928 789
249 362
782 39
201 281
715 982
737 380
181 670
3 497
798 107
917 977
409 390
682 763
74 595
401 973
837 400
12 557
981 753
358 675
831 508
165 984
846 97
690 934
108 934
985 103
746 496
256 794
96 455
150 878
690 960
454 401
