100 2
53 898
608 555
401 973
709 622
181 670
981 334
256 794
651 511
908 989
568 977
489 373
487 330
292 647
202 18
493 376
125 50
454 401
506 612
295 782
292 160
573 648
572 867
782 39
985 103
730 274
249 362
917 977
39 221
47 171
314 565
104 37
68 375
243 877
771 314
88 276
151 92
798 107
945 1
386 705
928 789
482 88
895 878
150 878
434 956
679 135
585 42
96 455
715 982
997 937
659 56
846 97
493 691
435 780
874 204
498 549
489 802
682 763
239 988
139 719
710 848
150 474
980 28
201 281
356 792
542 654
442 628
953 406
804 357
409 390
351 534
837 400
165 984
12 557
746 496
3 497
314 813
962 445
28 176
843 155
108 934
737 380
56 902
307 93
690 960
358 675
551 301
609 188
690 934
672 633
882 155
456 758
387 272
74 595
246 79
373 821
981 753
831 508
770 553
813 309
154 652
