100 2
798 107
12 557
804 357
770 553
985 103
96 455
74 595
609 188
435 780
373 821
551 301
314 813
239 988
154 652
401 973
874 204
150 474
47 171
710 848
68 375
782 39
307 93
585 42
151 92
165 984
125 50
409 390
351 534
771 314
568 977
572 867
442 628
150 878
139 719
709 622
202 18
730 274
434 956
292 647
746 496
181 670
981 753
962 445
690 934
358 675
843 155
482 88
506 612
831 508
715 982
39 221
493 691
608 555
28 176
243 877
493 376
917 977
498 549
53 898
837 400
882 155
679 135
3 497
908 989
895 878
104 37
88 276
682 763
981 334
953 406
489 373
573 648
651 511
356 792
672 633
108 934
246 79
846 97
997 937
659 56
292 160
489 802
386 705
256 794
295 782
201 281
387 272
314 565
456 758
454 401
980 28
487 330
56 902
249 362
542 654
813 309
690 960
945 1
737 380
928 789
