100 2
568 977
798 107
895 878
980 28
882 155
295 782
28 176
53 898
782 39
307 93
47 171
356 792
201 281
846 97
3 497
908 989
659 56
154 652
373 821
442 628
401 973
56 902
730 274
150 474
874 204
108 934
715 982
239 988
709 622
74 595
434 956
985 103
150 878
813 309
314 813
246 79
292 160
710 848
690 934
409 390
387 272
679 135
243 877
482 88
928 789
837 400
493 376
489 373
843 155
88 276
551 301
672 633
771 314
456 758
770 553
981 334
651 511
609 188
256 794
493 691
608 555
542 654
572 867
682 763
292 647
454 401
487 330
573 648
12 557
945 1
997 937
953 406
104 37
917 977
96 455
386 705
202 18
181 670
831 508
68 375
139 719
746 496
39 221
489 802
125 50
962 445
981 753
249 362
585 42
165 984
314 565
498 549
435 780
351 534
804 357
151 92
737 380
358 675
690 960
506 612
