100 2
962 445
493 376
401 973
435 780
314 813
737 380
506 612
150 474
151 92
874 204
542 654
487 330
246 79
434 956
53 898
56 902
609 188
489 373
454 401
682 763
249 362
804 357
3 497
679 135
47 171
489 802
68 375
88 276
908 989
771 314
356 792
651 511
314 565
482 88
770 553
181 670
568 977
307 93
846 97
572 867
985 103
28 176
104 37
74 595
292 160
709 622
945 1
256 794
201 281
150 878
456 758
351 534
239 988
551 301
409 390
710 848
39 221
573 648
782 39
125 50
585 42
928 789
493 691
292 647
202 18
837 400
108 934
243 877
358 675
981 753
798 107
831 508
154 652
373 821
813 309
442 628
139 719
980 28
498 549
165 984
882 155
672 633
295 782
690 960
730 274
386 705
715 982
12 557
690 934
953 406
843 155
997 937
981 334
917 977
895 878
746 496
96 455
387 272
608 555
659 56
