100 2
945 1
908 989
715 982
498 549
895 878
506 612
56 902
181 670
150 878
489 373
659 56
351 534
409 390
798 107
256 794
47 171
202 18
608 555
981 334
74 595
373 821
386 705
489 802
292 160
434 956
609 188
125 50
813 309
551 301
96 455
487 330
882 155
874 204
139 719
837 400
493 691
454 401
12 557
358 675
356 792
679 135
88 276
572 867
928 789
314 813
804 357
682 763
493 376
307 93
165 984
710 848
401 973
985 103
68 375
746 496
997 937
314 565
730 274
201 281
782 39
980 28
770 553
962 445
295 782
28 176
456 758
690 960
568 977
150 474
917 977
442 628
651 511
154 652
573 648
387 272
709 622
846 97
39 221
690 934
239 988
953 406
3 497
435 780
482 88
292 647
771 314
585 42
981 753
249 362
831 508
104 37
542 654
53 898
151 92
672 633
246 79
737 380
243 877
843 155
108 934
