100 2
917 977
489 802
609 188
710 848
690 934
908 989
771 314
409 390
981 753
150 474
456 758
151 92
39 221
53 898
895 878
715 982
434 956
487 330
358 675
239 988
356 792
690 960
373 821
843 155
542 654
201 281
997 937
804 357
837 400
47 171
659 56
56 902
292 160
165 984
386 705
387 272
551 301
314 565
243 877
770 553
454 401
181 670
28 176
401 973
3 497
154 652
292 647
351 534
498 549
672 633
493 691
953 406
572 867
831 508
962 445
249 362
709 622
493 376
980 28
730 274
874 204
608 555
651 511
882 155
568 977
12 557
68 375
96 455
125 50
746 496
782 39
682 763
295 782
482 88
928 789
202 18
813 309
139 719
104 37
108 934
846 97
573 648
945 1
88 276
798 107
314 813
489 373
679 135
256 794
506 612
442 628
150 878
74 595
246 79
985 103
737 380
307 93
981 334
585 42
435 780
