100 2
980 28
981 334
243 877
831 508
715 982
3 497
542 654
874 204
307 93
56 902
139 719
659 56
804 357
373 821
108 934
962 445
39 221
489 373
953 406
181 670
843 155
846 97
493 376
690 934
493 691
945 1
104 37
28 176
12 557
442 628
246 79
482 88
690 960
295 782
498 549
746 496
609 188
895 878
487 330
489 802
88 276
997 937
96 455
928 789
981 753
292 160
239 988
456 758
679 135
165 984
837 400
782 39
151 92
358 675
150 878
710 848
798 107
154 652
249 362
68 375
813 309
314 565
125 50
386 705
672 633
709 622
771 314
572 867
585 42
387 272
53 898
985 103
551 301
409 390
917 977
401 973
730 274
74 595
608 555
314 813
201 281
568 977
351 534
150 474
682 763
506 612
434 956
292 647
908 989
454 401
651 511
573 648
882 155
47 171
770 553
202 18
256 794
356 792
737 380
435 780
