100 2
962 445
568 977
804 357
150 474
181 670
482 88
672 633
609 188
690 960
746 496
981 334
401 973
737 380
358 675
843 155
39 221
487 330
493 691
782 39
104 37
837 400
710 848
798 107
679 135
651 511
928 789
356 792
917 977
314 565
307 93
985 103
47 171
88 276
151 92
585 42
489 373
573 648
256 794
154 652
608 555
813 309
498 549
846 97
771 314
53 898
28 176
730 274
493 376
715 982
953 406
409 390
373 821
387 272
542 654
201 281
202 18
981 753
770 553
980 28
139 719
351 534
874 204
997 937
456 758
454 401
682 763
434 956
3 497
831 508
125 50
249 362
435 780
12 557
551 301
314 813
243 877
295 782
908 989
74 595
709 622
150 878
165 984
882 155
506 612
96 455
659 56
246 79
68 375
56 902
945 1
239 988
442 628
292 160
572 867
895 878
108 934
489 802
386 705
292 647
690 934
