100 2
454 401
874 204
386 705
435 780
682 763
997 937
782 39
239 988
139 719
928 789
487 330
358 675
608 555
456 758
746 496
108 934
493 376
88 276
985 103
843 155
292 160
981 753
56 902
831 508
981 334
201 281
882 155
493 691
572 867
737 380
243 877
387 272
917 977
804 357
962 445
409 390
295 782
585 42
125 50
482 88
945 1
542 654
837 400
710 848
442 628
150 878
908 989
104 37
679 135
506 612
351 534
249 362
165 984
39 221
3 497
609 188
813 309
953 406
256 794
74 595
895 878
307 93
12 557
489 373
709 622
651 511
356 792
659 56
690 960
568 977
314 565
770 553
771 314
434 956
846 97
47 171
68 375
246 79
96 455
28 176
730 274
573 648
314 813
150 474
53 898
151 92
292 647
489 802
181 670
798 107
202 18
154 652
690 934
373 821
715 982
498 549
551 301
672 633
980 28
401 973
