100 2
88 276
239 988
454 401
981 334
202 18
295 782
434 956
12 557
139 719
96 455
3 497
409 390
358 675
831 508
837 400
56 902
573 648
435 780
585 42
730 274
659 56
246 79
962 445
181 670
150 474
68 375
307 93
456 758
679 135
201 281
651 511
373 821
314 565
39 221
154 652
47 171
882 155
292 160
108 934
917 977
715 982
690 934
256 794
125 50
506 612
572 867
953 406
843 155
487 330
387 272
813 309
846 97
386 705
493 376
782 39
804 357
498 549
74 595
489 802
945 1
104 37
709 622
568 977
442 628
710 848
28 176
249 362
928 789
243 877
356 792
682 763
874 204
908 989
737 380
770 553
401 973
997 937
489 373
493 691
314 813
980 28
165 984
151 92
351 534
53 898
985 103
895 878
551 301
482 88
608 555
609 188
690 960
981 753
542 654
798 107
746 496
672 633
150 878
292 647
771 314
