100 2
243 877
454 401
74 595
493 691
125 50
12 557
928 789
88 276
782 39
314 565
39 221
813 309
895 878
434 956
456 758
150 474
874 204
489 802
710 848
68 375
542 654
387 272
249 362
295 782
672 633
47 171
104 37
202 18
730 274
489 373
358 675
506 612
551 301
609 188
351 534
96 455
953 406
608 555
997 937
493 376
843 155
165 984
679 135
28 176
246 79
56 902
239 988
409 390
256 794
798 107
945 1
573 648
292 647
181 670
837 400
651 511
709 622
201 281
151 92
682 763
568 977
737 380
292 160
487 330
981 753
356 792
498 549
908 989
150 878
401 973
882 155
962 445
804 357
690 934
981 334
307 93
980 28
831 508
690 960
917 977
442 628
585 42
139 719
53 898
108 934
715 982
770 553
659 56
435 780
314 813
771 314
572 867
373 821
3 497
846 97
746 496
386 705
154 652
482 88
985 103
