100 2
104 37
945 1
387 272
585 42
542 654
386 705
28 176
493 376
181 670
489 373
489 802
373 821
682 763
56 902
12 557
150 474
96 455
874 204
498 549
68 375
314 565
506 612
953 406
151 92
482 88
846 97
831 508
356 792
351 534
981 753
47 171
493 691
813 309
715 982
798 107
804 357
295 782
882 155
435 780
709 622
487 330
239 988
573 648
690 960
771 314
962 445
843 155
314 813
125 50
243 877
442 628
737 380
981 334
917 977
895 878
249 362
980 28
608 555
572 867
837 400
154 652
997 937
307 93
928 789
690 934
292 647
202 18
256 794
201 281
659 56
108 934
672 633
88 276
39 221
730 274
746 496
401 973
710 848
74 595
246 79
985 103
568 977
609 188
679 135
139 719
165 984
434 956
454 401
358 675
53 898
770 553
551 301
150 878
782 39
292 160
409 390
651 511
908 989
456 758
3 497
