100 2
928 789
804 357
47 171
39 221
908 989
981 334
770 553
690 934
104 37
980 28
659 56
56 902
442 628
572 867
985 103
435 780
498 549
493 691
482 88
573 648
831 508
150 474
68 375
150 878
771 314
154 652
401 973
256 794
434 956
96 455
997 937
917 977
409 390
962 445
487 330
239 988
609 188
139 719
813 309
542 654
679 135
165 984
608 555
798 107
746 496
843 155
945 1
456 758
489 802
3 497
292 160
882 155
74 595
715 982
710 848
151 92
837 400
568 977
672 633
981 753
358 675
307 93
386 705
651 511
12 557
489 373
506 612
782 39
314 565
953 406
690 960
28 176
53 898
493 376
202 18
351 534
108 934
88 276
454 401
730 274
682 763
874 204
709 622
249 362
314 813
585 42
356 792
895 878
373 821
125 50
551 301
387 272
846 97
246 79
243 877
201 281
181 670
295 782
292 647
737 380
