100 2
454 401
568 977
542 654
358 675
292 647
68 375
895 878
672 633
88 276
715 982
435 780
928 789
962 445
487 330
482 88
351 534
782 39
356 792
746 496
709 622
682 763
96 455
493 691
314 565
151 92
493 376
401 973
165 984
690 960
456 758
104 37
981 334
434 956
985 103
651 511
47 171
256 794
243 877
154 652
3 497
846 97
585 42
108 934
770 553
843 155
139 719
489 802
798 107
659 56
981 753
498 549
387 272
239 988
737 380
917 977
837 400
997 937
202 18
609 188
181 670
813 309
74 595
125 50
314 813
373 821
572 867
201 281
246 79
28 176
882 155
551 301
53 898
489 373
679 135
608 555
945 1
249 362
292 160
150 474
831 508
386 705
56 902
730 274
690 934
953 406
710 848
295 782
39 221
506 612
12 557
804 357
874 204
307 93
442 628
980 28
409 390
908 989
771 314
573 648
150 878
