100 2
246 79
709 622
609 188
843 155
690 960
542 654
659 56
997 937
387 272
292 160
454 401
568 977
498 549
980 28
813 309
493 376
201 281
74 595
56 902
356 792
39 221
125 50
730 274
307 93
150 474
981 753
401 973
737 380
239 988
292 647
585 42
874 204
770 553
358 675
154 652
314 813
243 877
831 508
928 789
435 780
442 628
782 39
837 400
351 534
165 984
981 334
482 88
295 782
715 982
651 511
12 557
908 989
945 1
151 92
710 848
798 107
96 455
551 301
150 878
573 648
202 18
953 406
409 390
181 670
249 362
256 794
314 565
108 934
104 37
882 155
572 867
679 135
386 705
895 878
985 103
771 314
487 330
88 276
489 373
139 719
804 357
506 612
672 633
68 375
608 555
373 821
917 977
3 497
962 445
53 898
846 97
746 496
690 934
47 171
456 758
682 763
28 176
493 691
489 802
434 956
