100 2
672 633
985 103
980 28
165 984
256 794
351 534
292 647
239 988
804 357
386 705
358 675
953 406
456 758
908 989
651 511
68 375
746 496
962 445
609 188
997 937
295 782
551 301
715 982
489 802
88 276
314 565
659 56
314 813
108 934
201 281
813 309
573 648
690 934
387 272
307 93
487 330
981 334
53 898
572 867
243 877
47 171
249 362
454 401
506 612
798 107
843 155
493 376
3 497
125 50
679 135
874 204
846 97
498 549
737 380
74 595
39 221
373 821
608 555
202 18
434 956
150 474
895 878
356 792
945 1
710 848
682 763
493 691
981 753
770 553
489 373
56 902
292 160
917 977
28 176
782 39
435 780
542 654
730 274
482 88
882 155
401 973
831 508
154 652
709 622
690 960
150 878
181 670
442 628
96 455
837 400
151 92
409 390
771 314
12 557
139 719
928 789
585 42
246 79
104 37
568 977
