100 2
351 534
53 898
307 93
256 794
39 221
74 595
386 705
962 445
710 848
139 719
68 375
202 18
104 37
108 934
953 406
150 878
908 989
314 565
737 380
679 135
12 557
487 330
150 474
813 309
246 79
154 652
489 802
401 973
493 376
568 977
798 107
997 937
804 357
3 497
608 555
771 314
295 782
715 982
690 934
292 160
56 902
651 511
125 50
151 92
730 274
442 628
243 877
585 42
843 155
454 401
709 622
981 334
542 654
928 789
47 171
573 648
314 813
435 780
373 821
609 188
201 281
782 39
572 867
659 56
356 792
387 272
690 960
482 88
96 455
239 988
506 612
874 204
28 176
985 103
165 984
551 301
981 753
493 691
409 390
358 675
489 373
882 155
917 977
88 276
746 496
837 400
980 28
292 647
456 758
831 508
682 763
249 362
181 670
846 97
434 956
770 553
498 549
945 1
672 633
895 878
