100 2
386 705
672 633
493 691
56 902
295 782
928 789
307 93
730 274
498 549
837 400
239 988
456 758
908 989
292 160
435 780
542 654
551 301
679 135
387 272
442 628
487 330
506 612
585 42
651 511
139 719
351 534
608 555
256 794
356 792
682 763
771 314
953 406
202 18
782 39
482 88
96 455
434 956
981 753
709 622
150 878
154 652
74 595
39 221
68 375
690 960
659 56
980 28
573 648
798 107
53 898
895 878
831 508
710 848
804 357
874 204
690 934
201 281
454 401
88 276
165 984
813 309
243 877
917 977
493 376
981 334
568 977
409 390
737 380
314 813
962 445
746 496
945 1
125 50
715 982
246 79
997 937
846 97
314 565
47 171
292 647
358 675
489 802
150 474
151 92
770 553
181 670
843 155
609 188
373 821
3 497
104 37
882 155
489 373
401 973
985 103
12 557
108 934
249 362
28 176
572 867
