100 2
39 221
3 497
28 176
150 474
292 160
489 373
12 557
487 330
682 763
456 758
985 103
746 496
139 719
151 92
409 390
551 301
96 455
243 877
356 792
401 973
572 867
292 647
53 898
493 691
256 794
506 612
154 652
454 401
246 79
435 780
181 670
125 50
690 960
798 107
47 171
730 274
386 705
997 937
908 989
295 782
108 934
874 204
150 878
837 400
981 334
737 380
782 39
314 813
201 281
249 362
542 654
895 878
843 155
962 445
846 97
74 595
882 155
56 902
917 977
573 648
387 272
831 508
608 555
980 28
804 357
771 314
68 375
651 511
659 56
813 309
239 988
679 135
609 188
489 802
88 276
307 93
358 675
442 628
710 848
770 553
928 789
715 982
493 376
945 1
104 37
709 622
482 88
351 534
434 956
498 549
585 42
953 406
690 934
568 977
202 18
314 565
672 633
373 821
165 984
981 753
