100 2
874 204
542 654
981 334
88 276
104 37
387 272
831 508
585 42
139 719
409 390
493 691
908 989
846 97
12 557
165 984
249 362
454 401
487 330
292 160
690 960
690 934
493 376
456 758
659 56
608 555
551 301
181 670
679 135
386 705
710 848
782 39
895 878
96 455
498 549
239 988
506 612
401 973
68 375
56 902
482 88
28 176
74 595
108 934
358 675
292 647
39 221
356 792
3 497
837 400
928 789
373 821
981 753
150 474
985 103
682 763
813 309
771 314
202 18
201 281
150 878
53 898
962 445
953 406
351 534
489 802
314 565
154 652
798 107
997 937
843 155
246 79
730 274
945 1
917 977
307 93
672 633
295 782
882 155
770 553
609 188
651 511
47 171
737 380
573 648
804 357
314 813
434 956
709 622
442 628
568 977
489 373
256 794
980 28
435 780
715 982
125 50
151 92
243 877
572 867
746 496
