100 2
104 37
201 281
980 28
387 272
96 455
945 1
125 50
181 670
782 39
88 276
150 878
356 792
386 705
679 135
151 92
542 654
493 376
746 496
442 628
249 362
737 380
314 813
154 652
953 406
498 549
68 375
928 789
292 647
715 982
730 274
53 898
295 782
609 188
489 802
493 691
813 309
506 612
243 877
165 984
917 977
401 973
12 557
358 675
314 565
56 902
672 633
770 553
710 848
307 93
202 18
585 42
139 719
487 330
108 934
682 763
997 937
351 534
690 934
573 648
482 88
804 357
434 956
409 390
962 445
981 334
489 373
256 794
28 176
150 474
551 301
3 497
771 314
568 977
572 867
831 508
690 960
454 401
608 555
246 79
373 821
435 780
981 753
39 221
895 878
837 400
985 103
74 595
651 511
239 988
798 107
908 989
874 204
47 171
846 97
456 758
709 622
882 155
843 155
292 160
659 56
